1 86.28286
2 71.963554
3 103.85385
4 29.545256
5 19.96154
6 30.66069
7 47.252132
8 219.0
9 0.0
10 0.0
11 0.0
12 41.698025
13 56.2191
14 65.81905
15 75.73607
16 174.61508
17 50.75681
18 0.0
19 144.58435
20 50.525776
21 207.5267
22 28.823868
23 219.0
24 9.067942
25 83.19854
26 0.0
27 39.98363
28 0.0
29 167.50749
30 31.503292
31 45.265553
32 0.0
33 131.47682
34 98.77626
35 49.581383
36 0.0
37 0.0
38 32.98461
39 10.627328
40 41.486332
41 0.0
42 191.42259
43 11.912383
44 219.0
45 98.53874
46 0.0
47 98.28378
48 3.4533358
49 114.61569
50 31.734085
51 123.73589
52 107.45772
53 29.530367
54 12.431026
55 2.3717735
56 0.0
57 36.139175
58 132.00584
59 60.367195
60 14.554196
61 39.283005
62 38.441875
63 0.0
64 0.0
65 0.0
66 36.219585
67 31.934004
68 0.13658166
69 169.93187
70 35.576828
71 158.22163
72 104.73824
73 44.12316
74 39.737526
75 0.0
76 20.838356
77 82.28743
78 21.810816
79 10.65145
80 52.780975
81 0.0
82 0.0
83 219.0
84 0.0
85 0.0
86 46.0509
87 0.0
88 116.541466
89 38.719795
90 34.10544
91 0.0
92 57.059326
93 0.0
94 236.134
95 134.82977
96 80.93209
97 48.3195
98 24.112057
99 13.590293
100 26.76973
101 236.134
102 219.0
103 219.0
104 219.0
105 219.0
106 207.5267
107 191.42259
108 174.61508
109 169.93187
110 167.50749
111 158.22163
112 144.58435
113 134.82977
114 132.00584
115 131.47682
116 123.73589
117 116.541466
118 114.61569
119 107.45772
120 104.73824
121 103.85385
122 98.77626
123 98.53874
124 98.28378
125 86.28286
126 83.19854
127 82.28743
128 80.93209
129 75.73607
130 71.963554
131 65.81905
132 60.367195
133 57.059326
134 56.2191
135 52.780975
136 50.75681
137 50.525776
138 49.581383
139 48.3195
140 47.252132
141 46.0509
142 45.265553
143 44.12316
144 41.698025
145 41.486332
146 39.98363
147 39.737526
148 39.283005
149 38.719795
150 38.441875
151 135.90842
152 39.489555
153 94.39042
154 0.0
155 178.71982
156 45.944027
157 31.4
158 0.0
159 31.208569
160 128.70203
161 40.82759
162 170.24837
163 131.38692
164 127.446
165 14.629961
166 170.41261
167 47.110806
168 0.8943629
169 71.32187
170 162.01259
171 114.75579
172 77.41806
173 104.08818
174 235.0
175 23.205208
176 69.44172
177 137.0196
178 36.41852
179 17.415085
180 67.22066
181 18.553562
182 0.0
183 0.0
184 44.47344
185 44.131554
186 0.0
187 25.083172
188 31.934
189 124.411766
190 30.931997
191 24.314608
192 158.42044
193 49.4008
194 58.472717
195 27.892864
196 27.45171
197 0.0
198 0.0
199 26.19535
200 127.130936
201 236.134
202 235.0
203 219.0
204 219.0
205 219.0
206 219.0
207 207.5267
208 191.42259
209 178.71982
210 174.61508
211 170.41261
212 170.24837
213 169.93187
214 167.50749
215 162.01259
216 158.42044
217 158.22163
218 144.58435
219 137.0196
220 135.90842
221 134.82977
222 132.00584
223 131.47682
224 131.38692
225 128.70203
226 127.446
227 127.130936
228 124.411766
229 123.73589
230 116.541466
231 114.75579
232 114.61569
233 107.45772
234 104.73824
235 104.08818
236 103.85385
237 98.77626
238 98.53874
239 98.28378
240 94.39042
241 86.28286
242 83.19854
243 82.28743
244 80.93209
245 77.41806
246 75.73607
247 71.963554
248 71.32187
249 69.44172
250 67.22066
251 219.0
252 0.0
253 39.489555
254 184.72456
255 177.6312
256 46.791416
257 60.205456
258 13.238906
259 47.815598
260 190.75075
261 118.65264
262 155.7553
263 198.80655
264 38.051445
265 118.06119
266 0.0
267 50.431007
268 101.3833
269 99.40727
270 166.68724
271 111.5145
272 35.349148
273 10.255322
274 204.31905
275 3.5360844
276 219.0
277 56.19908
278 22.249771
279 151.40993
280 0.0
281 31.16382
282 27.860065
283 55.217285
284 54.81274
285 89.48244
286 3.6781898
287 0.0
288 57.72348
289 0.0
290 20.385284
291 56.212303
292 15.664866
293 35.179825
294 49.372433
295 0.0
296 22.222424
297 103.63777
298 71.10276
299 26.856514
300 0.0
301 236.134
302 235.0
303 219.0
304 219.0
305 219.0
306 219.0
307 219.0
308 219.0
309 207.5267
310 204.31905
311 198.80655
312 191.42259
313 190.75075
314 184.72456
315 178.71982
316 177.6312
317 174.61508
318 170.41261
319 170.24837
320 169.93187
321 167.50749
322 166.68724
323 162.01259
324 158.42044
325 158.22163
326 155.7553
327 151.40993
328 144.58435
329 137.0196
330 135.90842
331 134.82977
332 132.00584
333 131.47682
334 131.38692
335 128.70203
336 127.446
337 127.130936
338 124.411766
339 123.73589
340 118.65264
341 118.06119
342 116.541466
343 114.75579
344 114.61569
345 111.5145
346 107.45772
347 104.73824
348 104.08818
349 103.85385
350 103.63777
351 43.35418
352 0.0
353 40.234386
354 203.11626
355 0.0
356 38.138615
357 219.0
358 0.0
359 158.52727
360 201.68198
361 174.14345
362 157.68315
363 78.76353
364 33.27393
365 15.537195
366 66.57404
367 219.0
368 155.9338
369 0.0
370 49.121063
371 77.59406
372 161.2313
373 51.575294
374 215.68123
375 79.748505
376 157.12749
377 1.154216
378 2.1846821
379 72.67718
380 27.054508
381 181.9174
382 81.39363
383 15.68338
384 78.055885
385 32.0
386 0.0
387 0.0
388 104.31238
389 61.419655
390 0.0
391 61.852535
392 62.97196
393 15.453236
394 24.042303
395 91.711205
396 19.69634
397 219.0
398 210.12166
399 13.256856
400 192.76093
401 236.134
402 235.0
403 219.0
404 219.0
405 219.0
406 219.0
407 219.0
408 219.0
409 219.0
410 219.0
411 219.0
412 215.68123
413 210.12166
414 207.5267
415 204.31905
416 203.11626
417 201.68198
418 198.80655
419 192.76093
420 191.42259
421 190.75075
422 184.72456
423 181.9174
424 178.71982
425 177.6312
426 174.61508
427 174.14345
428 170.41261
429 170.24837
430 169.93187
431 167.50749
432 166.68724
433 162.01259
434 161.2313
435 158.52727
436 158.42044
437 158.22163
438 157.68315
439 157.12749
440 155.9338
441 155.7553
442 151.40993
443 144.58435
444 137.0196
445 135.90842
446 134.82977
447 132.00584
448 131.47682
449 131.38692
450 128.70203
451 0.0
452 55.49185
453 44.311634
454 115.85662
455 139.92398
456 13.419721
457 315.0
458 76.72782
459 33.733997
460 219.0
461 97.84059
462 47.641716
463 155.80247
464 219.0
465 113.92708
466 147.5709
467 32.81447
468 111.99467
469 139.80817
470 34.033005
471 26.36029
472 113.14744
473 37.628014
474 19.91491
475 235.0
476 195.21968
477 129.00342
478 125.6191
479 219.0
480 67.87369
481 38.280407
482 14.440325
483 87.34955
484 129.08293
485 116.28141
486 22.466133
487 64.289604
488 110.66497
489 89.48837
490 201.2312
491 211.1564
492 144.72241
493 157.36444
494 49.824657
495 146.90686
496 124.717354
497 0.0
498 46.846962
499 57.517567
500 30.016518
501 315.0
502 236.134
503 235.0
504 235.0
505 219.0
506 219.0
507 219.0
508 219.0
509 219.0
510 219.0
511 219.0
512 219.0
513 219.0
514 219.0
515 219.0
516 219.0
517 215.68123
518 211.1564
519 210.12166
520 207.5267
521 204.31905
522 203.11626
523 201.68198
524 201.2312
525 198.80655
526 195.21968
527 192.76093
528 191.42259
529 190.75075
530 184.72456
531 181.9174
532 178.71982
533 177.6312
534 174.61508
535 174.14345
536 170.41261
537 170.24837
538 169.93187
539 167.50749
540 166.68724
541 162.01259
542 161.2313
543 158.52727
544 158.42044
545 158.22163
546 157.68315
547 157.36444
548 157.12749
549 155.9338
550 155.80247
551 235.0
552 167.62096
553 32.86857
554 3.7338166
555 202.21432
556 0.0
557 219.0
558 98.795906
559 175.12509
560 219.0
561 183.19269
562 94.018974
563 67.87372
564 71.40413
565 220.134
566 235.0
567 29.981667
568 113.00712
569 9.151765
570 31.569763
571 219.0
572 25.624775
573 219.0
574 218.43777
575 219.0
576 34.044647
577 35.88452
578 53.1849
579 56.149815
580 6.6146307
581 118.2597
582 219.0
583 28.298325
584 13.235864
585 188.29959
586 102.09119
587 196.97983
588 47.899746
589 0.0
590 0.0
591 61.748196
592 154.30475
593 69.140915
594 51.91281
595 0.0
596 150.08745
597 0.0
598 111.908936
599 49.73271
600 111.42313
601 315.0
602 236.134
603 235.0
604 235.0
605 235.0
606 235.0
607 220.134
608 219.0
609 219.0
610 219.0
611 219.0
612 219.0
613 219.0
614 219.0
615 219.0
616 219.0
617 219.0
618 219.0
619 219.0
620 219.0
621 219.0
622 219.0
623 219.0
624 219.0
625 219.0
626 218.43777
627 215.68123
628 211.1564
629 210.12166
630 207.5267
631 204.31905
632 203.11626
633 202.21432
634 201.68198
635 201.2312
636 198.80655
637 196.97983
638 195.21968
639 192.76093
640 191.42259
641 190.75075
642 188.29959
643 184.72456
644 183.19269
645 181.9174
646 178.71982
647 177.6312
648 175.12509
649 174.61508
650 174.14345
651 9.544038
652 23.08056
653 76.13384
654 219.0
655 0.0
656 219.0
657 43.037766
658 194.31197
659 161.8019
660 32.052277
661 71.90407
662 0.0
663 207.42096
664 219.0
665 0.0
666 120.91314
667 15.879679
668 32.310585
669 32.534
670 142.93752
671 219.0
672 219.0
673 13.923076
674 219.0
675 149.17422
676 90.49204
677 11.571331
678 0.0
679 0.0
680 138.65564
681 219.0
682 15.782304
683 49.3927
684 114.83534
685 219.0
686 33.473995
687 147.47427
688 142.1016
689 140.65724
690 93.07475
691 53.011326
692 55.552677
693 34.618515
694 34.196156
695 18.630707
696 35.690235
697 0.0
698 48.063408
699 235.0
700 157.6757
701 315.0
702 236.134
703 235.0
704 235.0
705 235.0
706 235.0
707 235.0
708 220.134
709 219.0
710 219.0
711 219.0
712 219.0
713 219.0
714 219.0
715 219.0
716 219.0
717 219.0
718 219.0
719 219.0
720 219.0
721 219.0
722 219.0
723 219.0
724 219.0
725 219.0
726 219.0
727 219.0
728 219.0
729 219.0
730 219.0
731 219.0
732 219.0
733 219.0
734 219.0
735 218.43777
736 215.68123
737 211.1564
738 210.12166
739 207.5267
740 207.42096
741 204.31905
742 203.11626
743 202.21432
744 201.68198
745 201.2312
746 198.80655
747 196.97983
748 195.21968
749 194.31197
750 192.76093
751 219.0
752 15.816945
753 78.87317
754 18.616371
755 235.0
756 175.31798
757 220.134
758 52.17303
759 114.56493
760 49.458218
761 25.833755
762 235.0
763 185.99303
764 26.486542
765 136.41588
766 219.0
767 219.0
768 171.49152
769 235.0
770 130.33229
771 40.099155
772 70.17876
773 26.0507
774 186.0822
775 25.810968
776 100.92287
777 27.587368
778 2.811177
779 122.9921
780 219.0
781 219.0
782 31.690157
783 82.54303
784 25.385366
785 219.0
786 38.008785
787 187.36108
788 132.80827
789 67.78698
790 211.74287
791 94.68779
792 13.916977
793 176.33263
794 8.6043625
795 150.92564
796 117.47368
797 11.03142
798 25.356108
799 0.0
800 219.0
801 315.0
802 236.134
803 235.0
804 235.0
805 235.0
806 235.0
807 235.0
808 235.0
809 235.0
810 235.0
811 220.134
812 220.134
813 219.0
814 219.0
815 219.0
816 219.0
817 219.0
818 219.0
819 219.0
820 219.0
821 219.0
822 219.0
823 219.0
824 219.0
825 219.0
826 219.0
827 219.0
828 219.0
829 219.0
830 219.0
831 219.0
832 219.0
833 219.0
834 219.0
835 219.0
836 219.0
837 219.0
838 219.0
839 219.0
840 219.0
841 219.0
842 219.0
843 219.0
844 219.0
845 219.0
846 218.43777
847 215.68123
848 211.74287
849 211.1564
850 210.12166
851 104.73805
852 219.0
853 3.492067
854 235.0
855 122.774086
856 218.4105
857 219.0
858 119.083916
859 97.35975
860 219.0
861 37.198483
862 219.0
863 170.3074
864 219.0
865 205.01799
866 92.86437
867 5.1865883
868 44.84847
869 196.34694
870 34.268
871 120.94914
872 181.77339
873 61.863007
874 58.23755
875 219.0
876 219.0
877 198.84052
878 235.0
879 177.09683
880 215.91405
881 219.0
882 141.77231
883 0.0
884 186.35982
885 220.134
886 219.0
887 71.119606
888 0.0
889 105.28039
890 219.0
891 207.80937
892 136.41951
893 219.0
894 23.955494
895 219.0
896 172.8751
897 0.0
898 46.266815
899 0.0
900 163.70026
901 315.0
902 236.134
903 235.0
904 235.0
905 235.0
906 235.0
907 235.0
908 235.0
909 235.0
910 235.0
911 235.0
912 235.0
913 220.134
914 220.134
915 220.134
916 219.0
917 219.0
918 219.0
919 219.0
920 219.0
921 219.0
922 219.0
923 219.0
924 219.0
925 219.0
926 219.0
927 219.0
928 219.0
929 219.0
930 219.0
931 219.0
932 219.0
933 219.0
934 219.0
935 219.0
936 219.0
937 219.0
938 219.0
939 219.0
940 219.0
941 219.0
942 219.0
943 219.0
944 219.0
945 219.0
946 219.0
947 219.0
948 219.0
949 219.0
950 219.0
951 99.10426
952 37.41013
953 9.253147
954 219.0
955 219.0
956 61.62207
957 0.0
958 43.968376
959 0.0
960 235.0
961 8.115321
962 0.0
963 219.0
964 216.1064
965 219.0
966 0.0
967 235.0
968 137.138
969 144.60553
970 220.134
971 45.268425
972 27.713722
973 207.29893
974 158.11269
975 0.0
976 132.86156
977 35.39611
978 134.33713
979 36.34663
980 219.0
981 216.81291
982 153.89668
983 115.697845
984 0.0
985 106.80452
986 125.92213
987 219.0
988 37.48063
989 219.0
990 219.0
991 55.153336
992 29.731998
993 219.0
994 136.7437
995 147.19742
996 235.5843
997 55.82765
998 219.0
999 14.111041
1000 219.0
1001 315.0
1002 236.134
1003 235.5843
1004 235.0
1005 235.0
1006 235.0
1007 235.0
1008 235.0
1009 235.0
1010 235.0
1011 235.0
1012 235.0
1013 235.0
1014 235.0
1015 235.0
1016 220.134
1017 220.134
1018 220.134
1019 220.134
1020 219.0
1021 219.0
1022 219.0
1023 219.0
1024 219.0
1025 219.0
1026 219.0
1027 219.0
1028 219.0
1029 219.0
1030 219.0
1031 219.0
1032 219.0
1033 219.0
1034 219.0
1035 219.0
1036 219.0
1037 219.0
1038 219.0
1039 219.0
1040 219.0
1041 219.0
1042 219.0
1043 219.0
1044 219.0
1045 219.0
1046 219.0
1047 219.0
1048 219.0
1049 219.0
1050 219.0
1051 13.03033
1052 219.0
1053 137.87271
1054 36.650764
1055 235.0
1056 3.704436
1057 175.9953
1058 137.89693
1059 236.134
1060 219.0
1061 141.76271
1062 220.134
1063 44.998215
1064 219.0
1065 48.685867
1066 219.0
1067 219.0
1068 212.34792
1069 219.0
1070 315.0
1071 219.0
1072 161.82637
1073 213.413
1074 219.0
1075 0.0
1076 217.24042
1077 219.0
1078 219.0
1079 220.134
1080 235.0
1081 219.0
1082 207.8779
1083 171.47333
1084 143.82266
1085 83.32071
1086 0.0
1087 53.113316
1088 219.0
1089 219.0
1090 0.0
1091 3.4452457
1092 159.91759
1093 219.0
1094 34.288563
1095 48.159657
1096 28.778517
1097 40.570946
1098 191.43353
1099 22.988728
1100 200.51147
1101 315.0
1102 315.0
1103 236.134
1104 236.134
1105 235.5843
1106 235.0
1107 235.0
1108 235.0
1109 235.0
1110 235.0
1111 235.0
1112 235.0
1113 235.0
1114 235.0
1115 235.0
1116 235.0
1117 235.0
1118 235.0
1119 235.0
1120 220.134
1121 220.134
1122 220.134
1123 220.134
1124 220.134
1125 220.134
1126 219.0
1127 219.0
1128 219.0
1129 219.0
1130 219.0
1131 219.0
1132 219.0
1133 219.0
1134 219.0
1135 219.0
1136 219.0
1137 219.0
1138 219.0
1139 219.0
1140 219.0
1141 219.0
1142 219.0
1143 219.0
1144 219.0
1145 219.0
1146 219.0
1147 219.0
1148 219.0
1149 219.0
1150 219.0
1151 304.60522
1152 18.482576
1153 59.304485
1154 236.134
1155 0.0
1156 89.53207
1157 223.3162
1158 235.0
1159 227.78714
1160 0.0
1161 235.0
1162 60.622795
1163 61.26234
1164 235.0
1165 125.49293
1166 118.424576
1167 67.738396
1168 179.35178
1169 219.0
1170 220.134
1171 171.6568
1172 105.53645
1173 219.0
1174 217.09358
1175 129.07187
1176 219.0
1177 31.396671
1178 235.0
1179 235.21838
1180 219.0
1181 219.0
1182 63.583366
1183 219.0
1184 235.0
1185 33.797337
1186 20.173443
1187 219.0
1188 54.135254
1189 166.47589
1190 39.276833
1191 27.081465
1192 34.090405
1193 219.0
1194 134.6947
1195 36.280632
1196 219.0
1197 219.0
1198 10.120868
1199 219.0
1200 235.0
1201 315.0
1202 315.0
1203 304.60522
1204 236.134
1205 236.134
1206 236.134
1207 235.5843
1208 235.21838
1209 235.0
1210 235.0
1211 235.0
1212 235.0
1213 235.0
1214 235.0
1215 235.0
1216 235.0
1217 235.0
1218 235.0
1219 235.0
1220 235.0
1221 235.0
1222 235.0
1223 235.0
1224 235.0
1225 235.0
1226 235.0
1227 235.0
1228 235.0
1229 227.78714
1230 223.3162
1231 220.134
1232 220.134
1233 220.134
1234 220.134
1235 220.134
1236 220.134
1237 220.134
1238 219.0
1239 219.0
1240 219.0
1241 219.0
1242 219.0
1243 219.0
1244 219.0
1245 219.0
1246 219.0
1247 219.0
1248 219.0
1249 219.0
1250 219.0
1251 72.16729
1252 219.0
1253 219.0
1254 125.86164
1255 186.56738
1256 137.73341
1257 0.0
1258 0.0
1259 152.88097
1260 21.011192
1261 235.0
1262 3.7143812
1263 235.0
1264 235.0
1265 30.8
1266 230.43806
1267 36.15314
1268 219.0
1269 0.0
1270 219.0
1271 109.17994
1272 135.94302
1273 219.0
1274 184.0527
1275 85.22922
1276 315.0
1277 235.0
1278 220.134
1279 169.29596
1280 208.61934
1281 0.0
1282 66.290245
1283 219.0
1284 219.0
1285 235.0
1286 219.0
1287 39.862488
1288 91.01074
1289 220.134
1290 219.0
1291 32.132004
1292 22.829134
1293 507.0
1294 219.0
1295 117.30773
1296 219.0
1297 300.62292
1298 219.0
1299 219.0
1300 219.0
1301 507.0
1302 507.0
1303 315.0
1304 315.0
1305 315.0
1306 304.60522
1307 300.62292
1308 236.134
1309 236.134
1310 236.134
1311 235.5843
1312 235.21838
1313 235.0
1314 235.0
1315 235.0
1316 235.0
1317 235.0
1318 235.0
1319 235.0
1320 235.0
1321 235.0
1322 235.0
1323 235.0
1324 235.0
1325 235.0
1326 235.0
1327 235.0
1328 235.0
1329 235.0
1330 235.0
1331 235.0
1332 235.0
1333 235.0
1334 235.0
1335 235.0
1336 235.0
1337 235.0
1338 230.43806
1339 227.78714
1340 223.3162
1341 220.134
1342 220.134
1343 220.134
1344 220.134
1345 220.134
1346 220.134
1347 220.134
1348 220.134
1349 220.134
1350 219.0
1351 219.0
1352 71.46309
1353 235.0
1354 39.814632
1355 235.0
1356 304.63797
1357 220.134
1358 0.0
1359 24.520237
1360 507.32724
1361 0.0
1362 0.0
1363 219.93877
1364 41.671425
1365 38.807266
1366 7.9269805
1367 190.82768
1368 193.7594
1369 235.0
1370 0.0
1371 219.0
1372 219.0
1373 315.0
1374 235.0
1375 219.0
1376 39.5529
1377 131.72185
1378 91.07492
1379 143.32027
1380 235.0
1381 105.9109
1382 34.934
1383 219.0
1384 166.05458
1385 141.85695
1386 155.66133
1387 140.42807
1388 38.46075
1389 216.25763
1390 219.0
1391 108.63025
1392 235.0
1393 65.80999
1394 9.600825
1395 219.0
1396 219.0
1397 150.24031
1398 101.08065
1399 147.60776
1400 3.517683
1401 223.19994
1402 507.32724
1403 507.32724
1404 507.0
1405 315.0
1406 315.0
1407 315.0
1408 315.0
1409 304.63797
1410 304.60522
1411 300.62292
1412 236.134
1413 236.134
1414 236.134
1415 235.5843
1416 235.21838
1417 235.0
1418 235.0
1419 235.0
1420 235.0
1421 235.0
1422 235.0
1423 235.0
1424 235.0
1425 235.0
1426 235.0
1427 235.0
1428 235.0
1429 235.0
1430 235.0
1431 235.0
1432 235.0
1433 235.0
1434 235.0
1435 235.0
1436 235.0
1437 235.0
1438 235.0
1439 235.0
1440 235.0
1441 235.0
1442 235.0
1443 235.0
1444 235.0
1445 235.0
1446 235.0
1447 235.0
1448 230.43806
1449 227.78714
1450 223.3162
1451 223.19994
1452 220.134
1453 213.21231
1454 123.917885
1455 75.64938
1456 216.48917
1457 230.89874
1458 73.15425
1459 316.134
1460 220.134
1461 219.0
1462 159.89919
1463 219.0
1464 0.0
1465 193.81436
1466 94.07187
1467 219.0
1468 235.0
1469 235.0
1470 235.0
1471 121.01802
1472 219.0
1473 134.53815
1474 219.0
1475 73.33865
1476 139.26299
1477 127.907684
1478 219.0
1479 235.0
1480 169.02655
1481 137.96686
1482 58.043
1483 152.64899
1484 33.668003
1485 219.0
1486 220.134
1487 291.8794
1488 235.0
1489 235.0
1490 219.0
1491 309.96503
1492 84.167946
1493 219.0
1494 78.82105
1495 190.33704
1496 235.0
1497 127.868355
1498 235.0
1499 185.31674
1500 235.0
1501 62.787117
1502 219.0
1503 507.32724
1504 507.0
1505 316.134
1506 315.0
1507 315.0
1508 315.0
1509 315.0
1510 309.96503
1511 304.63797
1512 304.60522
1513 300.62292
1514 291.8794
1515 236.134
1516 236.134
1517 236.134
1518 235.5843
1519 235.21838
1520 235.0
1521 235.0
1522 235.0
1523 235.0
1524 235.0
1525 235.0
1526 235.0
1527 235.0
1528 235.0
1529 235.0
1530 235.0
1531 235.0
1532 235.0
1533 235.0
1534 235.0
1535 235.0
1536 235.0
1537 235.0
1538 235.0
1539 235.0
1540 235.0
1541 235.0
1542 235.0
1543 235.0
1544 235.0
1545 235.0
1546 235.0
1547 235.0
1548 235.0
1549 235.0
1550 235.0
1551 235.0
1552 235.0
1553 235.0
1554 126.06664
1555 235.0
1556 0.0
1557 235.0
1558 20.877481
1559 235.0
1560 42.679115
1561 235.0
1562 113.72406
1563 220.134
1564 0.0
1565 194.38417
1566 235.0
1567 41.245216
1568 165.9944
1569 214.69432
1570 235.0
1571 104.82307
1572 186.29242
1573 219.0
1574 235.0
1575 83.52404
1576 34.345848
1577 30.866
1578 235.0
1579 176.77875
1580 122.798294
1581 235.0
1582 235.0
1583 108.00149
1584 103.94373
1585 24.48028
1586 235.0
1587 47.022396
1588 17.40995
1589 0.0
1590 235.0
1591 315.0
1592 219.0
1593 0.0
1594 219.0
1595 209.40533
1596 220.134
1597 18.114948
1598 8.518899
1599 219.0
1600 37.60537
1601 189.23807
1602 19.706154
1603 507.32724
1604 507.0
1605 316.134
1606 315.0
1607 315.0
1608 315.0
1609 315.0
1610 315.0
1611 309.96503
1612 304.63797
1613 304.60522
1614 300.62292
1615 291.8794
1616 236.134
1617 236.134
1618 236.134
1619 235.5843
1620 235.21838
1621 235.0
1622 235.0
1623 235.0
1624 235.0
1625 235.0
1626 235.0
1627 235.0
1628 235.0
1629 235.0
1630 235.0
1631 235.0
1632 235.0
1633 235.0
1634 235.0
1635 235.0
1636 235.0
1637 235.0
1638 235.0
1639 235.0
1640 235.0
1641 235.0
1642 235.0
1643 235.0
1644 235.0
1645 235.0
1646 235.0
1647 235.0
1648 235.0
1649 235.0
1650 235.0
1651 235.0
1652 235.0
1653 215.0621
1654 119.371315
1655 315.0
1656 219.0
1657 235.0
1658 191.41345
1659 235.0
1660 219.0
1661 45.311188
1662 163.77216
1663 219.0
1664 102.638115
1665 33.8
1666 101.01237
1667 316.134
1668 219.0
1669 183.61601
1670 90.84201
1671 5.870584
1672 219.0
1673 12.886356
1674 24.016369
1675 129.04745
1676 219.0
1677 26.48515
1678 235.0
1679 39.81763
1680 174.08102
1681 175.14091
1682 219.0
1683 0.0
1684 220.134
1685 219.0
1686 219.0
1687 49.051006
1688 0.0
1689 219.0
1690 36.33851
1691 235.0
1692 110.47188
1693 219.0
1694 219.0
1695 13.306951
1696 117.36778
1697 235.0
1698 219.0
1699 26.980055
1700 219.0
1701 154.66486
1702 315.0
1703 507.32724
1704 507.0
1705 316.134
1706 316.134
1707 315.0
1708 315.0
1709 315.0
1710 315.0
1711 315.0
1712 315.0
1713 315.0
1714 309.96503
1715 304.63797
1716 304.60522
1717 300.62292
1718 291.8794
1719 236.134
1720 236.134
1721 236.134
1722 235.5843
1723 235.21838
1724 235.0
1725 235.0
1726 235.0
1727 235.0
1728 235.0
1729 235.0
1730 235.0
1731 235.0
1732 235.0
1733 235.0
1734 235.0
1735 235.0
1736 235.0
1737 235.0
1738 235.0
1739 235.0
1740 235.0
1741 235.0
1742 235.0
1743 235.0
1744 235.0
1745 235.0
1746 235.0
1747 235.0
1748 235.0
1749 235.0
1750 235.0
1751 235.0
1752 235.0
1753 204.1509
1754 24.073729
1755 106.54162
1756 63.22304
1757 219.0
1758 219.0
1759 199.99432
1760 16.93045
1761 126.40055
1762 28.636812
1763 235.0
1764 94.25519
1765 356.0
1766 315.0
1767 105.11602
1768 235.0
1769 156.03766
1770 143.12482
1771 220.134
1772 175.69815
1773 210.93092
1774 219.0
1775 219.0
1776 33.609257
1777 16.635323
1778 220.134
1779 0.0
1780 26.048609
1781 235.0
1782 235.0
1783 63.643833
1784 236.134
1785 21.536015
1786 219.0
1787 235.0
1788 219.0
1789 219.0
1790 315.0
1791 218.99171
1792 111.734245
1793 219.0
1794 120.788635
1795 219.0
1796 31.934
1797 216.6
1798 219.0
1799 0.0
1800 235.0
1801 469.3212
1802 219.0
1803 507.32724
1804 507.0
1805 469.3212
1806 356.0
1807 316.134
1808 316.134
1809 315.0
1810 315.0
1811 315.0
1812 315.0
1813 315.0
1814 315.0
1815 315.0
1816 315.0
1817 315.0
1818 309.96503
1819 304.63797
1820 304.60522
1821 300.62292
1822 291.8794
1823 236.134
1824 236.134
1825 236.134
1826 236.134
1827 235.5843
1828 235.21838
1829 235.0
1830 235.0
1831 235.0
1832 235.0
1833 235.0
1834 235.0
1835 235.0
1836 235.0
1837 235.0
1838 235.0
1839 235.0
1840 235.0
1841 235.0
1842 235.0
1843 235.0
1844 235.0
1845 235.0
1846 235.0
1847 235.0
1848 235.0
1849 235.0
1850 235.0
1851 235.0
1852 235.0
1853 163.52588
1854 219.0
1855 15.914138
1856 199.4751
1857 276.0
1858 219.0
1859 65.686295
1860 219.0
1861 247.03807
1862 30.582813
1863 235.0
1864 235.0
1865 135.54993
1866 28.545721
1867 235.0
1868 37.48063
1869 235.0
1870 219.0
1871 219.0
1872 219.0
1873 139.2231
1874 219.0
1875 73.4141
1876 219.0
1877 0.0
1878 50.85517
1879 219.0
1880 219.0
1881 219.0
1882 220.134
1883 235.0
1884 235.0
1885 30.800001
1886 198.25433
1887 219.0
1888 219.0
1889 235.0
1890 99.85739
1891 235.0
1892 219.0
1893 219.0
1894 219.0
1895 219.0
1896 47.622475
1897 9.017581
1898 235.0
1899 313.866
1900 219.0
1901 235.0
1902 206.93726
1903 507.32724
1904 507.0
1905 469.3212
1906 356.0
1907 316.134
1908 316.134
1909 315.0
1910 315.0
1911 315.0
1912 315.0
1913 315.0
1914 315.0
1915 315.0
1916 315.0
1917 315.0
1918 313.866
1919 309.96503
1920 304.63797
1921 304.60522
1922 300.62292
1923 291.8794
1924 276.0
1925 247.03807
1926 236.134
1927 236.134
1928 236.134
1929 236.134
1930 235.5843
1931 235.21838
1932 235.0
1933 235.0
1934 235.0
1935 235.0
1936 235.0
1937 235.0
1938 235.0
1939 235.0
1940 235.0
1941 235.0
1942 235.0
1943 235.0
1944 235.0
1945 235.0
1946 235.0
1947 235.0
1948 235.0
1949 235.0
1950 235.0
1951 235.0
1952 235.0
1953 149.15446
1954 235.0
1955 213.6965
1956 235.0
1957 316.134
1958 219.0
1959 132.70062
1960 174.9092
1961 70.56508
1962 235.0
1963 0.0
1964 235.0
1965 21.052235
1966 219.0
1967 13.435338
1968 209.45311
1969 46.70386
1970 517.1608
1971 219.0
1972 164.70618
1973 219.0
1974 235.0
1975 87.21943
1976 219.0
1977 187.52101
1978 219.0
1979 187.20657
1980 0.0
1981 16.577866
1982 37.463734
1983 276.0
1984 107.61225
1985 136.49347
1986 0.0
1987 220.134
1988 219.0
1989 235.0
1990 22.770872
1991 111.706154
1992 50.449253
1993 188.08528
1994 99.5566
1995 235.0
1996 219.0
1997 235.0
1998 158.40042
1999 15.635124
2000 212.38538
2001 33.406204
2002 235.0
2003 517.1608
2004 517.1608
2005 507.32724
2006 507.0
2007 469.3212
2008 356.0
2009 316.134
2010 316.134
2011 316.134
2012 315.0
2013 315.0
2014 315.0
2015 315.0
2016 315.0
2017 315.0
2018 315.0
2019 315.0
2020 315.0
2021 313.866
2022 309.96503
2023 304.63797
2024 304.60522
2025 300.62292
2026 291.8794
2027 276.0
2028 276.0
2029 247.03807
2030 236.134
2031 236.134
2032 236.134
2033 236.134
2034 235.5843
2035 235.21838
2036 235.0
2037 235.0
2038 235.0
2039 235.0
2040 235.0
2041 235.0
2042 235.0
2043 235.0
2044 235.0
2045 235.0
2046 235.0
2047 235.0
2048 235.0
2049 235.0
2050 235.0
2051 235.0
2052 235.0
2053 235.0
2054 34.267998
2055 219.0
2056 41.183636
2057 235.0
2058 219.0
2059 177.05576
2060 219.0
2061 235.0
2062 31.465996
2063 60.12828
2064 219.0
2065 235.0
2066 235.0
2067 56.388866
2068 219.0
2069 235.0
2070 219.0
2071 315.0
2072 219.0
2073 23.734983
2074 82.86192
2075 220.134
2076 219.0
2077 220.134
2078 219.0
2079 219.0
2080 219.16742
2081 219.0
2082 109.390396
2083 219.0
2084 96.37656
2085 99.0057
2086 69.47028
2087 27.935516
2088 53.810738
2089 224.36061
2090 8.648052
2091 315.0
2092 219.0
2093 219.0
2094 235.0
2095 76.30975
2096 50.48362
2097 100.94359
2098 315.0
2099 206.5246
2100 201.71413
2101 219.0
2102 234.8905
2103 167.26134
2104 517.1608
2105 507.32724
2106 507.0
2107 469.3212
2108 356.0
2109 316.134
2110 316.134
2111 316.134
2112 315.0
2113 315.0
2114 315.0
2115 315.0
2116 315.0
2117 315.0
2118 315.0
2119 315.0
2120 315.0
2121 315.0
2122 315.0
2123 315.0
2124 313.866
2125 309.96503
2126 304.63797
2127 304.60522
2128 300.62292
2129 291.8794
2130 276.0
2131 276.0
2132 247.03807
2133 236.134
2134 236.134
2135 236.134
2136 236.134
2137 235.5843
2138 235.21838
2139 235.0
2140 235.0
2141 235.0
2142 235.0
2143 235.0
2144 235.0
2145 235.0
2146 235.0
2147 235.0
2148 235.0
2149 235.0
2150 235.0
2151 235.0
2152 235.0
2153 235.0
2154 395.67273
2155 219.0
2156 219.0
2157 39.489555
2158 235.0
2159 316.134
2160 92.55843
2161 219.74709
2162 93.88022
2163 235.0
2164 236.134
2165 235.0
2166 74.494095
2167 235.0
2168 236.134
2169 173.69325
2170 60.262493
2171 168.35588
2172 21.151043
2173 219.0
2174 178.09837
2175 110.46916
2176 219.0
2177 25.09809
2178 219.0
2179 126.00212
2180 0.0
2181 160.89653
2182 204.02005
2183 236.134
2184 235.0
2185 126.73168
2186 183.38283
2187 23.358416
2188 234.80173
2189 219.0
2190 146.89055
2191 173.72704
2192 219.0
2193 235.0
2194 219.0
2195 219.0
2196 0.0
2197 235.0
2198 235.0
2199 38.61463
2200 187.7499
2201 235.0
2202 18.80214
2203 212.84344
2204 517.1608
2205 507.32724
2206 507.0
2207 469.3212
2208 395.67273
2209 356.0
2210 316.134
2211 316.134
2212 316.134
2213 316.134
2214 315.0
2215 315.0
2216 315.0
2217 315.0
2218 315.0
2219 315.0
2220 315.0
2221 315.0
2222 315.0
2223 315.0
2224 315.0
2225 315.0
2226 313.866
2227 309.96503
2228 304.63797
2229 304.60522
2230 300.62292
2231 291.8794
2232 276.0
2233 276.0
2234 247.03807
2235 236.134
2236 236.134
2237 236.134
2238 236.134
2239 236.134
2240 236.134
2241 236.134
2242 235.5843
2243 235.21838
2244 235.0
2245 235.0
2246 235.0
2247 235.0
2248 235.0
2249 235.0
2250 235.0
2251 235.0
2252 235.0
2253 235.0
2254 219.0
2255 0.0
2256 25.860668
2257 181.88597
2258 235.0
2259 235.49406
2260 235.0
2261 107.523155
2262 206.45673
2263 41.493366
2264 235.0
2265 303.47122
2266 236.134
2267 219.0
2268 219.0
2269 24.215704
2270 311.07297
2271 235.0
2272 103.288086
2273 235.0
2274 219.0
2275 29.679722
2276 235.0
2277 176.13286
2278 219.0
2279 235.0
2280 235.0
2281 32.72474
2282 18.449373
2283 315.5324
2284 219.0
2285 47.43667
2286 256.89496
2287 173.98314
2288 235.0
2289 235.0
2290 218.8202
2291 16.666862
2292 220.134
2293 235.0
2294 107.75392
2295 220.134
2296 235.0
2297 219.0
2298 79.68062
2299 219.0
2300 235.0
2301 47.608227
2302 157.29022
2303 108.77976
2304 517.1608
2305 507.32724
2306 507.0
2307 469.3212
2308 395.67273
2309 356.0
2310 316.134
2311 316.134
2312 316.134
2313 316.134
2314 315.5324
2315 315.0
2316 315.0
2317 315.0
2318 315.0
2319 315.0
2320 315.0
2321 315.0
2322 315.0
2323 315.0
2324 315.0
2325 315.0
2326 315.0
2327 313.866
2328 311.07297
2329 309.96503
2330 304.63797
2331 304.60522
2332 303.47122
2333 300.62292
2334 291.8794
2335 276.0
2336 276.0
2337 256.89496
2338 247.03807
2339 236.134
2340 236.134
2341 236.134
2342 236.134
2343 236.134
2344 236.134
2345 236.134
2346 236.134
2347 235.5843
2348 235.49406
2349 235.21838
2350 235.0
2351 235.0
2352 235.0
2353 235.0
2354 36.211067
2355 219.0
2356 43.997246
2357 235.0
2358 28.72863
2359 235.0
2360 82.3963
2361 167.53923
2362 235.0
2363 219.0
2364 164.67029
2365 0.0
2366 224.8615
2367 219.0
2368 236.134
2369 235.05807
2370 219.0
2371 152.08115
2372 235.0
2373 315.0
2374 12.113405
2375 235.0
2376 69.83195
2377 219.0
2378 235.0
2379 89.20475
2380 281.10367
2381 235.0
2382 316.134
2383 175.25774
2384 219.0
2385 235.0
2386 35.104195
2387 315.0
2388 138.19444
2389 312.97083
2390 219.0
2391 315.0
2392 219.0
2393 235.0
2394 229.26018
2395 219.0
2396 219.0
2397 219.0
2398 219.0
2399 0.0
2400 214.39879
2401 175.49832
2402 262.91986
2403 235.0
2404 517.1608
2405 507.32724
2406 507.0
2407 469.3212
2408 395.67273
2409 356.0
2410 316.134
2411 316.134
2412 316.134
2413 316.134
2414 316.134
2415 315.5324
2416 315.0
2417 315.0
2418 315.0
2419 315.0
2420 315.0
2421 315.0
2422 315.0
2423 315.0
2424 315.0
2425 315.0
2426 315.0
2427 315.0
2428 315.0
2429 315.0
2430 315.0
2431 313.866
2432 312.97083
2433 311.07297
2434 309.96503
2435 304.63797
2436 304.60522
2437 303.47122
2438 300.62292
2439 291.8794
2440 281.10367
2441 276.0
2442 276.0
2443 262.91986
2444 256.89496
2445 247.03807
2446 236.134
2447 236.134
2448 236.134
2449 236.134
2450 236.134
2451 236.134
2452 236.134
2453 236.134
2454 120.27871
2455 163.09483
2456 53.590748
2457 8.791392
2458 41.13732
2459 235.0
2460 219.0
2461 26.33589
2462 219.0
2463 220.134
2464 54.002964
2465 122.85055
2466 22.524963
2467 0.0
2468 123.622185
2469 219.0
2470 207.75075
2471 27.829361
2472 315.0
2473 208.81444
2474 315.0
2475 235.0
2476 0.0
2477 48.292854
2478 219.0
2479 235.0
2480 235.0
2481 235.0
2482 235.0
2483 315.0
2484 25.385368
2485 219.0
2486 103.61336
2487 58.617462
2488 235.0
2489 200.61502
2490 219.0
2491 54.031155
2492 219.0
2493 235.0
2494 219.0
2495 134.51369
2496 54.43461
2497 235.0
2498 220.134
2499 219.0
2500 188.23645
2501 178.07037
2502 219.0
2503 219.0
2504 517.1608
2505 507.32724
2506 507.0
2507 469.3212
2508 395.67273
2509 356.0
2510 316.134
2511 316.134
2512 316.134
2513 316.134
2514 316.134
2515 315.5324
2516 315.0
2517 315.0
2518 315.0
2519 315.0
2520 315.0
2521 315.0
2522 315.0
2523 315.0
2524 315.0
2525 315.0
2526 315.0
2527 315.0
2528 315.0
2529 315.0
2530 315.0
2531 315.0
2532 315.0
2533 315.0
2534 313.866
2535 312.97083
2536 311.07297
2537 309.96503
2538 304.63797
2539 304.60522
2540 303.47122
2541 300.62292
2542 291.8794
2543 281.10367
2544 276.0
2545 276.0
2546 262.91986
2547 256.89496
2548 247.03807
2549 236.134
2550 236.134
2551 236.134
2552 236.134
2553 236.134
2554 79.257935
2555 235.0
2556 57.17313
2557 235.0
2558 175.53748
2559 303.2424
2560 185.98483
2561 235.0
2562 235.0
2563 315.0
2564 235.0
2565 219.0
2566 43.329987
2567 192.55673
2568 21.930653
2569 39.015255
2570 235.0
2571 32.6
2572 135.91165
2573 219.0
2574 6.3934155
2575 235.0
2576 315.0
2577 268.25638
2578 169.42418
2579 235.0
2580 235.0
2581 281.70367
2582 235.0
2583 356.0
2584 303.31714
2585 279.5592
2586 315.0
2587 181.7021
2588 507.0
2589 99.15354
2590 236.134
2591 219.0
2592 315.0
2593 219.0
2594 219.0
2595 150.78342
2596 219.0
2597 219.0
2598 235.0
2599 53.796543
2600 142.81874
2601 152.53748
2602 235.0
2603 235.0
2604 517.1608
2605 507.32724
2606 507.0
2607 507.0
2608 469.3212
2609 395.67273
2610 356.0
2611 356.0
2612 316.134
2613 316.134
2614 316.134
2615 316.134
2616 316.134
2617 315.5324
2618 315.0
2619 315.0
2620 315.0
