1 83.859505
2 0.0
3 137.63597
4 138.89664
5 0.6
6 47.186634
7 68.21385
8 276.0
9 3.6415017
10 0.0
11 77.1058
12 0.0
13 58.9585
14 14.42639
15 12.786116
16 0.0
17 0.0
18 0.0
19 0.0
20 0.0
21 140.32654
22 17.614202
23 364.79465
24 352.84695
25 0.0
26 0.40926003
27 123.94766
28 55.0335
29 209.37839
30 4.0363674
31 0.0
32 6.0506754
33 148.61034
34 4.872595
35 0.0
36 0.0
37 251.44624
38 200.51555
39 214.57285
40 299.06598
41 0.0
42 5.4238853
43 2.2680001
44 0.0
45 254.32533
46 157.96709
47 415.5083
48 0.0
49 347.33728
50 230.84364
51 11.386669
52 0.0
53 48.819515
54 0.0
55 28.59601
56 144.4127
57 21.812344
58 0.0
59 110.84364
60 131.89859
61 138.53745
62 54.632923
63 139.21083
64 255.23956
65 0.0
66 7.5235224
67 156.70177
68 2.334
69 0.0
70 111.63205
71 19.970219
72 0.0
73 0.0
74 69.51382
75 176.8379
76 28.44094
77 165.48244
78 15.418306
79 256.4466
80 101.78712
81 0.0
82 0.0
83 84.504265
84 204.134
85 1.2
86 1.2
87 3.325744
88 130.23383
89 204.134
90 312.5008
91 0.0
92 17.019712
93 0.0
94 2.120658
95 111.29989
96 39.6675
97 0.0
98 5.4510536
99 149.50046
100 155.95288
101 298.85056
102 155.0
103 328.08914
104 331.6
105 219.6
106 411.55402
107 37.82048
108 219.0
109 490.38614
110 207.42499
111 219.0
112 85.68355
113 175.56223
114 56.12545
115 6.7298684
116 144.78413
117 220.134
118 155.0
119 150.64653
120 1.7340001
121 155.0
122 68.93675
123 351.8875
124 187.0
125 213.7184
126 105.29197
127 77.41697
128 19.56838
129 159.111
130 101.89982
131 276.0
132 219.0
133 441.2183
134 72.346565
135 0.0
136 50.03955
137 59.075848
138 197.76062
139 228.1568
140 7.0435014
141 164.0
142 153.79913
143 118.34269
144 155.0
145 118.05596
146 50.828476
147 6.147891
148 3.3432603
149 0.0
150 155.0
151 164.0
152 164.0
153 28.910587
154 93.31848
155 324.56366
156 155.0
157 54.52325
158 59.24248
159 236.87733
160 216.13551
161 187.0
162 93.56171
163 155.0
164 100.636185
165 0.0
166 22.032856
167 331.6
168 31.578758
169 114.508896
170 0.0
171 0.0
172 145.63652
173 415.4396
174 0.0
175 4.0372405
176 84.00432
177 -0.2357586
178 10.304867
179 214.63397
180 187.38705
181 112.82652
182 155.0
183 203.098
184 115.145325
185 155.0
186 33.016926
187 155.0
188 143.34932
189 12.832859
190 12.284182
191 85.93004
192 188.134
193 0.0
194 219.0
195 0.0
196 15.442225
197 153.26268
198 408.1597
199 23.58811
200 155.6
201 162.18155
202 370.8065
203 362.63593
204 267.0
205 315.96915
206 336.68372
207 0.0
208 388.08237
209 403.5414
210 159.52261
211 417.5273
212 205.35909
213 43.802235
214 82.774734
215 148.69542
216 330.64255
217 236.38332
218 323.94818
219 326.16208
220 102.102066
221 263.78146
222 267.0
223 380.11462
224 246.2579
225 267.6
226 267.0
227 503.97614
228 9.551003
229 289.4677
230 395.21307
231 267.0
232 293.79742
233 358.4473
234 133.58624
235 226.89714
236 21.492153
237 267.6
238 54.932762
239 203.44598
240 267.0
241 451.7177
242 86.25745
243 348.10043
244 267.0
245 166.01527
246 267.0
247 445.41977
248 70.74885
249 23.352192
250 0.0
251 267.0
252 173.76926
253 370.08426
254 266.0982
255 56.44761
256 233.98611
257 375.52222
258 182.55766
259 0.0
260 56.135265
261 29.639784
262 0.0
263 129.9308
264 0.0
265 267.0
266 267.0
267 258.72083
268 388.0674
269 227.59154
270 464.65976
271 225.54724
272 22.101332
273 251.29433
274 262.49905
275 315.10974
276 267.0
277 330.8025
278 43.818356
279 0.0
280 110.76253
281 284.63562
282 104.81367
283 38.057667
284 243.78267
285 -3.5014243
286 87.53821
287 392.78174
288 0.0
289 88.13604
290 372.58
291 125.35993
292 41.972298
293 55.750816
294 285.1195
295 19.752422
296 146.42516
297 202.32921
298 45.5015
299 0.0
300 0.0
301 245.45439
302 132.89026
303 34.5075
304 164.55052
305 246.47687
306 225.2024
307 134.5772
308 251.0
309 239.82419
310 39.74461
311 135.88652
312 249.8
313 228.22563
314 242.49332
315 416.01645
316 243.06268
317 250.60953
318 105.49181
319 228.29736
320 233.54166
321 224.74573
322 241.32391
323 251.0
324 72.68255
325 250.55705
326 251.0
327 238.3502
328 236.74341
329 231.48772
330 235.09454
331 140.44731
332 220.90651
333 322.29364
334 221.6948
335 343.45682
336 39.545544
337 159.69264
338 25.3789
339 109.599
340 171.89276
341 462.91452
342 53.44816
343 242.14832
344 221.07706
345 0.0
346 228.64656
347 77.46753
348 184.35309
