1 14.596756
2 24.36926
3 0.0
4 57.993126
5 71.848
6 1.1340001
7 92.98756
8 36.130486
9 28.60389
10 59.382248
11 3.674083
12 181.79674
13 0.0
14 220.134
15 122.455635
16 103.94604
17 24.635769
18 31.934002
19 3.584116
20 32.57004
21 126.18398
22 133.55582
23 33.556976
24 219.0
25 15.025904
26 0.0
27 0.0
28 0.0
29 54.730556
30 0.0
31 33.92025
32 0.0
33 40.223133
34 41.95789
35 35.003033
36 27.581478
37 129.52173
38 54.96951
39 35.686523
40 180.57944
41 0.0
42 93.40355
43 29.731998
44 158.37445
45 219.0
46 0.0
47 35.402
48 155.16452
49 44.192112
50 32.0
51 43.02146
52 33.721786
53 21.236761
54 24.871977
55 143.18011
56 18.710531
57 65.9609
58 0.0
59 25.385368
60 0.0
61 25.15037
62 32.0
63 0.0
64 63.43198
65 6.9829144
66 173.24657
67 37.307564
68 0.0
69 94.928856
70 21.471504
71 27.18261
72 118.28654
73 219.0
74 20.01105
75 0.0
76 39.688656
77 26.970627
78 21.13742
79 0.0
80 45.517376
81 73.75757
82 42.906002
83 15.613366
84 26.644108
85 21.320883
86 136.22276
87 14.662183
88 8.98855
89 26.801516
90 50.579426
91 49.8335
92 110.468994
93 25.795862
94 56.27265
95 81.81188
96 127.56175
97 43.950054
98 137.98044
99 37.890263
100 30.866
101 220.134
102 219.0
103 219.0
104 219.0
105 181.79674
106 180.57944
107 173.24657
108 158.37445
109 155.16452
110 143.18011
111 137.98044
112 136.22276
113 133.55582
114 129.52173
115 127.56175
116 126.18398
117 122.455635
118 118.28654
119 110.468994
120 103.94604
121 94.928856
122 93.40355
123 92.98756
124 81.81188
125 73.75757
126 71.848
127 65.9609
128 63.43198
129 59.382248
130 57.993126
131 56.27265
132 54.96951
133 54.730556
134 50.579426
135 49.8335
136 45.517376
137 44.192112
138 43.950054
139 43.02146
140 42.906002
141 41.95789
142 40.223133
143 39.688656
144 37.890263
145 37.307564
146 36.130486
147 35.686523
148 35.402
149 35.003033
150 33.92025
151 49.43319
152 154.41075
153 0.0
154 83.23738
155 273.0059
156 25.539692
157 40.79441
158 25.316145
159 182.75317
160 98.39473
161 152.92064
162 102.70211
163 27.647478
164 27.401516
165 108.74451
166 50.274067
167 217.2285
168 88.135376
169 120.016174
170 122.932526
171 1.3419092
172 73.08055
173 106.065254
174 0.0
175 154.55992
176 0.0
177 55.193268
178 47.355663
179 63.87136
180 90.008835
181 40.82389
182 93.357574
183 22.144432
184 185.49289
185 28.656738
186 0.0
187 45.574753
188 40.58482
189 29.665998
190 67.234985
191 19.221886
192 1.4544421
193 1.4856277
194 40.786736
195 31.86553
196 22.900562
197 21.950043
198 48.803246
199 54.054863
200 4.3705297
201 273.0059
202 220.134
203 219.0
204 219.0
205 219.0
206 217.2285
207 185.49289
208 182.75317
209 181.79674
210 180.57944
211 173.24657
212 158.37445
213 155.16452
214 154.55992
215 154.41075
216 152.92064
217 143.18011
218 137.98044
219 136.22276
220 133.55582
221 129.52173
222 127.56175
223 126.18398
224 122.932526
225 122.455635
226 120.016174
227 118.28654
228 110.468994
229 108.74451
230 106.065254
231 103.94604
232 102.70211
233 98.39473
234 94.928856
235 93.40355
236 93.357574
237 92.98756
238 90.008835
239 88.135376
240 83.23738
241 81.81188
242 73.75757
243 73.08055
244 71.848
245 67.234985
246 65.9609
247 63.87136
248 63.43198
249 59.382248
250 57.993126
251 58.58328
252 22.645653
253 71.365685
254 0.0
255 151.77913
256 65.11447
257 25.149174
258 25.14951
259 95.97993
260 136.70216
261 71.21379
262 49.12619
263 143.22353
264 148.9377
265 29.06815
266 56.690666
267 125.92794
268 37.728115
269 37.987083
270 22.83169
271 20.01105
272 18.831886
273 188.67589
274 43.920654
275 31.88974
276 96.881546
277 41.052822
278 53.96768
279 38.680634
280 74.59547
281 2.2680001
282 113.75681
283 203.17772
284 60.4253
285 128.87656
286 11.455278
287 97.1278
288 117.470985
289 103.993164
290 31.586744
291 82.1545
292 142.2767
293 54.87856
294 35.05474
295 51.15448
296 60.636948
297 40.281876
298 31.259151
299 29.38148
300 120.29368
301 273.0059
302 220.134
303 219.0
304 219.0
305 219.0
306 217.2285
307 203.17772
308 188.67589
309 185.49289
310 182.75317
311 181.79674
312 180.57944
313 173.24657
314 158.37445
315 155.16452
316 154.55992
317 154.41075
318 152.92064
319 151.77913
320 148.9377
321 143.22353
322 143.18011
323 142.2767
324 137.98044
325 136.70216
326 136.22276
327 133.55582
328 129.52173
329 128.87656
330 127.56175
331 126.18398
332 125.92794
333 122.932526
334 122.455635
335 120.29368
336 120.016174
337 118.28654
338 117.470985
339 113.75681
340 110.468994
341 108.74451
342 106.065254
343 103.993164
344 103.94604
345 102.70211
346 98.39473
347 97.1278
348 96.881546
349 95.97993
350 94.928856
351 176.90457
352 235.0
353 0.0
354 353.0676
355 219.0
356 51.8308
357 218.34009
358 152.20518
359 66.07901
360 43.603146
361 188.79512
362 0.0
363 114.971
364 52.629124
365 158.70576
366 132.58942
367 17.285864
368 132.65102
369 0.0
370 14.404615
371 36.068
372 110.7567
373 44.08214
374 34.930485
375 20.85707
376 0.0
377 121.82631
378 177.18262
379 164.00552
380 235.0
381 76.72658
382 39.929348
383 36.35252
384 86.712204
385 40.37095
386 24.251366
387 24.015175
388 35.15252
389 9.100451
390 67.43999
391 90.005066
392 111.01698
393 49.65253
394 95.056015
395 30.586872
396 200.98914
397 100.48154
398 113.02986
399 43.871548
400 10.958391
401 353.0676
402 273.0059
403 235.0
404 235.0
405 220.134
406 219.0
407 219.0
408 219.0
409 219.0
410 218.34009
411 217.2285
412 203.17772
413 200.98914
414 188.79512
415 188.67589
416 185.49289
417 182.75317
418 181.79674
419 180.57944
420 177.18262
421 176.90457
422 173.24657
423 164.00552
424 158.70576
425 158.37445
426 155.16452
427 154.55992
428 154.41075
429 152.92064
430 152.20518
431 151.77913
432 148.9377
433 143.22353
434 143.18011
435 142.2767
436 137.98044
437 136.70216
438 136.22276
439 133.55582
440 132.65102
441 132.58942
442 129.52173
443 128.87656
444 127.56175
445 126.18398
446 125.92794
447 122.932526
448 122.455635
449 121.82631
450 120.29368
451 36.15589
452 327.7513
453 219.0
454 20.611048
455 30.955177
456 19.751726
457 0.0
458 45.665096
459 30.733997
460 136.61519
461 157.6131
462 50.77457
463 76.552284
464 73.78922
465 116.21811
466 69.76631
467 129.0736
468 162.52261
469 137.5224
470 11.252028
471 117.54157
472 0.0
473 49.408947
474 150.658
475 29.80389
476 120.95835
477 207.65167
478 172.65231
479 219.0
480 38.61463
481 115.06276
482 173.55315
483 126.74874
484 146.16367
485 138.7669
486 71.286896
487 277.382
488 45.03993
489 219.0
490 69.77736
491 140.41063
492 12.161669
493 39.283855
494 160.02046
495 0.0
496 108.812775
497 141.84372
498 0.0
499 118.15382
500 140.18875
501 353.0676
502 327.7513
503 277.382
504 273.0059
505 235.0
506 235.0
507 220.134
508 219.0
509 219.0
510 219.0
511 219.0
512 219.0
513 219.0
514 219.0
515 218.34009
516 217.2285
517 207.65167
518 203.17772
519 200.98914
520 188.79512
521 188.67589
522 185.49289
523 182.75317
524 181.79674
525 180.57944
526 177.18262
527 176.90457
528 173.55315
529 173.24657
530 172.65231
531 164.00552
532 162.52261
533 160.02046
534 158.70576
535 158.37445
536 157.6131
537 155.16452
538 154.55992
539 154.41075
540 152.92064
541 152.20518
542 151.77913
543 150.658
544 148.9377
545 146.16367
546 143.22353
547 143.18011
548 142.2767
549 141.84372
550 140.41063
551 100.037285
552 199.94095
553 236.134
554 219.0
555 170.0066
556 219.0
557 29.790741
558 119.41441
559 0.0
560 31.465998
561 35.27726
562 219.0
563 41.415874
564 126.07379
565 235.7277
566 168.15048
567 246.37491
568 198.77217
569 23.8225
570 38.61463
571 63.462452
572 147.94928
573 0.0
574 218.84717
575 143.95213
576 95.7359
577 206.20016
578 117.11955
579 107.39786
580 65.69648
581 99.56773
582 219.0
583 115.693436
584 9.927935
585 29.731998
586 97.05136
587 235.0
588 108.15553
589 68.0738
590 142.49028
591 235.0
592 0.0
593 119.97519
594 140.31587
595 177.4203
596 85.65908
597 110.499435
598 60.251865
599 35.964577
600 39.053123
601 353.0676
602 327.7513
603 277.382
604 273.0059
605 246.37491
606 236.134
607 235.7277
608 235.0
609 235.0
610 235.0
611 235.0
612 220.134
613 219.0
614 219.0
615 219.0
616 219.0
617 219.0
618 219.0
619 219.0
620 219.0
621 219.0
622 219.0
623 219.0
624 218.84717
625 218.34009
626 217.2285
627 207.65167
628 206.20016
629 203.17772
630 200.98914
631 199.94095
632 198.77217
633 188.79512
634 188.67589
635 185.49289
636 182.75317
637 181.79674
638 180.57944
639 177.4203
640 177.18262
641 176.90457
642 173.55315
643 173.24657
644 172.65231
645 170.0066
646 168.15048
647 164.00552
648 162.52261
649 160.02046
650 158.70576
651 0.0
652 126.28996
653 45.84753
654 235.0
655 219.0
656 150.45284
657 219.0
658 154.26909
659 0.0
660 101.9812
661 60.423283
662 184.46054
663 36.70757
664 60.547066
665 7.4515905
666 18.80069
667 37.498524
668 29.065998
669 30.265999
670 37.41463
671 235.0
672 100.805954
673 50.43091
674 235.0
675 191.51468
676 28.339195
677 109.56901
678 103.12038
679 219.0
680 48.87194
681 178.00131
682 124.04594
683 149.64577
684 38.61463
685 219.0
686 60.496326
687 43.968376
688 20.387878
689 33.2
690 219.0
691 85.69198
692 45.086555
693 103.88793
694 42.792927
695 134.9176
696 22.985367
697 171.61826
698 14.678956
699 142.89833
700 189.2158
701 353.0676
702 327.7513
703 277.382
704 273.0059
705 246.37491
706 236.134
707 235.7277
708 235.0
709 235.0
710 235.0
711 235.0
712 235.0
713 235.0
714 235.0
715 220.134
716 219.0
717 219.0
718 219.0
719 219.0
720 219.0
721 219.0
722 219.0
723 219.0
724 219.0
725 219.0
726 219.0
727 219.0
728 219.0
729 219.0
730 219.0
731 219.0
732 218.84717
733 218.34009
734 217.2285
735 207.65167
736 206.20016
737 203.17772
738 200.98914
739 199.94095
740 198.77217
741 191.51468
742 189.2158
743 188.79512
744 188.67589
745 185.49289
746 184.46054
747 182.75317
748 181.79674
749 180.57944
750 178.00131
751 168.3665
752 16.699715
753 315.0
754 76.74421
755 125.74109
756 225.61462
757 40.308556
758 43.177715
759 189.94513
760 72.48972
761 37.55252
762 117.38877
763 96.4098
764 0.0
765 25.916143
766 235.0
767 0.0
768 77.78432
769 41.210796
770 144.1572
771 219.0
772 30.590176
773 142.21053
774 219.0
775 33.164436
776 42.25682
777 0.0
778 37.664547
779 0.0
780 82.47887
781 140.4568
782 152.921
783 235.0
784 29.787994
785 23.352135
786 34.934
787 219.0
788 127.7197
789 141.54408
790 41.42389
791 152.98643
792 172.61067
793 34.334
794 86.36676
795 21.137722
796 14.567923
797 0.0
798 47.551865
799 45.168377
800 235.0
801 353.0676
802 327.7513
803 315.0
804 277.382
805 273.0059
806 246.37491
807 236.134
808 235.7277
809 235.0
810 235.0
811 235.0
812 235.0
813 235.0
814 235.0
815 235.0
816 235.0
817 235.0
818 235.0
819 225.61462
820 220.134
821 219.0
822 219.0
823 219.0
824 219.0
825 219.0
826 219.0
827 219.0
828 219.0
829 219.0
830 219.0
831 219.0
832 219.0
833 219.0
834 219.0
835 219.0
836 219.0
837 219.0
838 219.0
839 219.0
840 218.84717
841 218.34009
842 217.2285
843 207.65167
844 206.20016
845 203.17772
846 200.98914
847 199.94095
848 198.77217
849 191.51468
850 189.94513
851 28.938261
852 219.0
853 140.13454
854 315.0
855 316.134
856 158.69652
857 99.26666
858 235.0
859 33.371433
860 146.28334
861 219.0
862 110.55777
863 49.73268
864 108.71973
865 166.5755
866 219.0
867 219.0
868 109.40865
869 208.98799
870 26.048609
871 213.126
872 219.0
873 219.0
874 299.71097
875 34.553974
876 48.92063
877 219.0
878 219.0
879 14.232658
880 25.687126
881 157.31786
882 190.10294
883 111.12165
884 43.02146
885 20.794504
886 38.685528
887 0.0
888 14.119869
889 219.0
890 186.28395
891 219.0
892 84.25754
893 96.17097
894 34.934
895 190.50655
896 199.67905
897 27.699757
898 58.48819
899 141.59268
900 156.14917
901 353.0676
902 327.7513
903 316.134
904 315.0
905 315.0
906 299.71097
907 277.382
908 273.0059
909 246.37491
910 236.134
911 235.7277
912 235.0
913 235.0
914 235.0
915 235.0
916 235.0
917 235.0
918 235.0
919 235.0
920 235.0
921 235.0
922 235.0
923 225.61462
924 220.134
925 219.0
926 219.0
927 219.0
928 219.0
929 219.0
930 219.0
931 219.0
932 219.0
933 219.0
934 219.0
935 219.0
936 219.0
937 219.0
938 219.0
939 219.0
940 219.0
941 219.0
942 219.0
943 219.0
944 219.0
945 219.0
946 219.0
947 219.0
948 219.0
949 219.0
950 219.0
951 25.658627
952 19.91237
953 196.05817
954 135.94579
955 316.134
956 67.62371
957 235.0
958 315.0
959 164.246
960 235.0
961 235.0
962 236.134
963 219.0
964 54.850525
965 235.0
966 26.298086
967 65.94062
968 218.65184
969 35.13379
970 0.0
971 167.9067
972 219.0
973 219.0
974 171.8761
975 166.22432
976 128.61377
977 91.4582
978 52.0138
979 0.0
980 184.3854
981 123.22468
982 219.0
983 140.09262
984 220.134
985 53.853683
986 148.8608
987 33.00076
988 109.44437
989 45.099705
990 226.6037
991 213.35066
992 0.0
993 220.134
994 34.743256
995 128.18657
996 118.72367
997 219.0
998 236.134
999 159.96251
1000 236.134
1001 353.0676
1002 327.7513
1003 316.134
1004 316.134
1005 315.0
1006 315.0
1007 315.0
1008 299.71097
1009 277.382
1010 273.0059
1011 246.37491
1012 236.134
1013 236.134
1014 236.134
1015 236.134
1016 235.7277
1017 235.0
1018 235.0
1019 235.0
1020 235.0
1021 235.0
1022 235.0
1023 235.0
1024 235.0
1025 235.0
1026 235.0
1027 235.0
1028 235.0
1029 235.0
1030 235.0
1031 235.0
1032 226.6037
1033 225.61462
1034 220.134
1035 220.134
1036 220.134
1037 219.0
1038 219.0
1039 219.0
1040 219.0
1041 219.0
1042 219.0
1043 219.0
1044 219.0
1045 219.0
1046 219.0
1047 219.0
1048 219.0
1049 219.0
1050 219.0
1051 148.61343
1052 117.920586
1053 235.0
1054 316.134
1055 148.55884
1056 64.94598
1057 219.0
1058 186.33487
1059 161.2822
1060 190.95323
1061 146.90157
1062 94.52916
1063 219.0
1064 184.32404
1065 219.0
1066 219.0
1067 55.188866
1068 113.71473
1069 17.667553
1070 27.506784
1071 235.0
1072 162.65485
1073 25.985367
1074 0.0
1075 139.32104
1076 211.43497
1077 135.75127
1078 315.0
1079 235.0
1080 96.388
1081 235.0
1082 168.42613
1083 178.0615
1084 84.68518
1085 219.0
1086 30.222912
1087 146.37732
1088 220.134
1089 219.0
1090 0.0
1091 150.23923
1092 80.27212
1093 219.0
1094 219.0
1095 138.27599
1096 71.320656
1097 219.0
1098 219.0
1099 219.0
1100 29.79074
1101 353.0676
1102 327.7513
1103 316.134
1104 316.134
1105 316.134
1106 315.0
1107 315.0
1108 315.0
1109 315.0
1110 299.71097
1111 277.382
1112 273.0059
1113 246.37491
1114 236.134
1115 236.134
1116 236.134
1117 236.134
1118 235.7277
1119 235.0
1120 235.0
1121 235.0
1122 235.0
1123 235.0
1124 235.0
1125 235.0
1126 235.0
1127 235.0
1128 235.0
1129 235.0
1130 235.0
1131 235.0
1132 235.0
1133 235.0
1134 235.0
1135 235.0
1136 235.0
1137 235.0
1138 226.6037
1139 225.61462
1140 220.134
1141 220.134
1142 220.134
1143 220.134
1144 219.0
1145 219.0
1146 219.0
1147 219.0
1148 219.0
1149 219.0
1150 219.0
1151 235.0
1152 76.98872
1153 271.9148
1154 236.134
1155 235.0
1156 114.95671
1157 236.134
1158 301.87457
1159 114.03116
1160 52.991493
1161 219.0
1162 98.48758
1163 47.04518
1164 65.86313
1165 167.37875
1166 13.506624
1167 235.0
1168 235.0
1169 120.29236
1170 219.0
1171 134.1336
1172 190.06593
1173 19.301512
1174 168.64043
1175 107.321526
1176 25.145636
1177 219.0
1178 219.0
1179 235.0
1180 213.72314
1181 175.47037
1182 176.89565
1183 219.0
1184 219.0
1185 213.26659
1186 235.0
1187 36.04839
1188 219.0
1189 31.607456
1190 0.0
1191 74.808174
1192 196.92564
1193 28.131605
1194 203.41103
1195 0.0
1196 48.532215
1197 220.134
1198 235.0
1199 180.67422
1200 38.61463
1201 353.0676
1202 327.7513
1203 316.134
1204 316.134
1205 316.134
1206 315.0
1207 315.0
1208 315.0
1209 315.0
1210 301.87457
1211 299.71097
1212 277.382
1213 273.0059
1214 271.9148
1215 246.37491
1216 236.134
1217 236.134
1218 236.134
1219 236.134
1220 236.134
1221 236.134
1222 235.7277
1223 235.0
1224 235.0
1225 235.0
1226 235.0
1227 235.0
1228 235.0
1229 235.0
1230 235.0
1231 235.0
1232 235.0
1233 235.0
1234 235.0
1235 235.0
1236 235.0
1237 235.0
1238 235.0
1239 235.0
1240 235.0
1241 235.0
1242 235.0
1243 235.0
1244 235.0
1245 235.0
1246 235.0
1247 235.0
1248 235.0
1249 226.6037
1250 225.61462
1251 0.0
1252 202.26772
1253 235.0
1254 315.0
1255 219.0
1256 77.48264
1257 76.57927
1258 219.0
1259 166.76509
1260 236.134
1261 219.0
1262 121.03219
1263 110.78883
1264 38.39848
1265 66.429115
1266 179.51675
1267 219.0
1268 220.134
1269 219.0
1270 93.265755
1271 236.134
1272 138.8258
1273 189.82996
1274 220.134
1275 219.0
1276 204.77943
1277 152.09006
1278 235.0
1279 99.22637
1280 235.0
1281 219.0
1282 16.367947
1283 219.0
1284 24.591297
1285 235.0
1286 166.0619
1287 30.8
1288 219.0
1289 136.62973
1290 202.35143
1291 190.26282
1292 162.69133
1293 202.45383
1294 208.81023
1295 32.534
1296 219.0
1297 220.134
1298 219.0
1299 49.34805
1300 148.74132
1301 353.0676
1302 327.7513
1303 316.134
1304 316.134
1305 316.134
1306 315.0
1307 315.0
1308 315.0
1309 315.0
1310 315.0
1311 301.87457
1312 299.71097
1313 277.382
1314 273.0059
1315 271.9148
1316 246.37491
1317 236.134
1318 236.134
1319 236.134
1320 236.134
1321 236.134
1322 236.134
1323 236.134
1324 236.134
1325 235.7277
1326 235.0
1327 235.0
1328 235.0
1329 235.0
1330 235.0
1331 235.0
1332 235.0
1333 235.0
1334 235.0
1335 235.0
1336 235.0
1337 235.0
1338 235.0
1339 235.0
1340 235.0
1341 235.0
1342 235.0
1343 235.0
1344 235.0
1345 235.0
1346 235.0
1347 235.0
1348 235.0
1349 235.0
1350 235.0
1351 105.62462
1352 37.732487
1353 235.0
1354 235.0
1355 262.40674
1356 242.74863
1357 269.15628
1358 62.577847
1359 315.0
1360 196.8359
1361 207.70726
1362 97.74354
1363 37.57589
1364 219.0
1365 219.0
1366 62.26574
1367 219.0
1368 219.0
1369 220.134
1370 316.134
1371 213.36002
1372 236.134
1373 235.0
1374 107.50118
1375 218.63411
1376 142.36623
1377 32.006844
1378 235.0
1379 109.62457
1380 236.134
1381 219.0
1382 153.34325
1383 120.53858
1384 219.0
1385 219.0
1386 235.0
1387 126.59893
1388 146.19508
1389 1.7340001
1390 220.134
1391 132.42415
1392 219.0
1393 235.0
1394 219.0
1395 177.1721
1396 219.0
1397 86.935455
1398 220.134
1399 313.16672
1400 220.134
1401 353.0676
1402 327.7513
1403 316.134
1404 316.134
1405 316.134
1406 316.134
1407 315.0
1408 315.0
1409 315.0
1410 315.0
1411 315.0
1412 315.0
1413 313.16672
1414 301.87457
1415 299.71097
1416 277.382
1417 273.0059
1418 271.9148
1419 269.15628
1420 262.40674
1421 246.37491
1422 242.74863
1423 236.134
1424 236.134
1425 236.134
1426 236.134
1427 236.134
1428 236.134
1429 236.134
1430 236.134
1431 236.134
1432 236.134
1433 235.7277
1434 235.0
1435 235.0
1436 235.0
1437 235.0
1438 235.0
1439 235.0
1440 235.0
1441 235.0
1442 235.0
1443 235.0
1444 235.0
1445 235.0
1446 235.0
1447 235.0
1448 235.0
1449 235.0
1450 235.0
1451 142.23924
1452 201.83336
1453 219.0
1454 230.1392
1455 229.07327
1456 219.0
1457 219.0
1458 235.0
1459 315.0
1460 219.0
1461 235.0
1462 236.134
1463 50.066032
1464 235.0
1465 76.281364
1466 219.0
1467 316.134
1468 187.43863
1469 204.1977
1470 56.147133
1471 72.60031
1472 235.0
1473 219.0
1474 219.0
1475 235.0
1476 65.87475
1477 219.0
1478 67.65765
1479 166.47539
1480 177.15227
1481 91.14445
1482 219.0
1483 219.0
1484 127.69888
1485 49.574707
1486 235.0
1487 136.73819
1488 64.91463
1489 34.4
1490 181.06091
1491 20.073275
1492 196.9673
1493 197.53342
1494 171.39713
1495 235.0
1496 236.134
1497 219.0
1498 61.375328
1499 152.03165
1500 354.10068
1501 354.10068
1502 353.0676
1503 327.7513
1504 316.134
1505 316.134
1506 316.134
1507 316.134
1508 316.134
1509 315.0
1510 315.0
1511 315.0
1512 315.0
1513 315.0
1514 315.0
1515 315.0
1516 313.16672
1517 301.87457
1518 299.71097
1519 277.382
1520 273.0059
1521 271.9148
1522 269.15628
1523 262.40674
1524 246.37491
1525 242.74863
1526 236.134
1527 236.134
1528 236.134
1529 236.134
1530 236.134
1531 236.134
1532 236.134
1533 236.134
1534 236.134
1535 236.134
1536 236.134
1537 236.134
1538 235.7277
1539 235.0
1540 235.0
1541 235.0
1542 235.0
1543 235.0
1544 235.0
1545 235.0
1546 235.0
1547 235.0
1548 235.0
1549 235.0
1550 235.0
1551 71.28992
1552 51.3766
1553 202.3496
1554 219.0
1555 219.0
1556 235.0
1557 219.0
1558 235.0
1559 45.410362
1560 235.0
1561 235.0
1562 315.0
1563 235.0
1564 219.0
1565 177.43971
1566 71.3041
1567 236.134
1568 67.88274
1569 123.05758
1570 180.1942
1571 219.0
1572 178.4454
1573 37.48063
1574 236.134
1575 144.46228
1576 235.0
1577 154.73872
1578 105.421005
1579 71.59362
1580 315.0
1581 219.0
1582 235.0
1583 219.0
1584 235.0
1585 90.311554
1586 115.07367
1587 207.36859
1588 134.6393
1589 315.0
1590 219.0
1591 152.1024
1592 235.0
1593 95.41884
1594 99.52429
1595 235.0
1596 235.0
1597 235.0
1598 219.0
1599 219.0
1600 138.40518
1601 354.10068
1602 353.0676
1603 327.7513
1604 316.134
1605 316.134
1606 316.134
1607 316.134
1608 316.134
1609 315.0
1610 315.0
1611 315.0
1612 315.0
1613 315.0
1614 315.0
1615 315.0
1616 315.0
1617 315.0
1618 315.0
1619 313.16672
1620 301.87457
1621 299.71097
1622 277.382
1623 273.0059
1624 271.9148
1625 269.15628
1626 262.40674
1627 246.37491
1628 242.74863
1629 236.134
1630 236.134
1631 236.134
1632 236.134
1633 236.134
1634 236.134
1635 236.134
1636 236.134
1637 236.134
1638 236.134
1639 236.134
1640 236.134
1641 236.134
1642 236.134
1643 235.7277
1644 235.0
1645 235.0
1646 235.0
1647 235.0
1648 235.0
1649 235.0
1650 235.0
1651 194.66026
1652 49.18453
1653 39.918823
1654 38.61463
1655 220.134
1656 235.0
1657 235.0
1658 235.0
1659 219.0
1660 16.855469
1661 412.6674
1662 175.23903
1663 211.26866
1664 207.56792
1665 152.93483
1666 219.0
1667 122.67161
1668 219.0
1669 219.0
1670 219.0
1671 208.73944
1672 236.134
1673 315.0
1674 316.134
1675 252.647
1676 196.85509
1677 44.111164
1678 126.04086
1679 219.0
1680 65.97338
1681 146.57576
1682 219.0
1683 192.51299
1684 213.34732
1685 257.9694
1686 81.59554
1687 218.76303
1688 46.363262
1689 100.00323
1690 219.0
1691 87.57954
1692 219.0
1693 219.0
1694 267.9226
1695 207.84561
1696 193.3873
1697 219.0
1698 198.46498
1699 78.671234
1700 219.0
1701 412.6674
1702 412.6674
1703 354.10068
1704 353.0676
1705 327.7513
1706 316.134
1707 316.134
1708 316.134
1709 316.134
1710 316.134
1711 316.134
1712 315.0
1713 315.0
1714 315.0
1715 315.0
1716 315.0
1717 315.0
1718 315.0
1719 315.0
1720 315.0
1721 315.0
1722 315.0
1723 313.16672
1724 301.87457
1725 299.71097
1726 277.382
1727 273.0059
1728 271.9148
1729 269.15628
1730 267.9226
1731 262.40674
1732 257.9694
1733 252.647
1734 246.37491
1735 242.74863
1736 236.134
1737 236.134
1738 236.134
1739 236.134
1740 236.134
1741 236.134
1742 236.134
1743 236.134
1744 236.134
1745 236.134
1746 236.134
1747 236.134
1748 236.134
1749 236.134
1750 236.134
1751 235.7277
1752 220.134
1753 95.71318
1754 47.86972
1755 22.849562
1756 0.0
1757 136.8725
1758 196.85858
1759 220.134
1760 235.0
1761 89.9219
1762 120.40313
1763 219.0
1764 235.0
1765 219.0
1766 220.134
1767 316.134
1768 220.134
1769 208.89256
1770 219.0
1771 142.362
1772 42.850872
1773 207.47125
1774 219.0
1775 109.42454
1776 118.2561
1777 315.0
1778 207.76897
1779 87.928566
1780 197.79129
1781 92.60656
1782 123.29814
1783 120.31061
1784 226.65993
1785 235.0
1786 219.0
1787 219.0
1788 35.570732
1789 220.134
1790 235.0
1791 87.81826
1792 159.5964
1793 0.0
1794 80.733635
1795 220.134
1796 0.0
1797 235.0
1798 212.53171
1799 316.134
1800 235.0
1801 26.372784
1802 412.6674
1803 354.10068
1804 353.0676
1805 327.7513
1806 316.134
1807 316.134
1808 316.134
1809 316.134
1810 316.134
1811 316.134
1812 316.134
1813 316.134
1814 315.0
1815 315.0
1816 315.0
1817 315.0
1818 315.0
1819 315.0
1820 315.0
1821 315.0
1822 315.0
1823 315.0
1824 315.0
1825 315.0
1826 313.16672
1827 301.87457
1828 299.71097
1829 277.382
1830 273.0059
1831 271.9148
1832 269.15628
1833 267.9226
1834 262.40674
1835 257.9694
1836 252.647
1837 246.37491
1838 242.74863
1839 236.134
1840 236.134
1841 236.134
1842 236.134
1843 236.134
1844 236.134
1845 236.134
1846 236.134
1847 236.134
1848 236.134
1849 236.134
1850 236.134
1851 236.134
1852 315.0
1853 67.79353
1854 220.134
1855 235.0
1856 217.26178
1857 235.0
1858 66.12566
1859 219.0
1860 177.07779
1861 185.42154
1862 219.0
1863 235.0
1864 219.0
1865 253.89415
1866 166.25677
1867 235.0
1868 48.217865
1869 219.0
1870 219.0
1871 156.66393
1872 0.0
1873 235.0
1874 157.49474
1875 219.0
1876 98.31228
1877 235.0
1878 90.03677
1879 173.64357
1880 42.834373
1881 253.57043
1882 219.0
1883 165.34695
1884 45.303123
1885 139.65613
1886 316.134
1887 205.84566
1888 134.8353
1889 107.518906
1890 94.30272
1891 235.0
1892 236.134
1893 235.0
1894 236.134
1895 198.31898
1896 179.22137
1897 190.2655
1898 142.8159
1899 54.57722
1900 219.0
1901 236.134
1902 412.6674
1903 354.10068
1904 353.0676
1905 327.7513
1906 316.134
1907 316.134
1908 316.134
1909 316.134
1910 316.134
1911 316.134
1912 316.134
1913 316.134
1914 316.134
1915 315.0
1916 315.0
1917 315.0
1918 315.0
1919 315.0
1920 315.0
1921 315.0
1922 315.0
1923 315.0
1924 315.0
1925 315.0
1926 315.0
1927 315.0
1928 313.16672
1929 301.87457
1930 299.71097
1931 277.382
1932 273.0059
1933 271.9148
1934 269.15628
1935 267.9226
1936 262.40674
1937 257.9694
1938 253.89415
1939 253.57043
1940 252.647
1941 246.37491
1942 242.74863
1943 236.134
1944 236.134
1945 236.134
1946 236.134
1947 236.134
1948 236.134
1949 236.134
1950 236.134
1951 236.134
1952 220.134
1953 152.79704
1954 189.38644
1955 305.70117
1956 235.98735
1957 315.0
1958 219.0
1959 77.11542
1960 219.51909
1961 219.0
1962 236.134
1963 219.0
1964 452.9986
1965 235.0
1966 72.98384
1967 113.08047
1968 235.0
1969 235.0
1970 182.08755
1971 219.0
1972 219.0
1973 230.04329
1974 219.0
1975 120.48356
1976 208.15639
1977 219.0
1978 219.0
1979 61.553444
1980 98.98264
1981 110.47531
1982 315.0
1983 85.87282
1984 235.0
1985 37.48063
1986 49.285866
1987 202.41527
1988 235.0
1989 214.2495
1990 198.52167
1991 154.19958
1992 220.134
1993 219.0
1994 154.53108
1995 220.134
1996 507.0
1997 116.37209
1998 219.0
1999 235.0
2000 219.0
2001 220.134
2002 507.0
2003 507.0
2004 452.9986
2005 412.6674
2006 354.10068
2007 353.0676
2008 327.7513
2009 316.134
2010 316.134
2011 316.134
2012 316.134
2013 316.134
2014 316.134
2015 316.134
2016 316.134
2017 316.134
2018 315.0
2019 315.0
2020 315.0
2021 315.0
2022 315.0
2023 315.0
2024 315.0
2025 315.0
2026 315.0
2027 315.0
2028 315.0
2029 315.0
2030 315.0
2031 315.0
2032 315.0
2033 313.16672
2034 305.70117
2035 301.87457
2036 299.71097
2037 277.382
2038 273.0059
2039 271.9148
2040 269.15628
2041 267.9226
2042 262.40674
2043 257.9694
2044 253.89415
2045 253.57043
2046 252.647
2047 246.37491
2048 242.74863
2049 236.134
2050 236.134
2051 236.134
2052 236.134
2053 235.0
2054 216.5113
2055 112.386765
2056 236.134
2057 33.57132
2058 219.7969
2059 186.3055
2060 0.0
2061 220.134
2062 168.8959
2063 126.874115
2064 189.54372
2065 99.452995
2066 25.398884
2067 56.322968
2068 155.00478
2069 235.0
2070 97.824295
2071 219.0
2072 158.42856
2073 235.0
2074 236.134
2075 73.50022
2076 186.35284
2077 197.95773
2078 129.64424
2079 235.0
2080 166.14975
2081 23.59909
2082 235.0
2083 4.0840344
2084 235.0
2085 206.93726
2086 115.78526
2087 71.814735
2088 235.0
2089 136.81705
2090 235.0
2091 138.39165
2092 162.11765
2093 165.50269
2094 41.957886
2095 29.479254
2096 235.0
2097 133.68428
2098 218.2436
2099 235.0
2100 456.0233
2101 219.0
2102 219.0
2103 507.0
2104 456.0233
2105 452.9986
2106 412.6674
2107 354.10068
2108 353.0676
2109 327.7513
2110 316.134
2111 316.134
2112 316.134
2113 316.134
2114 316.134
2115 316.134
2116 316.134
2117 316.134
2118 316.134
2119 315.0
2120 315.0
2121 315.0
2122 315.0
2123 315.0
2124 315.0
2125 315.0
2126 315.0
2127 315.0
2128 315.0
2129 315.0
2130 315.0
2131 315.0
2132 315.0
2133 315.0
2134 313.16672
2135 305.70117
2136 301.87457
2137 299.71097
2138 277.382
2139 273.0059
2140 271.9148
2141 269.15628
2142 267.9226
2143 262.40674
2144 257.9694
2145 253.89415
2146 253.57043
2147 252.647
2148 246.37491
2149 242.74863
2150 236.134
2151 236.134
2152 236.134
2153 235.0
2154 36.286522
2155 235.0
2156 219.0
2157 73.179504
2158 30.866
2159 219.0
2160 142.67383
2161 43.055565
2162 219.0
2163 64.73493
2164 49.184288
2165 220.134
2166 216.2728
2167 219.0
2168 0.0
2169 235.0
2170 219.0
2171 120.2638
2172 219.0
2173 44.081768
2174 267.79236
2175 235.0
2176 95.681244
2177 296.53604
2178 235.0
2179 136.49771
2180 235.0
2181 61.884933
2182 219.0
2183 219.0
2184 219.0
2185 93.69797
2186 231.80466
2187 131.71913
2188 315.0
2189 219.0
2190 127.91129
2191 316.134
2192 211.24673
2193 28.781479
2194 41.163353
2195 56.957752
2196 219.0
2197 235.0
2198 27.581478
2199 219.0
2200 236.134
2201 235.0
2202 235.0
2203 507.0
2204 456.0233
2205 452.9986
2206 412.6674
2207 354.10068
2208 353.0676
2209 327.7513
2210 316.134
2211 316.134
2212 316.134
2213 316.134
2214 316.134
2215 316.134
2216 316.134
2217 316.134
2218 316.134
2219 316.134
2220 315.0
2221 315.0
2222 315.0
2223 315.0
2224 315.0
2225 315.0
2226 315.0
2227 315.0
2228 315.0
2229 315.0
2230 315.0
2231 315.0
2232 315.0
2233 315.0
2234 315.0
2235 315.0
2236 313.16672
2237 305.70117
2238 301.87457
2239 299.71097
2240 296.53604
2241 277.382
2242 273.0059
2243 271.9148
2244 269.15628
2245 267.9226
2246 267.79236
2247 262.40674
2248 257.9694
2249 253.89415
2250 253.57043
2251 252.647
2252 246.37491
2253 235.0
2254 315.0
2255 235.0
2256 219.0
2257 47.198235
2258 149.89088
2259 108.74924
2260 220.134
2261 235.0
2262 111.764206
2263 267.46967
2264 269.05237
2265 316.134
2266 85.0833
2267 85.976425
2268 207.49187
2269 219.0
2270 82.03076
2271 104.07987
2272 315.0
2273 35.782192
2274 314.68463
2275 211.47308
2276 252.8554
2277 158.23051
2278 235.0
2279 120.704666
2280 119.114334
2281 220.134
2282 219.0
2283 219.0
2284 148.52463
2285 235.0
2286 235.0
2287 78.38402
2288 213.27895
2289 251.25725
2290 155.17336
2291 219.0
2292 240.28143
2293 219.0
2294 219.0
2295 235.0
2296 111.88738
2297 161.32108
2298 202.55363
2299 235.0
2300 227.17407
2301 185.6279
2302 53.737514
2303 507.0
2304 456.0233
2305 452.9986
2306 412.6674
2307 354.10068
2308 353.0676
2309 327.7513
2310 316.134
2311 316.134
2312 316.134
2313 316.134
2314 316.134
2315 316.134
2316 316.134
2317 316.134
2318 316.134
2319 316.134
2320 316.134
2321 315.0
2322 315.0
2323 315.0
2324 315.0
2325 315.0
2326 315.0
2327 315.0
2328 315.0
2329 315.0
2330 315.0
2331 315.0
2332 315.0
2333 315.0
2334 315.0
2335 315.0
2336 315.0
2337 315.0
2338 315.0
2339 314.68463
2340 313.16672
2341 305.70117
2342 301.87457
2343 299.71097
2344 296.53604
2345 277.382
2346 273.0059
2347 271.9148
2348 269.15628
2349 269.05237
2350 267.9226
2351 267.79236
2352 267.46967
2353 235.0
2354 236.134
2355 219.0
2356 236.134
2357 38.61463
2358 0.0
2359 212.38538
2360 139.2781
2361 40.94863
2362 220.134
2363 32.534
2364 219.0
2365 219.0
2366 219.0
2367 293.99374
2368 175.47267
2369 235.0
2370 155.47092
2371 218.67976
2372 315.0
2373 236.134
2374 315.0
2375 219.0
2376 103.49484
2377 219.0
2378 215.12114
2379 132.624
2380 235.0
2381 315.0
2382 235.0
2383 202.41878
2384 235.0
2385 153.13329
2386 114.85963
2387 141.27365
2388 315.0
2389 198.08571
2390 236.134
2391 103.87232
2392 220.134
2393 40.0547
2394 122.44375
2395 140.00443
2396 219.0
2397 195.76073
2398 315.0
2399 89.46161
2400 235.0
2401 251.16153
2402 241.76553
2403 507.0
2404 456.0233
2405 452.9986
2406 412.6674
2407 354.10068
2408 353.0676
2409 327.7513
2410 316.134
2411 316.134
2412 316.134
2413 316.134
2414 316.134
2415 316.134
2416 316.134
2417 316.134
2418 316.134
2419 316.134
2420 316.134
2421 315.0
2422 315.0
2423 315.0
2424 315.0
2425 315.0
2426 315.0
2427 315.0
2428 315.0
2429 315.0
2430 315.0
2431 315.0
2432 315.0
2433 315.0
2434 315.0
2435 315.0
2436 315.0
2437 315.0
2438 315.0
2439 315.0
2440 315.0
2441 315.0
2442 315.0
2443 315.0
2444 314.68463
2445 313.16672
2446 305.70117
2447 301.87457
2448 299.71097
2449 296.53604
2450 293.99374
2451 277.382
2452 273.0059
2453 235.0
2454 220.134
2455 77.68167
2456 53.49754
2457 209.19249
2458 35.877254
2459 119.26713
2460 127.12106
2461 253.89096
2462 315.0
2463 71.54694
2464 235.0
2465 36.88063
2466 219.0
2467 219.0
2468 202.48099
2469 219.0
2470 235.0
2471 62.148987
2472 36.283386
2473 235.0
2474 219.0
2475 219.0
2476 166.92996
2477 124.73301
2478 219.0
2479 115.72013
2480 187.2691
2481 268.07468
2482 219.0
2483 129.54645
2484 83.72985
2485 219.0
2486 235.0
2487 72.38781
2488 219.0
2489 125.79194
2490 235.0
2491 259.997
2492 252.3109
2493 219.0
2494 223.88562
2495 273.8548
2496 41.42038
2497 197.71655
2498 306.19925
2499 219.0
2500 64.53136
2501 219.0
2502 143.6841
2503 507.0
2504 456.0233
2505 452.9986
2506 412.6674
2507 354.10068
2508 353.0676
2509 327.7513
2510 316.134
2511 316.134
2512 316.134
2513 316.134
2514 316.134
2515 316.134
2516 316.134
2517 316.134
2518 316.134
2519 316.134
2520 316.134
2521 315.0
2522 315.0
2523 315.0
2524 315.0
2525 315.0
2526 315.0
2527 315.0
2528 315.0
2529 315.0
2530 315.0
2531 315.0
2532 315.0
2533 315.0
2534 315.0
2535 315.0
2536 315.0
2537 315.0
2538 315.0
2539 315.0
2540 315.0
2541 315.0
2542 315.0
2543 315.0
2544 315.0
2545 314.68463
2546 313.16672
2547 306.19925
2548 305.70117
2549 301.87457
2550 299.71097
2551 296.53604
2552 293.99374
2553 235.0
2554 29.070116
2555 235.0
2556 219.0
2557 315.0
2558 70.80219
2559 107.71337
2560 0.0
2561 219.0
2562 315.0
2563 219.0
2564 219.0
2565 135.46687
2566 27.85339
2567 476.4399
2568 186.28592
2569 236.134
2570 235.0
2571 235.0
2572 78.937706
2573 142.18356
2574 166.01004
2575 220.134
2576 220.134
2577 154.44263
2578 219.0
2579 219.0
2580 219.0
2581 204.33994
2582 219.0
2583 315.0
2584 87.61305
2585 154.12343
2586 219.0
2587 236.134
2588 315.0
2589 212.22429
2590 219.0
2591 60.37917
2592 155.9982
2593 200.31041
2594 220.134
2595 315.0
2596 208.30486
2597 206.37433
2598 219.0
2599 82.189606
2600 219.0
2601 313.866
2602 53.88935
2603 507.0
2604 476.4399
2605 456.0233
2606 452.9986
2607 412.6674
2608 354.10068
2609 353.0676
2610 327.7513
2611 316.134
2612 316.134
2613 316.134
2614 316.134
2615 316.134
2616 316.134
2617 316.134
2618 316.134
2619 316.134
2620 316.134
2621 316.134
2622 315.0
2623 315.0
2624 315.0
2625 315.0
2626 315.0
2627 315.0
2628 315.0
2629 315.0
2630 315.0
2631 315.0
2632 315.0
2633 315.0
2634 315.0
2635 315.0
2636 315.0
2637 315.0
2638 315.0
2639 315.0
2640 315.0
2641 315.0
2642 315.0
2643 315.0
2644 315.0
2645 315.0
2646 315.0
2647 315.0
2648 315.0
2649 315.0
2650 315.0
2651 314.68463
2652 313.866
2653 236.134
2654 315.0
2655 235.0
2656 147.64568
2657 219.0
2658 274.36703
2659 175.17969
2660 218.30266
2661 0.0
2662 135.1733
2663 55.004448
2664 219.0
2665 86.35181
2666 71.29394
2667 219.0
2668 219.0
2669 398.46658
2670 220.134
2671 235.0
2672 219.0
2673 75.86108
2674 235.0
2675 234.77014
2676 151.63559
2677 235.0
2678 219.0
2679 235.0
2680 219.0
2681 167.91602
2682 44.12055
2683 219.0
2684 306.87744
2685 0.0
2686 219.65202
2687 196.80324
2688 84.38058
2689 315.0
2690 235.0
2691 220.134
2692 219.0
2693 273.56046
2694 315.0
2695 181.74757
2696 219.0
2697 219.0
2698 235.0
2699 235.0
2700 342.43588
2701 218.39082
2702 61.124756
2703 507.0
2704 476.4399
2705 456.0233
2706 452.9986
2707 412.6674
2708 398.46658
2709 354.10068
2710 353.0676
2711 342.43588
2712 327.7513
2713 316.134
2714 316.134
2715 316.134
2716 316.134
2717 316.134
2718 316.134
2719 316.134
2720 316.134
2721 316.134
2722 316.134
2723 316.134
2724 315.0
2725 315.0
2726 315.0
2727 315.0
2728 315.0
2729 315.0
2730 315.0
2731 315.0
2732 315.0
2733 315.0
2734 315.0
2735 315.0
2736 315.0
2737 315.0
2738 315.0
2739 315.0
2740 315.0
2741 315.0
2742 315.0
2743 315.0
2744 315.0
2745 315.0
2746 315.0
2747 315.0
2748 315.0
2749 315.0
2750 315.0
2751 315.0
2752 315.0
2753 219.0
2754 235.0
2755 236.134
2756 149.39426
2757 219.0
2758 235.0
2759 219.0
2760 218.49112
2761 196.68146
2762 315.0
2763 109.72987
2764 219.0
2765 170.30887
2766 52.078896
2767 220.134
2768 49.36888
2769 214.7728
2770 315.0
2771 140.52647
2772 236.134
2773 235.0
2774 220.134
2775 219.0
2776 151.80821
2777 44.155464
2778 315.0
2779 206.58368
2780 219.0
2781 219.0
2782 315.0
2783 186.79099
2784 225.29782
2785 71.25637
2786 149.96393
2787 306.33606
2788 315.0
2789 197.8709
2790 126.06849
2791 235.0
2792 212.35701
2793 219.0
2794 315.0
2795 219.0
2796 55.106216
2797 215.75464
2798 315.0
2799 240.54901
2800 235.0
2801 175.09348
2802 235.0
2803 507.0
2804 476.4399
2805 456.0233
2806 452.9986
2807 412.6674
2808 398.46658
2809 354.10068
2810 353.0676
2811 342.43588
2812 327.7513
2813 316.134
2814 316.134
2815 316.134
2816 316.134
2817 316.134
2818 316.134
2819 316.134
2820 316.134
2821 316.134
2822 316.134
2823 316.134
2824 315.0
2825 315.0
2826 315.0
2827 315.0
2828 315.0
2829 315.0
2830 315.0
2831 315.0
2832 315.0
2833 315.0
2834 315.0
2835 315.0
2836 315.0
2837 315.0
2838 315.0
2839 315.0
2840 315.0
2841 315.0
2842 315.0
2843 315.0
2844 315.0
2845 315.0
2846 315.0
2847 315.0
2848 315.0
2849 315.0
2850 315.0
2851 315.0
2852 315.0
2853 219.0
2854 219.0
2855 235.0
2856 201.65451
2857 219.0
2858 235.0
2859 219.0
2860 123.93282
2861 220.19557
2862 179.21005
2863 235.0
2864 235.0
2865 57.447758
2866 219.0
2867 220.134
2868 219.3274
2869 235.0
2870 219.0
2871 235.0
2872 84.56918
2873 301.78027
2874 25.715982
2875 338.77142
2876 219.0
2877 110.05045
2878 219.0
2879 235.0
2880 219.0
2881 197.86458
2882 310.16498
2883 202.7634
2884 315.0
2885 252.75696
2886 139.90552
2887 0.0
2888 201.15814
2889 257.76117
2890 34.796112
2891 180.35188
2892 236.134
2893 315.0
2894 31.805546
2895 207.8796
2896 235.0
2897 71.48716
2898 235.0
2899 219.0
2900 235.0
2901 219.0
2902 33.145523
2903 507.0
2904 476.4399
2905 456.0233
2906 452.9986
2907 412.6674
2908 398.46658
2909 354.10068
2910 353.0676
2911 342.43588
2912 338.77142
2913 327.7513
2914 316.134
2915 316.134
2916 316.134
2917 316.134
2918 316.134
2919 316.134
2920 316.134
2921 316.134
2922 316.134
2923 316.134
2924 316.134
2925 315.0
2926 315.0
2927 315.0
2928 315.0
2929 315.0
2930 315.0
2931 315.0
2932 315.0
2933 315.0
2934 315.0
2935 315.0
2936 315.0
2937 315.0
2938 315.0
2939 315.0
2940 315.0
2941 315.0
2942 315.0
2943 315.0
2944 315.0
2945 315.0
2946 315.0
2947 315.0
2948 315.0
2949 315.0
2950 315.0
2951 315.0
2952 315.0
2953 161.43208
2954 235.0
2955 55.055855
2956 235.0
2957 169.04274
2958 219.0
2959 128.12415
2960 69.90218
2961 202.04436
2962 220.134
2963 83.82529
2964 258.57272
2965 235.0
2966 235.0
2967 439.44113
2968 45.998768
2969 235.0
2970 235.0
2971 219.0
2972 219.0
2973 315.0
2974 236.134
2975 19.726286
2976 220.134
2977 104.25963
2978 236.134
2979 174.97137
2980 188.81364
2981 258.25745
2982 37.41463
2983 269.2873
2984 72.25968
2985 91.664246
2986 202.45683
2987 36.34663
2988 219.0
2989 219.0
2990 49.65964
2991 235.0
2992 138.04922
2993 315.0
2994 235.0
2995 39.56515
2996 201.63617
2997 60.575424
2998 104.078125
2999 235.0
3000 235.0
3001 196.79024
3002 315.0
3003 507.0
3004 476.4399
3005 456.0233
3006 452.9986
3007 439.44113
3008 412.6674
3009 398.46658
3010 354.10068
3011 353.0676
3012 342.43588
3013 338.77142
3014 327.7513
3015 316.134
3016 316.134
3017 316.134
3018 316.134
3019 316.134
3020 316.134
3021 316.134
3022 316.134
3023 316.134
3024 316.134
3025 316.134
3026 315.0
3027 315.0
3028 315.0
3029 315.0
3030 315.0
3031 315.0
3032 315.0
3033 315.0
3034 315.0
3035 315.0
3036 315.0
3037 315.0
3038 315.0
3039 315.0
3040 315.0
3041 315.0
3042 315.0
3043 315.0
3044 315.0
3045 315.0
3046 315.0
3047 315.0
3048 315.0
3049 315.0
3050 315.0
3051 315.0
3052 315.0
3053 220.134
3054 235.0
3055 220.134
3056 122.340385
3057 219.0
3058 147.4968
3059 236.134
3060 155.79262
3061 270.29163
3062 235.0
3063 219.0
3064 0.0
3065 219.0
3066 220.134
3067 252.77292
3068 219.0
3069 219.0
3070 61.75959
3071 235.0
3072 235.0
3073 219.0
3074 101.15628
3075 316.134
3076 219.0
3077 235.0
3078 219.0
3079 219.0
3080 219.0
3081 315.0
3082 5.9990444
3083 236.134
3084 219.0
3085 219.0
3086 235.0
3087 235.0
3088 55.50241
3089 63.82847
3090 56.882095
3091 105.36222
3092 270.86588
3093 52.687862
3094 235.0
3095 315.0
3096 219.0
3097 315.0
3098 52.382732
3099 87.26617
3100 235.0
3101 235.0
3102 235.0
3103 507.0
3104 476.4399
3105 456.0233
3106 452.9986
3107 439.44113
3108 412.6674
3109 398.46658
3110 354.10068
3111 353.0676
3112 342.43588
3113 338.77142
3114 327.7513
3115 316.134
3116 316.134
3117 316.134
3118 316.134
3119 316.134
3120 316.134
3121 316.134
3122 316.134
3123 316.134
3124 316.134
3125 316.134
3126 316.134
3127 315.0
3128 315.0
3129 315.0
3130 315.0
3131 315.0
3132 315.0
3133 315.0
3134 315.0
3135 315.0
3136 315.0
3137 315.0
3138 315.0
3139 315.0
3140 315.0
3141 315.0
3142 315.0
3143 315.0
3144 315.0
3145 315.0
3146 315.0
3147 315.0
3148 315.0
3149 315.0
3150 315.0
3151 315.0
3152 315.0
3153 39.918823
3154 235.0
3155 219.0
3156 235.0
3157 219.0
3158 236.134
3159 235.0
3160 208.81758
3161 43.50352
3162 202.65184
3163 220.134
3164 315.0
3165 98.63428
3166 50.56719
3167 246.56688
3168 182.96036
3169 220.134
3170 219.0
3171 0.0
3172 219.54565
3173 137.99858
3174 52.65171
3175 315.0
3176 220.134
3177 25.385368
3178 97.52802
3179 165.87418
3180 315.0
3181 77.93865
3182 235.0
3183 50.720634
3184 315.0
3185 114.02324
3186 219.0
3187 219.0
3188 235.0
3189 315.0
3190 52.9481
3191 235.0
3192 303.1283
3193 42.72425
3194 219.0
3195 96.05097
3196 315.0
3197 271.3368
3198 220.134
3199 251.58199
3200 235.0
3201 235.0
3202 235.0
3203 507.0
3204 476.4399
3205 456.0233
3206 452.9986
3207 439.44113
3208 412.6674
3209 398.46658
3210 354.10068
3211 353.0676
3212 342.43588
3213 338.77142
3214 327.7513
3215 316.134
3216 316.134
3217 316.134
3218 316.134
3219 316.134
3220 316.134
3221 316.134
3222 316.134
3223 316.134
3224 316.134
3225 316.134
3226 316.134
3227 315.0
3228 315.0
3229 315.0
3230 315.0
3231 315.0
3232 315.0
3233 315.0
3234 315.0
3235 315.0
3236 315.0
3237 315.0
3238 315.0
3239 315.0
3240 315.0
3241 315.0
3242 315.0
3243 315.0
3244 315.0
3245 315.0
3246 315.0
3247 315.0
3248 315.0
3249 315.0
3250 315.0
3251 315.0
3252 315.0
3253 235.0
3254 219.0
3255 55.01313
3256 119.34987
3257 167.89362
3258 315.0
3259 315.0
3260 219.0
3261 89.29845
3262 235.0
3263 103.825935
3264 219.65594
3265 0.0
3266 219.0
3267 194.90782
3268 186.4452
3269 181.75932
3270 235.0
3271 111.4712
3272 40.34863
3273 219.0
3274 250.40065
3275 198.7556
3276 219.0
3277 49.476433
3278 219.0
3279 95.958336
3280 219.0
3281 22.633331
3282 219.0
3283 219.0
3284 220.134
3285 147.68195
3286 235.0
3287 34.563873
3288 125.74205
3289 70.24888
3290 94.31615
3291 316.134
3292 263.63275
3293 262.45596
3294 202.23064
3295 219.0
3296 235.0
3297 219.0
3298 235.0
3299 235.0
3300 235.0
3301 235.0
3302 219.0
3303 507.0
3304 476.4399
3305 456.0233
3306 452.9986
3307 439.44113
3308 412.6674
3309 398.46658
3310 354.10068
3311 353.0676
3312 342.43588
3313 338.77142
3314 327.7513
3315 316.134
3316 316.134
3317 316.134
3318 316.134
3319 316.134
3320 316.134
3321 316.134
3322 316.134
3323 316.134
3324 316.134
3325 316.134
3326 316.134
3327 316.134
3328 315.0
3329 315.0
3330 315.0
3331 315.0
3332 315.0
3333 315.0
3334 315.0
3335 315.0
3336 315.0
3337 315.0
3338 315.0
3339 315.0
3340 315.0
3341 315.0
3342 315.0
3343 315.0
3344 315.0
3345 315.0
3346 315.0
3347 315.0
3348 315.0
3349 315.0
3350 315.0
3351 315.0
3352 315.0
3353 236.134
3354 220.37436
3355 25.861387
3356 65.745834
3357 235.0
3358 146.5491
3359 307.85126
3360 53.90663
3361 0.0
3362 214.83858
3363 219.0
3364 235.0
3365 129.0877
3366 507.0
3367 220.134
3368 141.04813
3369 34.454746
3370 235.0
3371 122.26233
3372 219.0
3373 70.18819
3374 219.0
3375 53.156673
3376 116.27173
3377 21.359982
3378 219.0
3379 219.0
3380 235.0
3381 42.25613
3382 237.09781
3383 235.0
3384 34.239216
3385 219.0
3386 104.242775
3387 220.134
3388 235.0
3389 507.0
3390 219.0
3391 235.0
3392 87.59624
3393 76.612656
3394 49.65253
3395 219.0
3396 220.134
3397 219.0
3398 73.69803
3399 315.0
3400 82.07453
3401 456.71262
3402 177.0374
3403 507.0
3404 507.0
3405 507.0
3406 476.4399
3407 456.71262
3408 456.0233
3409 452.9986
3410 439.44113
3411 412.6674
3412 398.46658
3413 354.10068
3414 353.0676
3415 342.43588
3416 338.77142
3417 327.7513
3418 316.134
3419 316.134
3420 316.134
3421 316.134
3422 316.134
3423 316.134
3424 316.134
3425 316.134
3426 316.134
3427 316.134
3428 316.134
3429 316.134
3430 316.134
3431 315.0
3432 315.0
3433 315.0
3434 315.0
3435 315.0
3436 315.0
3437 315.0
3438 315.0
3439 315.0
3440 315.0
3441 315.0
3442 315.0
3443 315.0
3444 315.0
3445 315.0
3446 315.0
3447 315.0
3448 315.0
3449 315.0
3450 315.0
3451 315.0
3452 315.0
3453 316.134
3454 53.88935
3455 235.0
3456 235.0
3457 219.0
3458 316.134
3459 219.0
3460 112.84635
3461 235.0
3462 235.0
3463 101.78619
3464 77.86007
3465 235.0
3466 235.0
3467 24.675537
3468 258.977
3469 316.134
3470 39.063934
3471 235.0
3472 315.0
3473 106.50493
3474 235.0
3475 195.27057
3476 235.0
3477 219.0
3478 42.61663
3479 95.029724
3480 194.0996
3481 219.0
3482 211.04103
3483 65.96779
3484 65.66822
3485 214.65091
3486 206.95943
3487 178.87685
3488 235.0
3489 235.0
3490 315.0
3491 96.55907
3492 219.0
3493 219.0
3494 121.35608
3495 72.53171
3496 235.0
3497 219.0
3498 197.53485
3499 219.0
3500 219.0
3501 219.0
3502 220.134
3503 507.0
3504 507.0
3505 507.0
3506 476.4399
3507 456.71262
3508 456.0233
3509 452.9986
3510 439.44113
3511 412.6674
3512 398.46658
3513 354.10068
3514 353.0676
3515 342.43588
3516 338.77142
3517 327.7513
3518 316.134
3519 316.134
3520 316.134
3521 316.134
3522 316.134
3523 316.134
3524 316.134
3525 316.134
3526 316.134
3527 316.134
3528 316.134
3529 316.134
3530 316.134
3531 316.134
3532 316.134
3533 316.134
3534 315.0
3535 315.0
3536 315.0
3537 315.0
3538 315.0
3539 315.0
3540 315.0
3541 315.0
3542 315.0
3543 315.0
3544 315.0
3545 315.0
3546 315.0
3547 315.0
3548 315.0
3549 315.0
3550 315.0
3551 315.0
3552 315.0
3553 236.134
3554 236.134
3555 235.0
3556 235.0
3557 219.0
3558 43.968376
3559 40.881874
3560 191.23305
3561 72.55757
3562 235.0
3563 236.134
3564 219.0
3565 185.79916
3566 247.2667
3567 175.09361
3568 235.0
3569 219.0
3570 63.27925
3571 315.0
3572 139.83965
3573 257.9604
3574 175.40034
3575 315.0
3576 220.134
3577 315.0
3578 315.0
3579 316.134
3580 235.0
3581 220.134
3582 221.27992
3583 235.0
3584 49.66415
3585 312.68527
3586 57.357353
3587 219.0
3588 220.59706
3589 160.0741
3590 223.16049
3591 406.08804
3592 109.633064
3593 235.0
3594 235.0
3595 64.94031
3596 235.0
3597 235.0
3598 235.0
3599 235.0
3600 219.0
3601 219.0
3602 315.0
3603 507.0
3604 507.0
3605 507.0
3606 476.4399
3607 456.71262
3608 456.0233
3609 452.9986
3610 439.44113
3611 412.6674
3612 406.08804
3613 398.46658
3614 354.10068
3615 353.0676
3616 342.43588
3617 338.77142
3618 327.7513
3619 316.134
3620 316.134
3621 316.134
3622 316.134
3623 316.134
3624 316.134
3625 316.134
3626 316.134
3627 316.134
3628 316.134
3629 316.134
3630 316.134
3631 316.134
3632 316.134
3633 316.134
3634 316.134
3635 316.134
3636 315.0
3637 315.0
3638 315.0
3639 315.0
3640 315.0
3641 315.0
3642 315.0
3643 315.0
3644 315.0
3645 315.0
3646 315.0
3647 315.0
3648 315.0
3649 315.0
3650 315.0
3651 315.0
3652 315.0
3653 219.0
3654 219.0
3655 235.0
3656 235.0
3657 219.0
3658 56.278812
3659 160.08907
3660 220.134
3661 61.811665
3662 219.0
3663 235.0
3664 235.0
3665 219.0
3666 220.134
3667 235.0
3668 110.66312
3669 219.0
3670 249.91202
3671 219.0
3672 80.89123
3673 219.0
3674 60.193043
3675 235.0
3676 235.0
3677 126.21742
3678 235.0
3679 235.0
3680 80.25887
3681 235.0
3682 220.134
3683 315.0
3684 235.0
3685 30.866
3686 235.0
3687 235.0
3688 204.11018
3689 236.134
3690 315.0
3691 94.55748
3692 235.31503
3693 95.17992
3694 235.0
3695 235.0
3696 219.0
3697 182.92665
3698 196.05574
3699 235.0
3700 33.28794
3701 219.0
3702 181.9827
3703 507.0
3704 507.0
3705 507.0
3706 476.4399
3707 456.71262
3708 456.0233
3709 452.9986
3710 439.44113
3711 412.6674
3712 406.08804
3713 398.46658
3714 354.10068
3715 353.0676
3716 342.43588
3717 338.77142
3718 327.7513
3719 316.134
3720 316.134
3721 316.134
3722 316.134
3723 316.134
3724 316.134
3725 316.134
3726 316.134
3727 316.134
3728 316.134
3729 316.134
3730 316.134
3731 316.134
3732 316.134
3733 316.134
3734 316.134
3735 316.134
3736 315.0
3737 315.0
3738 315.0
3739 315.0
3740 315.0
3741 315.0
3742 315.0
3743 315.0
3744 315.0
3745 315.0
3746 315.0
3747 315.0
3748 315.0
