1 0.0
2 20.01105
3 0.0
4 0.0
5 0.0
6 219.0
7 38.61463
8 104.06457
9 0.0
10 0.0
11 0.0
12 60.193043
13 18.72885
14 0.0
15 0.0
16 0.0
17 26.283175
18 153.2265
19 39.52616
20 0.0
21 38.61463
22 147.62897
23 158.78128
24 14.479365
25 14.714136
26 32.0
27 30.866
28 147.5878
29 93.30167
30 32.534
31 1.1340001
32 0.0
33 220.134
34 0.0
35 218.50134
36 30.866
37 32.534
38 9.768066
39 54.27353
40 142.22287
41 0.0
42 0.0
43 219.0
44 0.0
45 32.0
46 0.0
47 32.0
48 26.477486
49 143.35052
50 153.06195
51 0.0
52 0.0
53 25.414562
54 0.0
55 30.8
56 219.0
57 54.710915
58 0.0
59 32.0
60 21.249947
61 34.267998
62 38.61463
63 153.34824
64 98.62436
65 0.0
66 0.0
67 157.34929
68 158.85446
69 38.61463
70 0.0
71 66.969604
72 158.67479
73 32.0
74 134.33629
75 35.402
76 54.84763
77 29.132
78 147.62897
79 9.118826
80 0.0
81 219.0
82 0.0
83 0.0
84 213.34578
85 236.134
86 30.866
87 0.0
88 155.88033
89 0.0
90 37.293888
91 1.1340001
92 39.009277
93 153.23157
94 0.0
95 0.0
96 0.0
97 219.0
98 57.342064
99 219.0
100 82.22777
101 236.134
102 220.134
103 219.0
104 219.0
105 219.0
106 219.0
107 219.0
108 219.0
109 218.50134
110 213.34578
111 158.85446
112 158.78128
113 158.67479
114 157.34929
115 155.88033
116 153.34824
117 153.23157
118 153.2265
119 153.06195
120 147.62897
121 147.62897
122 147.5878
123 143.35052
124 142.22287
125 134.33629
126 104.06457
127 98.62436
128 93.30167
129 82.22777
130 66.969604
131 60.193043
132 57.342064
133 54.84763
134 54.710915
135 54.27353
136 39.52616
137 39.009277
138 38.61463
139 38.61463
140 38.61463
141 38.61463
142 37.293888
143 35.402
144 34.267998
145 32.534
146 32.534
147 32.0
148 32.0
149 32.0
150 32.0
151 2.2680001
152 0.0
153 14.714138
154 219.0
155 154.48032
156 219.0
157 147.88014
158 87.50943
159 32.0
160 192.65274
161 60.297264
162 131.1888
163 30.81372
164 14.295827
165 0.0
166 14.479365
167 38.61463
168 219.0
169 93.218925
170 38.61463
171 30.81372
172 219.0
173 220.134
174 60.58811
175 158.78128
176 43.968376
177 206.96207
178 30.866
179 0.0
180 212.97704
181 38.613873
182 163.9763
183 131.417
184 156.35655
185 0.0
186 1.1340001
187 30.866
188 11.988956
189 219.0
190 93.30167
191 25.149174
192 142.00809
193 76.554985
194 30.866
195 31.965366
196 38.61463
197 0.0
198 0.0
199 33.134
200 25.385368
201 236.134
202 220.134
203 220.134
204 219.0
205 219.0
206 219.0
207 219.0
208 219.0
209 219.0
210 219.0
211 219.0
212 219.0
213 219.0
214 219.0
215 218.50134
216 213.34578
217 212.97704
218 206.96207
219 192.65274
220 163.9763
221 158.85446
222 158.78128
223 158.78128
224 158.67479
225 157.34929
226 156.35655
227 155.88033
228 154.48032
229 153.34824
230 153.23157
231 153.2265
232 153.06195
233 147.88014
234 147.62897
235 147.62897
236 147.5878
237 143.35052
238 142.22287
239 142.00809
240 134.33629
241 131.417
242 131.1888
243 104.06457
244 98.62436
245 93.30167
246 93.30167
247 93.218925
248 87.50943
249 82.22777
250 76.554985
251 30.866
252 220.134
253 219.0
254 109.76516
255 185.82892
256 57.269264
257 235.0
258 121.71008
259 219.0
260 34.267998
261 0.0
262 219.0
263 0.0
264 220.134
265 192.24585
266 0.0
267 202.03969
268 80.50853
269 142.116
270 1.0139098
271 168.80731
272 38.61463
273 33.134
274 38.49716
275 40.88263
276 175.2052
277 156.68768
278 142.09477
279 0.0
280 160.7838
281 125.71162
282 137.0198
283 105.14024
284 114.78576
285 0.0
286 0.0
287 219.0
288 0.0
289 30.866
290 49.285866
291 37.428352
292 44.155464
293 30.679255
294 203.79903
295 158.62582
296 55.900497
297 147.62895
298 0.0
299 0.0
300 109.41805
301 236.134
302 235.0
303 220.134
304 220.134
305 220.134
306 220.134
307 219.0
308 219.0
309 219.0
310 219.0
311 219.0
312 219.0
313 219.0
314 219.0
315 219.0
316 219.0
317 219.0
318 219.0
319 219.0
320 219.0
321 219.0
322 218.50134
323 213.34578
324 212.97704
325 206.96207
326 203.79903
327 202.03969
328 192.65274
329 192.24585
330 185.82892
331 175.2052
332 168.80731
333 163.9763
334 160.7838
335 158.85446
336 158.78128
337 158.78128
338 158.67479
339 158.62582
340 157.34929
341 156.68768
342 156.35655
343 155.88033
344 154.48032
345 153.34824
346 153.23157
347 153.2265
348 153.06195
349 147.88014
350 147.62897
351 61.7136
352 33.73525
353 219.0
354 0.0
355 235.0
356 219.0
357 158.77083
358 193.87497
359 40.529404
360 219.0
361 215.47824
362 236.134
363 235.0
364 219.0
365 133.7269
366 33.134
367 219.0
368 16.769814
369 219.0
370 93.30167
371 10.812112
372 0.0
373 0.0
374 214.73753
375 0.0
376 147.8396
377 87.50943
378 87.4895
379 38.61463
380 185.97267
381 38.61463
382 103.820274
383 0.0
384 3.6415017
385 49.285866
386 38.61463
387 219.0
388 42.671234
389 175.2052
390 42.906002
391 0.0
392 34.320274
393 115.56875
394 0.0
395 0.0
396 38.61463
397 38.850822
398 142.04782
399 29.731998
400 32.0
401 236.134
402 236.134
403 235.0
404 235.0
405 235.0
406 220.134
407 220.134
408 220.134
409 220.134
410 219.0
411 219.0
412 219.0
413 219.0
414 219.0
415 219.0
416 219.0
417 219.0
418 219.0
419 219.0
420 219.0
421 219.0
422 219.0
423 219.0
424 219.0
425 219.0
426 219.0
427 219.0
428 219.0
429 219.0
430 219.0
431 219.0
432 218.50134
433 215.47824
434 214.73753
435 213.34578
436 212.97704
437 206.96207
438 203.79903
439 202.03969
440 193.87497
441 192.65274
442 192.24585
443 185.97267
444 185.82892
445 175.2052
446 175.2052
447 168.80731
448 163.9763
449 160.7838
450 158.85446
451 126.936646
452 220.134
453 62.863647
454 219.0
455 219.0
456 219.0
457 236.134
458 220.134
459 219.0
460 213.51347
461 219.0
462 208.54266
463 219.0
464 0.0
465 219.0
466 39.98482
467 219.0
468 211.25137
469 185.91812
470 603.0
471 219.0
472 219.0
473 219.0
474 235.0
475 87.60242
476 219.0
477 32.0
478 88.289406
479 0.0
480 214.33408
481 219.0
482 178.22643
483 87.60242
484 199.3712
485 39.74863
486 218.69188
487 184.52992
488 169.5481
489 219.0
490 207.45226
491 34.267998
492 43.968376
493 0.0
494 45.229263
495 180.3962
496 71.3213
497 156.80112
498 45.229263
499 64.0966
500 603.0
