1 0.0
2 44.220898
3 43.117386
4 0.0
5 10.214288
6 43.16976
7 143.82886
8 23.22957
9 0.0
10 55.939693
11 23.590355
12 9.06962
13 0.0
14 63.091618
15 39.489555
16 147.49547
17 219.0
18 61.600914
19 56.821014
20 0.0
21 34.615856
22 32.066
23 49.649082
24 201.2157
25 48.877525
26 54.52539
27 0.0
28 44.20342
29 40.6869
30 0.0
31 7.3387175
32 40.16814
33 27.18261
34 119.08893
35 10.591656
36 0.0
37 18.378128
38 0.0
39 125.742386
40 20.959538
41 40.200283
42 162.90085
43 104.12535
44 25.14951
45 34.868
46 0.0
47 35.265274
48 3.560513
49 136.05768
50 74.14486
51 72.70145
52 0.0
53 10.398496
54 0.0
55 15.058495
56 33.2
57 35.02417
58 0.0
59 0.0
60 170.68846
61 21.069708
62 25.319366
63 32.02919
64 55.08058
65 17.033075
66 184.20638
67 67.68257
68 33.134
69 22.166847
70 0.0
71 51.804276
72 43.432022
73 35.21852
74 126.7574
75 53.29559
76 207.91093
77 206.98813
78 0.0
79 49.471294
80 31.171032
81 43.477474
82 43.226913
83 34.14726
84 117.097145
85 23.671646
86 0.0
87 0.0
88 18.71613
89 44.755463
90 64.03991
91 87.70871
92 174.67302
93 98.75224
94 28.942482
95 26.283175
96 34.09327
97 33.134
98 42.28941
99 31.934
100 31.986277
101 219.0
102 207.91093
103 206.98813
104 201.2157
105 184.20638
106 174.67302
107 170.68846
108 162.90085
109 147.49547
110 143.82886
111 136.05768
112 126.7574
113 125.742386
114 119.08893
115 117.097145
116 104.12535
117 98.75224
118 87.70871
119 74.14486
120 72.70145
121 67.68257
122 64.03991
123 63.091618
124 61.600914
125 56.821014
126 55.939693
127 55.08058
128 54.52539
129 53.29559
130 51.804276
131 49.649082
132 49.471294
133 48.877525
134 44.755463
135 44.220898
136 44.20342
137 43.477474
138 43.432022
139 43.226913
140 43.16976
141 43.117386
142 42.28941
143 40.6869
144 40.200283
145 40.16814
146 39.489555
147 35.265274
148 35.21852
149 35.02417
150 34.868
151 62.82819
152 172.68382
153 13.577283
154 7.7653146
155 110.82029
156 49.598125
157 154.85585
158 80.23155
159 2.8351383
160 0.0
161 202.45706
162 26.00208
163 219.0
164 20.845627
165 14.33183
166 29.545256
167 24.26514
168 99.75066
169 62.02176
170 0.0
171 62.060654
172 69.92081
173 132.11142
174 97.658035
175 0.0
176 0.0
177 33.734
178 20.049753
179 95.306435
180 73.2211
181 32.058743
182 17.571726
183 32.533997
184 54.801735
185 18.616516
186 8.955938
187 0.0
188 0.0
189 42.97412
190 0.0
191 8.824957
192 0.0
193 34.930485
194 33.277065
195 0.0
196 50.93315
197 0.0
198 0.0
199 44.690186
200 7.0498924
201 219.0
202 219.0
203 207.91093
204 206.98813
205 202.45706
206 201.2157
207 184.20638
208 174.67302
209 172.68382
210 170.68846
211 162.90085
212 154.85585
213 147.49547
214 143.82886
215 136.05768
216 132.11142
217 126.7574
218 125.742386
219 119.08893
220 117.097145
221 110.82029
222 104.12535
223 99.75066
224 98.75224
225 97.658035
226 95.306435
227 87.70871
228 80.23155
229 74.14486
230 73.2211
231 72.70145
232 69.92081
233 67.68257
234 64.03991
235 63.091618
236 62.82819
237 62.060654
238 62.02176
239 61.600914
240 56.821014
241 55.939693
242 55.08058
243 54.801735
244 54.52539
245 53.29559
246 51.804276
247 50.93315
248 49.649082
249 49.598125
250 49.471294
251 111.41922
252 25.316996
253 27.935516
254 17.285864
255 120.531456
256 38.05681
257 235.0
258 199.78989
259 219.0
260 183.23524
261 122.39233
262 35.74091
263 0.0
264 113.871506
265 45.562542
266 54.801506
267 33.134
268 82.11553
269 114.330086
270 131.54033
271 77.785446
272 0.35838413
273 0.0
274 54.15588
275 0.0
276 85.165985
277 98.54295
278 207.73517
279 32.0
280 48.41072
281 0.0
282 36.85269
283 32.662483
284 60.349854
285 5.965833
286 65.9684
287 15.595944
288 17.917488
289 194.25883
290 92.60603
291 20.996851
292 60.44768
293 49.38711
294 44.701153
295 45.332592
296 47.253235
297 25.268902
298 18.408777
299 180.58566
300 19.96218
301 235.0
302 219.0
303 219.0
304 219.0
305 207.91093
306 207.73517
307 206.98813
308 202.45706
309 201.2157
310 199.78989
311 194.25883
312 184.20638
313 183.23524
314 180.58566
315 174.67302
316 172.68382
317 170.68846
318 162.90085
319 154.85585
320 147.49547
321 143.82886
322 136.05768
323 132.11142
324 131.54033
325 126.7574
326 125.742386
327 122.39233
328 120.531456
329 119.08893
330 117.097145
331 114.330086
332 113.871506
333 111.41922
334 110.82029
335 104.12535
336 99.75066
337 98.75224
338 98.54295
339 97.658035
340 95.306435
341 92.60603
342 87.70871
343 85.165985
344 82.11553
345 80.23155
346 77.785446
347 74.14486
348 73.2211
349 72.70145
350 69.92081
351 36.22052
352 33.134
353 173.11517
354 157.82187
355 168.31364
356 219.0
357 0.0
358 49.285866
359 33.8
360 219.0
361 54.995422
362 28.457422
363 81.68937
364 219.0
365 251.83778
366 110.80082
367 71.4524
368 49.41163
369 219.0
370 47.31379
371 219.0
372 0.0
373 210.99884
374 14.403026
375 30.642239
376 61.757076
377 9.014551
378 189.63445
379 168.53952
380 114.369095
381 37.41463
382 56.42471
383 135.80019
384 60.607925
385 43.968376
386 48.659313
387 57.988556
388 66.05687
389 171.70117
390 29.731998
391 46.581642
392 60.42135
393 20.298473
394 62.451683
395 90.49012
396 107.504524
397 14.692738
398 43.239483
399 219.0
400 45.565292
401 251.83778
402 235.0
403 219.0
404 219.0
405 219.0
406 219.0
407 219.0
408 219.0
409 219.0
410 219.0
411 219.0
412 210.99884
413 207.91093
414 207.73517
415 206.98813
416 202.45706
417 201.2157
418 199.78989
419 194.25883
420 189.63445
421 184.20638
422 183.23524
423 180.58566
424 174.67302
425 173.11517
426 172.68382
427 171.70117
428 170.68846
429 168.53952
430 168.31364
431 162.90085
432 157.82187
433 154.85585
434 147.49547
435 143.82886
436 136.05768
437 135.80019
438 132.11142
439 131.54033
440 126.7574
441 125.742386
442 122.39233
443 120.531456
444 119.08893
445 117.097145
446 114.369095
447 114.330086
448 113.871506
449 111.41922
450 110.82029
451 179.7679
452 170.32874
453 122.710594
454 219.0
455 219.0
456 93.02884
457 102.02405
458 0.0
459 0.0
460 14.371613
461 219.0
462 12.108958
463 158.7666
464 39.88348
465 0.0
466 84.49956
467 19.690033
468 0.0
469 192.29155
470 165.82191
471 35.21585
472 10.416601
473 23.780607
474 169.17676
475 71.61999
476 127.12865
477 168.62242
478 0.0
479 159.41212
480 51.622616
481 189.30666
482 109.57423
483 174.13438
484 219.0
485 57.89779
486 87.752174
487 175.13335
488 97.107346
489 124.75818
490 146.71431
491 25.246058
492 36.463352
493 122.718956
494 54.62244
495 28.662027
496 157.23288
497 92.69495
498 54.94992
499 47.733456
500 12.099813
501 251.83778
502 235.0
503 219.0
504 219.0
505 219.0
506 219.0
507 219.0
508 219.0
509 219.0
510 219.0
511 219.0
512 219.0
513 219.0
514 219.0
515 219.0
516 210.99884
517 207.91093
518 207.73517
519 206.98813
520 202.45706
521 201.2157
522 199.78989
523 194.25883
524 192.29155
525 189.63445
526 189.30666
527 184.20638
528 183.23524
529 180.58566
530 179.7679
531 175.13335
532 174.67302
533 174.13438
534 173.11517
535 172.68382
536 171.70117
537 170.68846
538 170.32874
539 169.17676
540 168.62242
541 168.53952
542 168.31364
543 165.82191
544 162.90085
545 159.41212
546 158.7666
547 157.82187
548 157.23288
549 154.85585
550 147.49547
551 36.35252
552 198.3417
553 163.55907
554 48.085865
555 58.88439
556 79.98343
557 61.83779
558 149.5124
559 87.608284
560 0.0
561 22.988728
562 219.0
563 159.50237
564 105.25679
565 29.91548
566 0.0
567 64.79451
568 0.0
569 24.851368
570 122.34382
571 216.58499
572 205.72011
573 162.51286
574 29.256739
575 172.93398
576 94.87381
577 107.3457
578 30.865997
579 43.033154
580 191.1497
581 29.182047
582 0.0
583 159.20917
584 220.134
585 0.0
586 96.25392
587 78.23482
588 235.0
589 16.074656
590 219.0
591 44.09421
592 85.05483
593 0.0
594 174.71947
595 95.100586
596 138.67105
597 31.4
598 235.0
599 137.10182
600 3.4029765
601 251.83778
602 235.0
603 235.0
604 235.0
605 220.134
606 219.0
607 219.0
608 219.0
609 219.0
610 219.0
611 219.0
612 219.0
613 219.0
614 219.0
615 219.0
616 219.0
617 219.0
618 219.0
619 219.0
620 219.0
621 216.58499
622 210.99884
623 207.91093
624 207.73517
625 206.98813
626 205.72011
627 202.45706
628 201.2157
629 199.78989
630 198.3417
631 194.25883
632 192.29155
633 191.1497
634 189.63445
635 189.30666
636 184.20638
637 183.23524
638 180.58566
639 179.7679
640 175.13335
641 174.71947
642 174.67302
643 174.13438
644 173.11517
645 172.93398
646 172.68382
647 171.70117
648 170.68846
649 170.32874
650 169.17676
651 0.0
652 219.0
653 68.17203
654 235.0
655 64.55369
656 41.48263
657 38.611977
658 0.0
659 235.0
660 175.15326
661 52.258762
662 142.00632
663 34.268
664 0.0
665 0.0
666 219.0
667 37.670002
668 236.134
669 235.0
670 219.0
671 78.59268
672 219.0
673 38.17493
674 211.99062
675 55.717945
676 201.34425
677 202.45998
678 103.24469
679 24.870487
680 65.927444
681 49.713276
682 114.79326
683 137.666
684 0.0
685 19.909643
686 0.0
687 64.073105
688 168.67899
689 45.769352
690 68.29186
691 140.8561
692 46.92032
693 82.85316
694 147.5356
695 130.07947
696 219.7398
697 66.71768
698 81.14821
699 116.63822
700 0.0
701 251.83778
702 236.134
703 235.0
704 235.0
705 235.0
706 235.0
707 235.0
708 235.0
709 220.134
710 219.7398
711 219.0
712 219.0
713 219.0
714 219.0
715 219.0
716 219.0
717 219.0
718 219.0
719 219.0
720 219.0
721 219.0
722 219.0
723 219.0
724 219.0
725 219.0
726 219.0
727 219.0
728 219.0
729 219.0
730 216.58499
731 211.99062
732 210.99884
733 207.91093
734 207.73517
735 206.98813
736 205.72011
737 202.45998
738 202.45706
739 201.34425
740 201.2157
741 199.78989
742 198.3417
743 194.25883
744 192.29155
745 191.1497
746 189.63445
747 189.30666
748 184.20638
749 183.23524
750 180.58566
751 65.88759
752 219.0
753 164.59143
754 214.5318
755 38.407787
756 49.619152
757 220.134
758 185.42165
759 27.119366
760 139.7847
761 219.0
762 142.78166
763 217.63368
764 67.24566
765 18.62834
766 207.08264
767 200.67941
768 199.44095
769 192.51086
770 36.40537
771 27.682566
772 158.97044
773 97.790276
774 91.0454
775 86.80108
776 60.34053
777 235.0
778 162.06767
779 160.63623
780 14.559227
781 147.78252
782 111.005455
783 242.01614
784 219.0
785 170.39745
786 32.0
787 138.80997
788 131.93391
789 213.61316
790 36.36339
791 40.633152
792 109.36139
793 34.268
794 233.91199
795 192.73732
796 114.81205
797 71.64853
798 120.48633
799 62.1367
800 220.134
801 251.83778
802 242.01614
803 236.134
804 235.0
805 235.0
806 235.0
807 235.0
808 235.0
809 235.0
810 235.0
811 233.91199
812 220.134
813 220.134
814 220.134
815 219.7398
816 219.0
817 219.0
818 219.0
819 219.0
820 219.0
821 219.0
822 219.0
823 219.0
824 219.0
825 219.0
826 219.0
827 219.0
828 219.0
829 219.0
830 219.0
831 219.0
832 219.0
833 219.0
834 219.0
835 219.0
836 219.0
837 219.0
838 217.63368
839 216.58499
840 214.5318
841 213.61316
842 211.99062
843 210.99884
844 207.91093
845 207.73517
846 207.08264
847 206.98813
848 205.72011
849 202.45998
850 202.45706
851 143.0205
852 213.0515
853 71.12931
854 196.77252
855 219.0
856 56.62066
857 219.0
858 133.45372
859 45.465454
860 4.688439
861 152.98508
862 65.679665
863 219.0
864 89.53907
865 0.0
866 150.33281
867 164.29454
868 32.610867
869 207.17781
870 7.603079
871 110.73486
872 83.71058
873 81.26427
874 142.98174
875 38.70744
876 235.0
877 63.35728
878 4.640135
879 15.515114
880 220.134
881 191.26694
882 169.40578
883 494.66608
884 219.0
885 11.242027
886 0.0
887 27.581478
888 219.0
889 7.871715
890 134.55171
891 37.179184
892 25.15037
893 25.385368
894 49.520634
895 219.0
896 235.0
897 32.927055
898 202.44731
899 155.79381
900 219.0
901 494.66608
902 494.66608
903 251.83778
904 242.01614
905 236.134
906 235.0
907 235.0
908 235.0
909 235.0
910 235.0
911 235.0
912 235.0
913 235.0
914 235.0
915 233.91199
916 220.134
917 220.134
918 220.134
919 220.134
920 219.7398
921 219.0
922 219.0
923 219.0
924 219.0
925 219.0
926 219.0
927 219.0
928 219.0
929 219.0
930 219.0
931 219.0
932 219.0
933 219.0
934 219.0
935 219.0
936 219.0
937 219.0
938 219.0
939 219.0
940 219.0
941 219.0
942 219.0
943 219.0
944 219.0
945 219.0
946 219.0
947 219.0
948 219.0
949 219.0
950 217.63368
951 216.58499
952 61.76614
953 42.783573
954 315.0
955 235.0
956 94.33991
957 230.72862
958 78.183205
959 206.28606
960 219.0
961 219.0
962 31.751299
963 42.071236
964 219.0
965 44.264767
966 202.60237
967 219.0
968 86.2031
969 219.0
970 139.78769
971 13.439253
972 92.77454
973 35.996113
974 185.19138
975 182.79297
976 92.88444
977 219.0
978 96.83503
979 208.69818
980 99.524155
981 315.0
982 30.266
983 219.0
984 235.0
985 190.37746
986 219.0
987 36.53011
988 235.0
989 88.78832
990 218.3712
991 201.21329
992 133.98877
993 210.2064
994 102.946304
995 60.327587
996 201.9321
997 32.113342
998 219.0
999 202.40453
1000 219.0
1001 41.4944
1002 494.66608
1003 315.0
1004 315.0
1005 251.83778
1006 242.01614
1007 236.134
1008 235.0
1009 235.0
1010 235.0
1011 235.0
1012 235.0
1013 235.0
1014 235.0
1015 235.0
1016 235.0
1017 235.0
1018 235.0
1019 235.0
1020 233.91199
1021 230.72862
1022 220.134
1023 220.134
1024 220.134
1025 220.134
1026 219.7398
1027 219.0
1028 219.0
1029 219.0
1030 219.0
1031 219.0
1032 219.0
1033 219.0
1034 219.0
1035 219.0
1036 219.0
1037 219.0
1038 219.0
1039 219.0
1040 219.0
1041 219.0
1042 219.0
1043 219.0
1044 219.0
1045 219.0
1046 219.0
1047 219.0
1048 219.0
1049 219.0
1050 219.0
1051 219.0
1052 235.0
1053 143.97375
1054 273.2795
1055 2.6998901
1056 201.35089
1057 315.0
1058 160.15475
1059 103.15279
1060 219.0
1061 219.0
1062 59.129993
1063 220.134
1064 219.0
1065 219.0
1066 65.52484
1067 45.759895
1068 219.0
1069 60.423397
1070 312.94714
1071 53.470943
1072 24.782995
1073 220.134
1074 56.47006
1075 207.07022
1076 158.62326
1077 59.534847
1078 235.0
1079 107.96752
1080 213.95773
1081 235.0
1082 219.79399
1083 100.65184
1084 220.134
1085 79.44195
1086 219.0
1087 32.534
1088 166.93141
1089 107.88908
1090 219.80838
1091 132.30887
1092 80.41595
1093 24.317368
1094 205.91022
1095 507.0
1096 167.896
1097 235.0
1098 0.0
1099 32.547718
1100 220.134
1101 47.788723
1102 507.0
1103 507.0
1104 494.66608
1105 315.0
1106 315.0
1107 315.0
1108 312.94714
1109 273.2795
1110 251.83778
1111 242.01614
1112 236.134
1113 235.0
1114 235.0
1115 235.0
1116 235.0
1117 235.0
1118 235.0
1119 235.0
1120 235.0
1121 235.0
1122 235.0
1123 235.0
1124 235.0
1125 235.0
1126 235.0
1127 235.0
1128 235.0
1129 233.91199
1130 230.72862
1131 220.134
1132 220.134
1133 220.134
1134 220.134
1135 220.134
1136 220.134
1137 220.134
1138 220.134
1139 219.80838
1140 219.79399
1141 219.7398
1142 219.0
1143 219.0
1144 219.0
1145 219.0
1146 219.0
1147 219.0
1148 219.0
1149 219.0
1150 219.0
1151 219.0
1152 219.0
1153 220.134
1154 55.13718
1155 219.0
1156 235.0
1157 219.0
1158 203.25027
1159 235.0
1160 110.780556
1161 171.39124
1162 235.0
1163 42.304867
1164 96.95091
1165 219.0
1166 41.672043
1167 0.0
1168 358.30008
1169 219.0
1170 111.2884
1171 218.54909
1172 32.6
1173 147.8186
1174 219.0
1175 202.40376
1176 219.0
1177 158.79735
1178 175.1083
1179 235.0
1180 134.0539
1181 10.000904
1182 235.0
1183 220.134
1184 45.8526
1185 81.71299
1186 219.0
1187 126.037445
1188 147.67773
1189 219.0
1190 219.0
1191 44.816486
1192 42.08263
1193 135.45316
1194 219.0
1195 203.3148
1196 127.39897
1197 235.0
1198 316.134
1199 145.06133
1200 162.82973
1201 235.0
1202 235.0
1203 507.0
1204 494.66608
1205 358.30008
1206 316.134
1207 315.0
1208 315.0
1209 315.0
1210 312.94714
1211 273.2795
1212 251.83778
1213 242.01614
1214 236.134
1215 235.0
1216 235.0
1217 235.0
1218 235.0
1219 235.0
1220 235.0
1221 235.0
1222 235.0
1223 235.0
1224 235.0
1225 235.0
1226 235.0
1227 235.0
1228 235.0
1229 235.0
1230 235.0
1231 235.0
1232 235.0
1233 235.0
1234 235.0
1235 235.0
1236 235.0
1237 235.0
1238 235.0
1239 233.91199
1240 230.72862
1241 220.134
1242 220.134
1243 220.134
1244 220.134
1245 220.134
1246 220.134
1247 220.134
1248 220.134
1249 220.134
1250 220.134
1251 219.80838
1252 219.79399
1253 507.0
1254 220.134
1255 101.17566
1256 160.46646
1257 236.134
1258 124.826256
1259 219.0
1260 235.0
1261 219.0
1262 0.0
1263 113.83094
1264 49.94612
1265 235.0
1266 219.0
1267 42.35619
1268 194.08388
1269 179.90607
1270 207.63815
1271 219.0
1272 55.054386
1273 603.0
1274 110.01035
1275 219.0
1276 191.43274
1277 137.41487
1278 59.202545
1279 211.12865
1280 235.0
1281 95.80016
1282 14.662183
1283 174.85822
1284 235.0
1285 235.0
1286 21.314442
1287 226.66986
1288 473.20157
1289 48.14061
1290 219.0
1291 220.134
1292 42.021263
1293 219.0
1294 37.48063
1295 234.61859
1296 219.0
1297 0.0
1298 219.0
1299 220.134
1300 220.134
1301 219.0
1302 185.10359
1303 603.0
1304 603.0
1305 507.0
1306 507.0
1307 494.66608
1308 473.20157
1309 358.30008
1310 316.134
1311 315.0
1312 315.0
1313 315.0
1314 312.94714
1315 273.2795
1316 251.83778
1317 242.01614
1318 236.134
1319 236.134
1320 235.0
1321 235.0
1322 235.0
1323 235.0
1324 235.0
1325 235.0
1326 235.0
1327 235.0
1328 235.0
1329 235.0
1330 235.0
1331 235.0
1332 235.0
1333 235.0
1334 235.0
1335 235.0
1336 235.0
1337 235.0
1338 235.0
1339 235.0
1340 235.0
1341 235.0
1342 235.0
1343 235.0
1344 235.0
1345 235.0
1346 235.0
1347 235.0
1348 235.0
1349 234.61859
1350 233.91199
1351 230.72862
1352 226.66986
1353 220.134
1354 219.0
1355 235.0
1356 235.0
1357 19.628845
1358 235.0
1359 176.33005
1360 315.0
1361 289.6197
1362 0.0
1363 219.0
1364 219.0
1365 125.69471
1366 158.50061
1367 125.91838
1368 31.4
1369 235.0
1370 123.76753
1371 219.0
1372 382.81317
1373 225.28136
1374 97.67327
1375 153.16316
1376 219.0
1377 219.0
1378 204.15677
1379 219.0
1380 50.37807
1381 198.58884
1382 88.38977
1383 60.508232
1384 315.0
1385 194.5889
1386 194.5613
1387 235.0
1388 83.73143
1389 71.443
1390 219.0
1391 167.79681
1392 0.0
1393 214.71974
1394 219.0
1395 58.459316
1396 235.0
1397 248.11037
1398 219.0
1399 220.134
1400 72.24804
1401 220.134
1402 39.718193
1403 219.0
1404 603.0
1405 507.0
1406 507.0
1407 494.66608
1408 473.20157
1409 382.81317
1410 358.30008
1411 316.134
1412 315.0
1413 315.0
1414 315.0
1415 315.0
1416 315.0
1417 312.94714
1418 289.6197
1419 273.2795
1420 251.83778
1421 248.11037
1422 242.01614
1423 236.134
1424 236.134
1425 235.0
1426 235.0
