1 0.0
2 0.0
3 7.5197186
4 192.05074
5 3.9205718
6 39.751686
7 0.0
8 0.0
9 6.6146307
10 1.4385436
11 100.01169
12 0.3151343
13 0.0
14 0.0
15 188.28839
16 175.9582
17 0.0
18 8.417003
19 203.0
20 0.0
21 68.806206
22 38.976162
23 6.6146307
24 26.457264
25 149.00534
26 66.929855
27 0.0
28 7.50191
29 0.53400004
30 2.334
31 204.76274
32 101.10258
33 58.20658
34 178.50455
35 120.40271
36 0.0
37 24.753138
38 1.2
39 12.300178
40 0.0
41 21.321285
42 85.76088
43 90.45445
44 350.2335
45 13.895523
46 25.27135
47 299.0
48 4.6836557
49 115.15932
50 260.0
51 0.0
52 28.602552
53 182.82591
54 176.05722
55 89.02598
56 0.0
57 53.686665
58 142.00624
59 0.0
60 76.14186
61 0.6
62 0.0
63 186.07857
64 119.47134
65 203.0
66 402.00696
67 76.35111
68 0.0
69 0.0
70 71.3164
