1 148.20287
2 127.64236
3 92.26398
4 2.7432601
5 118.00107
6 67.6161
7 0.0
8 0.0
9 109.15134
10 18.151995
11 12.770375
12 0.0
13 81.17524
14 42.019333
15 75.66897
16 14.419401
17 126.21741
18 36.255516
19 22.07127
20 4.664483
21 131.47266
22 0.0
23 22.692081
24 0.0
25 203.0
26 57.107174
27 0.6
28 299.0
29 1.3258051
30 203.0
31 0.0
32 8.098867
33 0.0
34 299.6
35 165.81003
36 85.6831
37 69.70626
38 63.336845
39 146.50179
40 0.0
41 160.01682
42 15.568393
43 107.02111
44 21.5286
45 12.472186
46 299.6
47 0.0
48 25.688427
49 3.2185202
50 27.70628
51 152.07083
52 0.0
53 204.134
54 43.76354
55 0.0
56 293.72812
57 0.0
58 107.132484
59 0.0
60 95.70591
61 17.628239
62 123.12542
63 8.457893
64 71.2457
65 130.32135
66 16.228035
67 132.36404
68 34.5075
69 98.94921
70 6.08652
71 171.8329
72 0.0
73 0.0
74 69.59863
75 255.64009
76 112.430824
77 0.0
78 38.86128
79 44.539093
80 195.65765
81 127.21943
82 18.638432
83 2.868
84 1.2
85 146.3213
86 174.15851
87 84.754906
88 176.84729
89 12.035428
90 0.0
91 49.738808
92 21.859404
93 203.0
94 51.553864
95 33.76649
96 90.9629
97 195.22643
98 12.770375
99 25.20187
100 6.450762
101 155.0
102 219.0
103 67.285904
104 155.0
105 143.77504
106 155.6
107 293.151
108 164.0
109 329.77945
110 219.0
111 120.446465
112 194.7842
113 164.0
114 395.8214
115 117.55337
116 0.0
117 155.6
118 155.0
119 167.43428
120 126.20434
121 41.099857
122 219.0
123 155.0
124 122.37425
125 495.01028
126 95.151215
127 110.860634
128 276.38538
129 210.80516
130 78.209724
131 62.217133
132 94.595764
133 30.09037
134 47.267345
135 0.0
136 290.5939
137 39.067783
138 219.0
139 -0.71101856
140 122.69581
141 132.84085
142 233.6007
143 119.58313
144 118.33356
145 73.34636
146 30.499338
147 81.13876
148 38.286266
149 97.234184
150 0.0
151 0.0
152 219.60272
153 310.27002
154 49.370495
155 489.8183
156 187.0
157 213.51938
158 283.0
159 0.0
160 155.0
161 135.83499
162 155.0
163 331.0
164 204.75696
165 37.01885
166 43.596752
167 219.0
168 150.51572
169 283.1847
170 155.0
171 45.816418
172 0.0
173 3.3432603
174 0.0
175 362.4
176 140.4746
177 65.20421
178 276.0
179 0.0
180 0.0
181 24.58541
182 219.0
183 0.0
184 96.259766
185 82.37985
186 42.416344
187 197.98172
188 155.6
189 0.0
190 0.0
191 219.0
192 144.08469
193 148.4158
194 37.15511
195 61.89409
196 18.169943
197 155.0
198 0.7769543
199 93.75885
200 219.0
201 267.0
202 384.20847
203 419.1326
204 12.37248
205 149.51923
206 442.0268
207 132.91946
208 173.17151
209 156.21976
210 325.62964
211 373.07034
212 218.61462
213 0.0
214 267.0
215 52.16603
216 187.16609
217 439.90985
218 147.9861
219 136.1662
220 320.40756
221 231.00009
222 388.09006
223 30.321423
224 60.55316
225 255.53046
226 263.7587
227 261.54523
228 325.63208
229 365.99527
230 19.959635
231 102.38043
232 339.72958
233 267.0
234 267.0
235 225.6663
236 428.56247
237 388.24402
238 346.53122
239 283.68362
240 262.71106
241 378.17664
242 36.8415
243 267.0
244 78.87918
245 215.50049
246 12.050354
247 366.89584
248 116.37837
249 267.0
250 102.32129
251 52.852562
252 58.788895
253 396.6711
254 418.96054
255 1.1340001
256 435.51602
257 7.0898914
258 436.50568
259 30.866
260 38.517063
261 227.1191
262 -2.52386
263 0.0
264 102.03955
265 14.625357
266 253.89381
267 377.59464
268 65.668915
269 61.664444
270 64.19547
271 384.33304
272 121.97311
273 126.48322
274 87.15703
275 100.80509
276 267.6
277 6.585438
278 234.71506
279 303.3655
280 103.80685
281 95.744934
282 26.4787
283 34.6877
284 267.0
285 448.79785
286 35.949463
287 0.0
288 12.636491
289 41.081516
290 221.70905
291 380.6745
292 21.383366
293 67.76423
294 39.83876
295 238.81584
296 1.1677542
297 215.83235
298 222.93875
299 7.7194376
300 25.378521
301 403.4877
302 280.23093
303 435.95615
304 251.0
305 352.0037
306 93.79598
307 364.134
308 243.61873
309 47.845116
310 228.32532
311 122.69488
312 249.17392
313 237.55927
314 55.742283
315 236.69917
316 513.66284
317 79.69945
318 177.689
319 110.53931
320 59.480434
321 154.2981
322 140.79045
323 144.77069
324 244.98831
325 77.50729
326 180.31378
327 234.49461
328 22.22455
329 248.4898
330 188.29462
331 201.8702
332 251.0
333 58.769356
334 104.186195
335 251.0
336 229.63527
337 158.9065
338 220.81143
339 219.65187
340 223.88947
341 111.78892
342 31.203426
343 190.616
344 222.28249
345 107.48606
346 251.93233
347 45.17324
348 89.82939
349 38.79363
350 101.761986
351 101.487045
352 251.29637
353 127.26102
354 419.05978
355 251.0
356 55.370197
357 120.28474
358 222.51291
359 476.00607
360 0.0
361 27.417442
362 274.29944
363 39.482857
364 128.06049
365 140.37234
366 220.60733
367 47.212082
368 68.950035
369 231.69041
370 60.225464
371 14.627557
372 216.75511
373 138.9463
374 53.91455
375 16.138584
376 232.48283
377 251.0
378 251.66785
379 245.78981
380 1.1340001
381 94.41667
382 138.2023
383 159.97853
384 116.32235
385 117.67892
386 32.597023
387 180.50299
388 245.99115
389 251.0
390 60.537346
391 217.4306
392 29.665998
393 108.6228
394 157.59062
395 243.76727
396 143.5179
397 227.5567
398 213.2
399 120.77952
400 2.2680001
401 203.0
402 454.92227
403 112.23419
404 204.134
405 427.0
406 165.72594
407 305.3828
408 189.4109
409 203.0
410 183.88435
411 138.52551
412 300.90283
413 5.3755016
414 203.0
415 288.62323
416 277.36157
417 186.2
418 203.0
419 204.134
420 204.134
421 203.0
422 203.0
423 203.0
424 54.426636
425 404.62506
426 203.0
427 203.0
428 442.20514
429 119.97629
430 315.0
431 192.25763
432 119.58185
433 88.12673
434 111.18319
435 84.77907
436 288.78717
437 203.0
438 358.54828
439 180.78476
440 186.33897
441 204.134
442 184.04176
443 113.08995
444 159.09097
445 71.60502
446 203.0
447 163.0826
448 84.812874
449 132.86633
450 64.82485
451 0.0
452 203.0
453 54.927147
454 169.4198
455 204.134
456 66.13661
457 37.147472
458 0.0
459 138.10077
460 150.52565
461 422.74847
462 203.0
463 304.91504
464 254.71465
465 131.94409
466 171.06073
467 130.58516
468 203.0
469 92.62859
470 112.22518
471 140.11794
472 0.0
473 203.0
474 57.969566
475 458.86087
476 98.6612
477 196.9186
478 80.25162
479 60.177876
480 61.99357
481 289.55048
482 204.134
483 0.0
484 11.50125
485 288.53018
486 91.01119
487 1.2
488 130.81209
489 160.64476
490 155.04686
491 67.231445
492 177.22137
493 2.2680001
494 118.859634
495 203.0
496 203.0
497 367.2982
498 3.6001084
499 178.32295
500 2.2680001
501 357.75772
502 363.0
503 151.04924
504 402.80493
505 254.7968
506 137.82985
507 171.0
508 361.8497
509 164.86139
510 171.0
511 127.141136
512 327.94327
513 130.60884
514 341.23325
515 131.32745
516 235.0
517 129.01646
518 235.0
519 172.134
520 235.0
521 352.05115
522 355.0831
523 170.4
524 171.0
525 235.0
526 169.07352
527 209.54088
528 171.0
529 171.0
530 226.61066
531 149.10631
532 353.10553
533 522.67957
534 253.60573
535 171.0
536 171.0
537 363.0
538 203.0
539 348.60342
540 171.0
541 383.89377
542 171.0
543 171.0
544 171.0
545 95.044464
546 388.39917
547 151.04889
548 214.96117
549 205.13199
550 227.04779
551 535.45544
552 172.134
553 137.92902
554 171.0
555 203.0
556 171.0
557 171.0
558 133.41827
559 37.806328
560 79.955894
561 171.0
562 158.7879
563 171.0
564 67.463
565 12.479606
566 116.51049
567 66.13905
568 343.60605
569 98.61922
570 160.61978
571 539.0
572 151.806
573 342.45822
574 120.37774
575 105.290504
576 143.36447
577 50.187798
578 171.0
579 235.0
580 0.0
581 171.0
582 0.0
583 235.0
584 353.96448
585 1.7340001
586 170.74474
587 3.684248
588 171.0
589 124.86771
590 205.31161
591 9.096172
592 88.462074
593 90.00851
594 0.0
595 74.58167
596 113.33208
597 69.314224
598 171.0
599 0.0
600 171.0
601 219.0
602 305.03912
603 313.675
604 459.0
605 230.67381
606 219.0
607 315.0
608 247.67836
609 219.0
610 456.59033
611 219.0
612 176.26779
613 244.05902
614 455.2372
615 180.61731
616 216.73201
617 219.0
618 220.134
619 310.6331
620 219.0
621 459.0
622 171.87967
623 219.0
624 176.22975
625 220.134
626 158.23846
627 315.6
628 219.0
629 104.197914
630 150.99759
631 181.54951
632 171.01569
633 153.415
634 308.34567
635 219.0
636 219.0
637 219.0
638 179.27731
639 173.92256
640 449.38165
641 247.57529
642 220.134
643 443.3166
644 200.59206
645 122.58213
646 219.0
647 209.25008
648 220.134
649 190.67747
650 134.47755
651 61.193607
652 135.64832
653 220.134
654 992.18207
655 115.211296
656 219.0
657 219.0
658 219.0
659 127.269356
660 219.0
661 459.0
662 0.0
663 212.38538
664 315.0
665 219.0
666 219.0
667 219.0
668 219.0
669 315.0
670 178.63492
671 214.015
672 142.37529
673 219.0
674 219.0
675 219.0
676 142.11012
677 219.0
678 219.0
679 32.6
680 210.07712
