1 159.96367
2 21.465784
3 9.121445
4 98.08704
5 28.781479
6 126.797615
7 9.650184
8 33.2
9 14.347475
10 16.448133
11 10.3454075
12 0.0
13 235.0
14 9.103125
15 26.61477
16 99.07918
17 49.285866
18 19.945452
19 0.0
20 37.991936
21 3.6594727
22 23.338001
23 14.693408
24 52.462852
25 40.45889
26 219.0
27 31.399998
28 36.39425
29 24.251366
30 48.476555
31 60.5883
32 38.332485
33 1.9991648
34 149.84566
35 17.906296
36 49.617912
37 0.0
38 49.608795
39 31.052015
40 36.34663
41 0.0
42 0.0
43 8.800901
44 68.917564
45 0.0
46 34.270367
47 47.409042
48 49.594448
49 0.0
50 0.0
51 178.42303
52 47.39558
53 219.0
54 28.593801
55 54.469845
56 0.0
57 39.251152
58 31.933998
59 39.52458
60 33.595535
61 159.7115
62 235.0
63 99.278915
64 25.250998
65 31.052746
66 125.83016
67 0.0
68 132.46172
69 0.0
70 20.24308
71 46.534565
72 44.174778
73 31.465998
74 10.010741
75 10.534901
76 127.35958
77 84.92987
78 42.016632
79 9.198259
80 208.47264
81 61.570713
82 60.38947
83 87.08892
84 106.05207
85 14.298214
86 0.0
87 31.41372
88 32.0
89 236.134
90 39.435913
91 0.0
92 0.0
93 0.0
94 0.0
95 0.0
96 38.5515
97 49.418022
98 201.32434
99 60.58042
100 0.0
101 236.134
102 235.0
103 235.0
104 219.0
105 219.0
106 208.47264
107 201.32434
108 178.42303
109 159.96367
110 159.7115
111 149.84566
112 132.46172
113 127.35958
114 126.797615
115 125.83016
116 106.05207
117 99.278915
118 99.07918
119 98.08704
120 87.08892
121 84.92987
122 68.917564
123 61.570713
124 60.5883
125 60.58042
126 60.38947
127 54.469845
128 52.462852
129 49.617912
130 49.608795
131 49.594448
132 49.418022
133 49.285866
134 48.476555
135 47.409042
136 47.39558
137 46.534565
138 44.174778
139 42.016632
140 40.45889
141 39.52458
142 39.435913
143 39.251152
144 38.5515
145 38.332485
146 37.991936
147 36.39425
148 36.34663
149 34.270367
150 33.595535
151 170.9269
152 109.47106
153 70.15141
154 48.164772
155 0.0
156 43.203644
157 33.186275
158 15.999067
159 19.751965
160 26.58537
161 58.711823
162 37.716824
163 196.85197
164 33.134
165 13.010021
166 0.0
167 100.41077
168 0.0
169 39.79289
170 6.4158897
171 0.0
172 8.918171
173 51.901207
174 33.89637
175 44.3026
176 8.811133
177 0.0
178 35.15252
179 34.864483
180 0.0
181 23.59291
182 25.985367
183 0.0
184 59.596115
185 196.37294
186 28.597998
187 0.0
188 37.25067
189 71.467865
190 76.95337
191 101.50981
192 14.291046
193 9.024077
194 12.099813
195 0.0
196 37.212208
197 52.504387
198 0.0
199 13.621078
200 69.89401
201 236.134
202 235.0
203 235.0
204 219.0
205 219.0
206 208.47264
207 201.32434
208 196.85197
209 196.37294
210 178.42303
211 170.9269
212 159.96367
213 159.7115
214 149.84566
215 132.46172
216 127.35958
217 126.797615
218 125.83016
219 109.47106
220 106.05207
221 101.50981
222 100.41077
223 99.278915
224 99.07918
225 98.08704
226 87.08892
227 84.92987
228 76.95337
229 71.467865
230 70.15141
231 69.89401
232 68.917564
233 61.570713
234 60.5883
235 60.58042
236 60.38947
237 59.596115
238 58.711823
239 54.469845
240 52.504387
241 52.462852
242 51.901207
243 49.617912
244 49.608795
245 49.594448
246 49.418022
247 49.285866
248 48.476555
249 48.164772
250 47.409042
251 162.90706
252 77.79027
253 33.90543
254 184.20203
255 36.11809
256 167.19484
257 106.37022
258 169.54468
259 219.0
260 45.345734
261 42.2688
262 135.43047
263 152.99852
264 137.55641
265 114.48953
266 43.895508
267 0.0
268 0.0
269 54.798615
270 31.318668
271 19.821407
272 47.229286
273 92.97759
274 0.0
275 23.475107
276 0.0
277 29.599998
278 40.481644
279 101.44068
280 24.773155
281 10.348435
282 0.0
283 16.615477
284 0.0
285 37.48063
286 83.15094
287 14.277525
288 49.328712
289 17.075848
290 60.262493
291 158.84698
292 25.385368
293 30.866
294 15.777864
295 148.90472
296 35.07647
297 25.385368
298 53.537094
299 24.185368
300 31.399998
301 236.134
302 235.0
303 235.0
304 219.0
305 219.0
306 219.0
307 208.47264
308 201.32434
309 196.85197
310 196.37294
311 184.20203
312 178.42303
313 170.9269
314 169.54468
315 167.19484
316 162.90706
317 159.96367
318 159.7115
319 158.84698
320 152.99852
321 149.84566
322 148.90472
323 137.55641
324 135.43047
325 132.46172
326 127.35958
327 126.797615
328 125.83016
329 114.48953
330 109.47106
331 106.37022
332 106.05207
333 101.50981
334 101.44068
335 100.41077
336 99.278915
337 99.07918
338 98.08704
339 92.97759
340 87.08892
341 84.92987
342 83.15094
343 77.79027
344 76.95337
345 71.467865
346 70.15141
347 69.89401
348 68.917564
349 61.570713
350 60.5883
351 127.27398
352 220.134
353 90.741714
354 2.1725383
355 23.190895
356 26.58537
357 0.0
358 209.28125
359 86.659935
360 0.0
361 14.979097
362 64.59158
363 0.0
364 164.21025
365 0.0
366 40.749855
367 19.735237
368 30.866
369 139.07195
370 35.56749
371 34.868
372 18.85073
373 32.0
374 137.83376
375 146.95508
376 0.0
377 0.0
378 75.36942
379 54.51088
380 103.83239
381 219.0
382 107.61988
383 94.58278
384 76.03935
385 0.0
386 100.791
387 39.924477
388 31.924807
389 62.336372
390 23.142399
391 0.0
392 144.77946
393 161.18716
394 45.312588
395 32.0
396 130.00534
397 18.258396
398 69.14494
399 25.926964
400 32.066
401 236.134
402 235.0
403 235.0
404 220.134
405 219.0
406 219.0
407 219.0
408 219.0
409 209.28125
410 208.47264
411 201.32434
412 196.85197
413 196.37294
414 184.20203
415 178.42303
416 170.9269
417 169.54468
418 167.19484
419 164.21025
420 162.90706
421 161.18716
422 159.96367
423 159.7115
424 158.84698
425 152.99852
426 149.84566
427 148.90472
428 146.95508
429 144.77946
430 139.07195
431 137.83376
432 137.55641
433 135.43047
434 132.46172
435 130.00534
436 127.35958
437 127.27398
438 126.797615
439 125.83016
440 114.48953
441 109.47106
442 107.61988
443 106.37022
444 106.05207
445 103.83239
446 101.50981
447 101.44068
448 100.791
449 100.41077
450 99.278915
451 125.847946
452 31.810432
453 0.0
454 64.6637
455 219.0
456 158.47517
457 98.15892
458 90.90039
459 109.87001
460 4.107637
461 0.0
462 44.78359
463 22.642866
464 41.85914
465 64.9215
466 225.71474
467 151.54343
468 17.200367
469 164.20168
470 199.43484
471 166.56427
472 120.40406
473 129.79689
474 64.50857
475 170.78847
476 0.0
477 207.76894
478 57.686226
479 29.797997
480 191.2152
481 23.831625
482 145.66281
483 0.0
484 48.904873
485 166.49663
486 219.0
487 0.0
488 117.526115
489 42.764046
490 0.0
491 0.0
492 29.62695
493 123.47577
494 97.82703
495 68.70414
496 74.06918
497 60.184364
498 61.103943
499 92.97202
500 25.676785
501 236.134
502 235.0
503 235.0
504 225.71474
505 220.134
506 219.0
507 219.0
508 219.0
509 219.0
510 219.0
511 219.0
512 209.28125
513 208.47264
514 207.76894
515 201.32434
516 199.43484
517 196.85197
518 196.37294
519 191.2152
520 184.20203
521 178.42303
522 170.9269
523 170.78847
524 169.54468
525 167.19484
526 166.56427
527 166.49663
528 164.21025
529 164.20168
530 162.90706
531 161.18716
532 159.96367
533 159.7115
534 158.84698
535 158.47517
536 152.99852
537 151.54343
538 149.84566
539 148.90472
540 146.95508
541 145.66281
542 144.77946
543 139.07195
544 137.83376
545 137.55641
546 135.43047
547 132.46172
548 130.00534
549 129.79689
550 127.35958
551 310.21567
552 117.42856
553 219.0
554 192.12225
555 235.0
556 48.38663
557 0.0
558 16.603506
559 120.44885
560 44.01817
561 0.0
562 118.76296
563 0.0
564 211.82913
565 81.0068
566 180.20505
567 40.358803
568 106.09625
569 49.677235
570 14.452133
571 65.61712
572 43.950054
573 32.0
574 34.08452
575 0.0
576 32.534
577 220.134
578 0.0
579 34.267998
580 125.98445
581 134.65965
582 101.96858
583 48.19946
584 16.805958
585 25.385366
586 150.21675
587 167.2811
588 32.534
589 196.91127
590 105.43283
591 53.341827
592 40.58482
593 174.33978
594 0.0
595 33.668
596 0.0
597 32.670834
598 74.3256
599 0.0
600 0.0
601 310.21567
602 236.134
603 235.0
604 235.0
605 235.0
606 225.71474
607 220.134
608 220.134
609 219.0
610 219.0
611 219.0
612 219.0
613 219.0
614 219.0
615 219.0
616 211.82913
617 209.28125
618 208.47264
619 207.76894
620 201.32434
621 199.43484
622 196.91127
623 196.85197
624 196.37294
625 192.12225
626 191.2152
627 184.20203
628 180.20505
629 178.42303
630 174.33978
631 170.9269
632 170.78847
633 169.54468
634 167.2811
635 167.19484
636 166.56427
637 166.49663
638 164.21025
639 164.20168
640 162.90706
641 161.18716
642 159.96367
643 159.7115
644 158.84698
645 158.47517
646 152.99852
647 151.54343
648 150.21675
649 149.84566
650 148.90472
651 155.048
652 8.8599415
653 180.60522
654 62.824295
655 219.0
656 208.85167
657 235.0
658 171.02156
659 16.86476
660 99.89216
661 199.73483
662 67.72592
663 38.75394
664 47.252632
665 95.80938
666 34.084522
667 219.0
668 0.0
669 191.8719
670 0.0
671 169.51608
672 60.483013
673 102.86744
674 70.55266
675 118.92713
676 97.83543
677 52.67074
678 130.03197
679 101.73607
680 69.947395
681 219.0
682 118.31659
683 116.59248
684 38.08063
685 0.0
686 51.74061
687 162.9207
688 219.0
689 207.51918
690 163.81949
691 0.0
692 78.146935
693 71.70976
694 152.00012
695 174.83612
696 0.0
697 39.28875
698 33.134
699 51.463577
700 110.42757
701 310.21567
702 236.134
703 235.0
704 235.0
705 235.0
706 235.0
707 225.71474
708 220.134
709 220.134
710 219.0
711 219.0
712 219.0
713 219.0
714 219.0
715 219.0
716 219.0
717 219.0
718 219.0
719 219.0
720 219.0
721 211.82913
722 209.28125
723 208.85167
724 208.47264
725 207.76894
726 207.51918
727 201.32434
728 199.73483
729 199.43484
730 196.91127
731 196.85197
732 196.37294
733 192.12225
734 191.8719
735 191.2152
736 184.20203
737 180.60522
738 180.20505
739 178.42303
740 174.83612
741 174.33978
742 171.02156
743 170.9269
744 170.78847
745 169.54468
746 169.51608
747 167.2811
748 167.19484
749 166.56427
750 166.49663
751 39.814632
752 170.53833
753 14.714138
754 19.764894
755 130.64711
756 51.55001
757 219.0
758 156.7002
759 36.280632
760 38.01463
761 115.10167
762 219.0
763 152.02641
764 219.0
765 153.06024
766 219.0
767 219.0
768 37.48063
769 32.0
770 175.17264
771 219.0
772 235.0
773 235.0
774 68.14125
775 219.0
776 30.81372
777 0.0
778 43.02146
779 166.12488
780 131.19693
781 219.0
782 0.0
783 20.019053
784 181.57843
785 159.21341
786 37.67866
787 65.31393
788 185.70135
789 212.87367
790 219.0
791 103.94524
792 219.0
793 219.0
794 96.47054
795 185.23161
796 181.25136
797 63.362152
798 174.9979
799 118.21295
800 0.0
801 310.21567
802 236.134
803 235.0
804 235.0
805 235.0
806 235.0
807 235.0
808 235.0
809 225.71474
810 220.134
811 220.134
812 219.0
813 219.0
814 219.0
815 219.0
816 219.0
817 219.0
818 219.0
819 219.0
820 219.0
821 219.0
822 219.0
823 219.0
824 219.0
825 219.0
826 219.0
827 219.0
828 219.0
829 219.0
830 219.0
831 219.0
832 219.0
833 219.0
834 212.87367
835 211.82913
836 209.28125
837 208.85167
838 208.47264
839 207.76894
840 207.51918
841 201.32434
842 199.73483
843 199.43484
844 196.91127
845 196.85197
846 196.37294
847 192.12225
848 191.8719
849 191.2152
850 185.70135
851 162.97592
852 38.61463
853 7.379601
854 45.700024
855 0.0
856 24.494001
857 219.0
858 219.0
859 121.461784
860 153.19194
861 64.64022
862 98.458984
863 29.135517
864 214.05136
865 164.28864
866 192.53015
867 191.44235
868 0.0
869 36.53055
870 55.140057
871 202.2089
872 132.25851
873 34.267998
874 88.7901
875 117.26326
876 219.0
877 219.0
878 219.0
879 107.83582
880 49.463882
881 219.0
882 20.031624
883 70.199265
884 169.69484
885 219.0
886 219.0
887 219.0
888 54.09427
889 219.0
890 163.19894
891 0.0
892 25.163235
893 159.74074
894 179.88446
895 57.82878
896 151.34335
897 83.585655
898 123.411606
899 112.591736
900 6.5408735
901 310.21567
902 236.134
903 235.0
904 235.0
905 235.0
906 235.0
907 235.0
908 235.0
909 225.71474
910 220.134
911 220.134
912 219.0
913 219.0
914 219.0
915 219.0
916 219.0
917 219.0
918 219.0
919 219.0
920 219.0
921 219.0
922 219.0
923 219.0
924 219.0
925 219.0
926 219.0
927 219.0
928 219.0
929 219.0
930 219.0
931 219.0
932 219.0
933 219.0
934 219.0
935 219.0
936 219.0
937 219.0
938 219.0
939 219.0
940 219.0
941 219.0
942 219.0
943 219.0
944 214.05136
945 212.87367
946 211.82913
947 209.28125
948 208.85167
949 208.47264
950 207.76894
951 62.309296
952 140.47263
953 67.996994
954 125.942856
955 0.0
956 4.346631
957 26.519367
958 33.114445
959 219.0
960 38.149006
961 219.0
962 211.72627
963 207.68655
964 95.66863
965 60.561047
966 219.0
967 18.567318
968 219.0
969 0.0
970 220.134
971 219.0
972 43.830143
973 158.77351
974 219.0
975 142.29016
976 73.33052
977 176.93318
978 220.134
979 218.58281
980 33.320744
981 42.622925
982 64.357216
983 71.35206
984 130.16399
985 219.0
986 39.38482
987 219.0
988 235.0
989 39.74863
990 126.01678
991 0.0
992 109.45571
993 35.920822
994 193.73294
995 158.55241
996 45.408653
997 41.751137
998 0.4832945
999 30.866
1000 219.0
1001 310.21567
1002 236.134
1003 235.0
1004 235.0
1005 235.0
1006 235.0
1007 235.0
1008 235.0
1009 235.0
1010 225.71474
1011 220.134
1012 220.134
1013 220.134
1014 220.134
1015 219.0
1016 219.0
1017 219.0
1018 219.0
1019 219.0
1020 219.0
1021 219.0
1022 219.0
1023 219.0
1024 219.0
1025 219.0
1026 219.0
1027 219.0
1028 219.0
1029 219.0
1030 219.0
1031 219.0
1032 219.0
1033 219.0
1034 219.0
1035 219.0
1036 219.0
1037 219.0
1038 219.0
1039 219.0
1040 219.0
1041 219.0
1042 219.0
1043 219.0
1044 219.0
1045 219.0
1046 219.0
1047 219.0
1048 219.0
1049 219.0
1050 219.0
1051 44.742443
1052 0.0
1053 219.0
1054 219.0
1055 37.633583
1056 37.251957
1057 100.49596
1058 3.0796459
1059 0.0
1060 219.0
1061 0.0
1062 219.0
1063 220.134
1064 33.134
1065 161.2935
1066 213.08968
1067 156.06271
1068 219.0
1069 109.42342
1070 220.134
1071 315.0
1072 174.69698
1073 99.88934
1074 0.0
1075 36.064484
1076 125.16528
1077 127.0308
1078 0.0
1079 219.0
1080 139.02516
1081 235.0
1082 219.0
1083 219.0
1084 0.0
1085 166.5339
1086 58.13023
1087 132.38911
1088 166.19583
1089 263.8197
1090 89.70095
1091 184.70529
1092 158.33748
1093 171.78758
1094 117.09796
1095 19.696001
1096 53.471275
1097 177.3939
1098 219.0
1099 24.251366
1100 235.0
1101 315.0
1102 310.21567
1103 263.8197
1104 236.134
1105 235.0
1106 235.0
1107 235.0
1108 235.0
1109 235.0
1110 235.0
1111 235.0
1112 235.0
1113 235.0
1114 225.71474
1115 220.134
1116 220.134
1117 220.134
1118 220.134
1119 220.134
1120 220.134
1121 219.0
1122 219.0
1123 219.0
1124 219.0
1125 219.0
1126 219.0
1127 219.0
1128 219.0
1129 219.0
1130 219.0
1131 219.0
1132 219.0
1133 219.0
1134 219.0
1135 219.0
1136 219.0
1137 219.0
1138 219.0
1139 219.0
1140 219.0
1141 219.0
1142 219.0
1143 219.0
1144 219.0
1145 219.0
1146 219.0
1147 219.0
1148 219.0
1149 219.0
1150 219.0
1151 315.0
1152 130.72273
1153 141.32573
1154 110.909035
1155 36.8624
1156 315.0
1157 219.0
1158 79.42706
1159 210.78036
1160 106.27644
1161 219.0
1162 219.0
1163 32.4453
1164 219.0
1165 235.0
1166 235.0
1167 32.534
1168 235.0
1169 38.01463
1170 235.0
1171 40.633152
1172 218.49141
1173 213.93219
1174 53.35035
1175 219.0
1176 62.314873
1177 8.811132
1178 219.0
1179 195.56866
1180 193.18037
1181 118.560295
1182 315.0
1183 144.7216
1184 60.50853
1185 219.0
1186 35.091408
1187 33.2
1188 41.70487
1189 50.041683
1190 51.314724
1191 171.40392
1192 219.0
1193 219.0
1194 95.78603
1195 23.04677
1196 0.0
1197 219.0
1198 219.0
1199 158.07149
1200 219.0
1201 315.0
1202 315.0
1203 315.0
1204 315.0
1205 310.21567
1206 263.8197
1207 236.134
1208 235.0
1209 235.0
1210 235.0
1211 235.0
1212 235.0
1213 235.0
1214 235.0
1215 235.0
1216 235.0
1217 235.0
1218 235.0
1219 235.0
1220 235.0
1221 225.71474
1222 220.134
1223 220.134
1224 220.134
1225 220.134
1226 220.134
1227 220.134
1228 219.0
1229 219.0
1230 219.0
1231 219.0
1232 219.0
1233 219.0
1234 219.0
1235 219.0
1236 219.0
1237 219.0
1238 219.0
1239 219.0
1240 219.0
1241 219.0
1242 219.0
1243 219.0
1244 219.0
1245 219.0
1246 219.0
1247 219.0
1248 219.0
1249 219.0
1250 219.0
1251 219.0
1252 196.9302
1253 219.0
1254 208.87964
1255 60.304104
1256 173.56871
1257 219.0
1258 219.0
1259 219.0
1260 40.016235
1261 4.2030663
1262 158.7116
1263 158.19493
1264 0.0
1265 56.13669
1266 0.0
1267 219.0
1268 220.134
1269 184.63602
1270 0.0
1271 173.41824
1272 71.14296
1273 26.948145
1274 220.134
1275 39.74863
1276 38.818954
1277 202.33351
1278 49.46557
1279 107.834885
1280 178.67921
1281 219.0
1282 219.0
1283 0.0
1284 220.134
1285 112.3857
1286 219.0
1287 219.0
1288 219.0
1289 197.90733
1290 219.0
1291 60.406166
1292 166.9685
1293 109.89967
1294 47.424484
1295 219.0
1296 33.081722
1297 0.0
1298 26.702217
1299 235.0
1300 54.817127
1301 315.0
1302 315.0
1303 315.0
1304 315.0
1305 310.21567
1306 263.8197
1307 236.134
1308 235.0
1309 235.0
1310 235.0
1311 235.0
1312 235.0
1313 235.0
1314 235.0
1315 235.0
1316 235.0
1317 235.0
1318 235.0
1319 235.0
1320 235.0
1321 235.0
1322 225.71474
1323 220.134
1324 220.134
1325 220.134
1326 220.134
1327 220.134
1328 220.134
1329 220.134
1330 220.134
1331 220.134
1332 219.0
1333 219.0
1334 219.0
1335 219.0
1336 219.0
1337 219.0
1338 219.0
1339 219.0
1340 219.0
1341 219.0
1342 219.0
1343 219.0
1344 219.0
1345 219.0
1346 219.0
1347 219.0
1348 219.0
1349 219.0
1350 219.0
1351 186.85698
1352 235.0
1353 219.0
1354 219.0
1355 219.0
1356 186.05415
1357 0.0
1358 49.322067
1359 0.0
1360 235.0
1361 28.781479
1362 219.0
1363 220.134
1364 100.55252
1365 191.17075
1366 160.12065
1367 220.134
1368 22.494568
1369 236.134
1370 219.0
1371 235.0
1372 109.934395
1373 235.0
1374 168.82486
1375 109.29492
1376 219.0
1377 36.280632
1378 235.0
1379 109.44317
1380 220.134
1381 219.0
1382 43.279114
1383 45.102375
1384 207.57962
1385 220.134
1386 44.220898
1387 212.99582
1388 200.28194
1389 0.0
1390 34.08452
1391 219.0
1392 235.0
1393 118.22039
1394 0.0
1395 212.87398
1396 212.41353
1397 177.33531
1398 57.21293
1399 203.43932
1400 124.49425
1401 315.0
1402 315.0
1403 315.0
1404 315.0
1405 310.21567
1406 263.8197
1407 236.134
1408 236.134
1409 235.0
1410 235.0
1411 235.0
1412 235.0
1413 235.0
1414 235.0
1415 235.0
1416 235.0
1417 235.0
1418 235.0
1419 235.0
1420 235.0
1421 235.0
1422 235.0
1423 235.0
1424 235.0
1425 235.0
1426 235.0
1427 235.0
1428 235.0
1429 225.71474
1430 220.134
1431 220.134
1432 220.134
1433 220.134
1434 220.134
1435 220.134
1436 220.134
1437 220.134
1438 220.134
1439 220.134
1440 220.134
1441 220.134
1442 220.134
1443 219.0
1444 219.0
1445 219.0
1446 219.0
1447 219.0
1448 219.0
1449 219.0
1450 219.0
1451 219.0
1452 219.0
1453 165.88208
1454 217.62029
1455 179.60728
1456 31.85294
1457 34.520744
1458 164.92818
1459 34.330486
1460 134.56903
1461 182.70349
1462 220.134
1463 125.67097
1464 10.149189
1465 61.137657
1466 207.64355
1467 210.0711
1468 198.00473
1469 219.0
1470 79.30974
1471 19.776295
1472 25.385368
1473 219.0
1474 236.134
1475 33.57108
1476 219.0
1477 219.0
1478 76.921844
1479 315.0
1480 235.0
1481 37.266365
1482 219.0
1483 219.0
1484 172.47522
1485 49.034916
1486 41.682056
1487 219.0
1488 101.2628
1489 220.134
1490 235.0
1491 276.0
1492 166.12851
1493 31.666676
1494 143.03998
1495 92.08891
1496 52.64564
1497 163.19386
1498 1.1340001
1499 0.0
1500 219.0
1501 315.0
1502 315.0
1503 315.0
1504 315.0
1505 315.0
1506 310.21567
1507 276.0
1508 263.8197
1509 236.134
1510 236.134
1511 236.134
1512 235.0
1513 235.0
1514 235.0
1515 235.0
1516 235.0
1517 235.0
1518 235.0
1519 235.0
1520 235.0
1521 235.0
1522 235.0
1523 235.0
1524 235.0
1525 235.0
1526 235.0
1527 235.0
1528 235.0
1529 235.0
1530 235.0
1531 235.0
1532 235.0
1533 235.0
1534 225.71474
1535 220.134
1536 220.134
1537 220.134
1538 220.134
1539 220.134
1540 220.134
1541 220.134
1542 220.134
1543 220.134
1544 220.134
1545 220.134
1546 220.134
1547 220.134
1548 220.134
1549 220.134
1550 219.0
1551 188.54906
1552 219.0
1553 220.134
1554 97.67004
1555 25.385366
1556 235.0
1557 219.0
1558 124.37946
1559 0.0
1560 104.36854
1561 65.40601
1562 112.71653
1563 210.1332
1564 189.9954
1565 61.77116
1566 219.0
1567 52.91635
1568 235.0
1569 158.84291
1570 235.0
1571 213.12888
1572 219.0
1573 39.88794
1574 220.134
1575 0.0
1576 198.40375
1577 219.0
1578 92.48117
1579 62.327747
1580 235.0
1581 126.48688
1582 220.134
1583 164.49998
1584 182.29633
1585 219.0
1586 236.134
1587 219.0
1588 27.935516
1589 102.89527
1590 220.134
1591 220.134
1592 44.818634
1593 235.0
1594 90.92532
1595 64.042046
1596 164.18428
1597 22.581772
1598 125.79854
1599 235.0
1600 27.921286
1601 315.0
1602 315.0
1603 315.0
1604 315.0
1605 315.0
1606 310.21567
1607 276.0
1608 263.8197
1609 236.134
1610 236.134
1611 236.134
1612 236.134
1613 235.0
1614 235.0
1615 235.0
1616 235.0
1617 235.0
1618 235.0
1619 235.0
1620 235.0
1621 235.0
1622 235.0
1623 235.0
1624 235.0
1625 235.0
1626 235.0
1627 235.0
1628 235.0
1629 235.0
1630 235.0
1631 235.0
1632 235.0
1633 235.0
1634 235.0
1635 235.0
1636 235.0
1637 235.0
1638 235.0
1639 235.0
1640 235.0
1641 225.71474
1642 220.134
1643 220.134
1644 220.134
1645 220.134
1646 220.134
1647 220.134
1648 220.134
1649 220.134
1650 220.134
1651 219.0
1652 74.90022
1653 34.267998
1654 155.08235
1655 169.73412
1656 140.34435
1657 219.0
1658 219.0
1659 0.0
1660 115.14073
1661 26.853455
1662 188.46574
1663 235.0
1664 219.0
1665 235.0
1666 278.59265
1667 220.134
1668 219.0
1669 0.0
1670 81.035385
1671 235.0
1672 76.28022
1673 171.31114
1674 219.0
1675 219.0
1676 45.465454
1677 125.66424
1678 219.0
1679 37.716824
1680 71.3804
1681 72.62357
1682 219.0
1683 194.3137
1684 123.59543
1685 235.0
1686 32.066
1687 234.44766
1688 59.829163
1689 235.0
1690 60.23957
1691 49.619152
1692 183.92654
1693 219.0
1694 219.0
1695 235.0
1696 60.522755
1697 235.0
1698 103.46405
1699 219.0
1700 32.0
1701 315.0
1702 315.0
1703 315.0
1704 315.0
1705 315.0
1706 310.21567
1707 278.59265
1708 276.0
1709 263.8197
1710 236.134
1711 236.134
1712 236.134
1713 236.134
1714 235.0
1715 235.0
1716 235.0
1717 235.0
1718 235.0
1719 235.0
1720 235.0
1721 235.0
1722 235.0
1723 235.0
1724 235.0
1725 235.0
1726 235.0
1727 235.0
1728 235.0
1729 235.0
1730 235.0
1731 235.0
1732 235.0
1733 235.0
1734 235.0
1735 235.0
1736 235.0
1737 235.0
1738 235.0
1739 235.0
1740 235.0
1741 235.0
1742 235.0
1743 235.0
1744 235.0
1745 235.0
1746 235.0
1747 235.0
1748 235.0
1749 234.44766
1750 225.71474
1751 180.39691
1752 29.731998
1753 219.0
1754 219.0
1755 175.11879
1756 114.25729
1757 239.27563
1758 219.0
1759 235.0
1760 63.861485
1761 121.91768
1762 151.9795
1763 213.91315
1764 220.134
1765 184.3162
1766 219.0
1767 219.0
1768 171.72401
1769 24.851366
1770 145.63058
1771 131.17831
1772 0.0
1773 218.71083
1774 235.0
1775 219.0
1776 235.0
1777 219.0
1778 235.0
1779 38.31682
1780 65.87076
1781 155.10674
1782 50.236385
1783 235.0
1784 41.54863
1785 219.0
1786 235.0
1787 219.0
1788 235.0
1789 220.134
1790 219.0
1791 25.378521
1792 219.0
1793 177.32672
1794 219.0
1795 219.0
1796 134.2214
1797 219.0
1798 61.57009
1799 235.0
1800 268.8811
1801 315.0
1802 315.0
1803 315.0
1804 315.0
1805 315.0
1806 310.21567
1807 278.59265
1808 276.0
1809 268.8811
1810 263.8197
1811 239.27563
1812 236.134
1813 236.134
1814 236.134
1815 236.134
1816 235.0
1817 235.0
1818 235.0
1819 235.0
1820 235.0
1821 235.0
1822 235.0
1823 235.0
1824 235.0
1825 235.0
1826 235.0
1827 235.0
1828 235.0
1829 235.0
1830 235.0
1831 235.0
1832 235.0
1833 235.0
1834 235.0
1835 235.0
1836 235.0
1837 235.0
1838 235.0
1839 235.0
1840 235.0
1841 235.0
1842 235.0
1843 235.0
1844 235.0
1845 235.0
1846 235.0
1847 235.0
1848 235.0
1849 235.0
1850 235.0
1851 179.33913
1852 178.55702
1853 235.0
1854 205.15762
1855 219.0
1856 136.40941
1857 133.92426
1858 219.0
1859 120.32168
1860 168.16023
1861 36.064484
1862 149.47383
1863 27.653368
1864 75.74684
1865 47.056686
1866 219.0
1867 181.87784
1868 219.0
1869 139.88753
1870 235.0
1871 235.0
1872 219.0
1873 235.0
1874 0.0
1875 151.86137
1876 206.52237
1877 235.0
1878 186.07852
1879 148.59276
1880 170.33853
1881 198.45865
1882 45.534443
1883 210.84688
1884 196.68271
1885 219.0
1886 161.90558
1887 235.0
1888 401.3472
1889 191.11644
1890 28.181479
1891 14.404448
1892 219.0
1893 219.0
1894 235.0
1895 104.13584
1896 219.0
1897 109.59878
1898 0.0
1899 235.0
1900 235.0
1901 401.3472
1902 401.3472
1903 315.0
1904 315.0
1905 315.0
1906 315.0
1907 315.0
1908 310.21567
1909 278.59265
1910 276.0
1911 268.8811
1912 263.8197
1913 239.27563
1914 236.134
1915 236.134
1916 236.134
1917 236.134
1918 235.0
1919 235.0
1920 235.0
1921 235.0
1922 235.0
1923 235.0
1924 235.0
1925 235.0
1926 235.0
1927 235.0
1928 235.0
1929 235.0
1930 235.0
1931 235.0
1932 235.0
1933 235.0
1934 235.0
1935 235.0
1936 235.0
1937 235.0
1938 235.0
1939 235.0
1940 235.0
1941 235.0
1942 235.0
1943 235.0
1944 235.0
1945 235.0
1946 235.0
1947 235.0
1948 235.0
1949 235.0
1950 235.0
1951 235.0
1952 213.14226
1953 37.59735
1954 219.0
1955 219.0
1956 219.0
1957 219.0
1958 92.00366
1959 36.238834
1960 219.0
1961 0.0
1962 263.8197
1963 49.520298
1964 19.918234
1965 14.439781
1966 30.141256
1967 216.87576
1968 220.134
1969 108.15525
1970 138.86365
1971 183.91493
1972 205.20116
1973 219.0
1974 235.0
1975 219.0
1976 182.35474
1977 130.06496
1978 235.0
1979 121.48377
1980 163.87502
1981 236.134
1982 178.77338
1983 139.84024
1984 127.79689
1985 219.0
1986 169.18404
1987 219.0
1988 219.0
1989 36.4048
1990 153.21643
1991 177.04604
1992 0.12697291
1993 235.0
1994 48.315132
1995 39.841434
1996 219.0
1997 26.519367
1998 216.0607
1999 219.0
2000 186.84583
2001 65.99465
2002 401.3472
2003 315.0
2004 315.0
2005 315.0
2006 315.0
2007 315.0
2008 310.21567
2009 278.59265
2010 276.0
2011 268.8811
2012 263.8197
2013 263.8197
2014 239.27563
2015 236.134
2016 236.134
2017 236.134
2018 236.134
2019 236.134
2020 235.0
2021 235.0
2022 235.0
2023 235.0
2024 235.0
2025 235.0
2026 235.0
2027 235.0
2028 235.0
2029 235.0
2030 235.0
2031 235.0
2032 235.0
2033 235.0
2034 235.0
2035 235.0
2036 235.0
2037 235.0
2038 235.0
2039 235.0
2040 235.0
2041 235.0
2042 235.0
2043 235.0
2044 235.0
2045 235.0
2046 235.0
2047 235.0
2048 235.0
2049 235.0
2050 235.0
2051 235.0
2052 220.134
2053 219.0
2054 315.0
2055 219.0
2056 198.03209
2057 188.29228
2058 208.94539
2059 40.230736
2060 315.0
2061 63.16728
2062 174.24484
2063 220.96649
2064 60.193043
2065 110.717415
2066 219.0
2067 212.92621
2068 0.0
2069 236.134
2070 219.0
2071 44.155464
2072 21.883266
2073 60.405106
2074 219.0
2075 235.0
2076 219.0
2077 235.0
2078 8.942037
2079 235.0
2080 153.0608
2081 37.48063
2082 235.0
2083 235.0
2084 235.0
2085 87.14435
2086 186.51842
2087 66.479836
2088 182.33253
2089 93.34689
2090 235.0
2091 219.0
2092 220.134
2093 219.0
2094 235.0
2095 219.0
2096 235.0
2097 163.55934
2098 59.732708
2099 220.134
2100 187.15076
2101 220.134
2102 401.3472
2103 315.0
2104 315.0
2105 315.0
2106 315.0
2107 315.0
2108 315.0
2109 315.0
2110 310.21567
2111 278.59265
2112 276.0
2113 268.8811
2114 263.8197
2115 263.8197
2116 239.27563
2117 236.134
2118 236.134
2119 236.134
2120 236.134
2121 236.134
2122 236.134
2123 235.0
2124 235.0
2125 235.0
2126 235.0
2127 235.0
2128 235.0
2129 235.0
2130 235.0
2131 235.0
2132 235.0
2133 235.0
2134 235.0
2135 235.0
2136 235.0
2137 235.0
2138 235.0
2139 235.0
2140 235.0
2141 235.0
2142 235.0
2143 235.0
2144 235.0
2145 235.0
2146 235.0
2147 235.0
2148 235.0
2149 235.0
2150 235.0
2151 235.0
2152 219.0
2153 219.0
2154 219.0
2155 219.0
2156 46.86377
2157 157.62141
2158 133.60086
2159 112.15982
2160 148.29085
2161 219.0
2162 219.0
2163 114.99685
2164 174.7443
2165 51.94236
2166 29.449852
2167 200.64893
2168 111.65913
2169 23.89857
2170 236.134
2171 236.134
2172 199.59694
2173 235.0
2174 156.4417
2175 121.12957
2176 219.0
2177 236.134
2178 235.0
2179 19.531525
2180 235.0
2181 165.23607
2182 219.0
2183 219.0
2184 219.0
2185 235.0
2186 285.33807
2187 0.0
2188 207.12439
2189 235.0
2190 56.371628
2191 0.0
2192 37.716824
2193 219.0
2194 219.0
2195 235.0
2196 49.52617
2197 235.0
2198 94.230576
2199 235.0
2200 38.850822
2201 235.0
2202 401.3472
2203 315.0
2204 315.0
2205 315.0
2206 315.0
2207 315.0
2208 315.0
2209 315.0
2210 310.21567
2211 285.33807
2212 278.59265
2213 276.0
2214 268.8811
2215 263.8197
2216 263.8197
2217 239.27563
2218 236.134
2219 236.134
2220 236.134
2221 236.134
2222 236.134
2223 236.134
2224 236.134
2225 236.134
2226 236.134
2227 235.0
2228 235.0
2229 235.0
2230 235.0
2231 235.0
2232 235.0
2233 235.0
2234 235.0
2235 235.0
2236 235.0
2237 235.0
2238 235.0
2239 235.0
2240 235.0
2241 235.0
2242 235.0
2243 235.0
2244 235.0
2245 235.0
2246 235.0
2247 235.0
2248 235.0
2249 235.0
2250 235.0
2251 235.0
2252 252.75696
2253 235.0
2254 59.414356
2255 171.98912
2256 25.246058
2257 207.69592
2258 219.0
2259 235.0
2260 161.25578
2261 54.86353
2262 133.41919
2263 235.0
2264 148.74661
2265 219.0
2266 175.1203
2267 62.71053
2268 219.0
2269 158.51587
2270 219.0
2271 21.098753
2272 59.705383
2273 219.0
2274 236.134
2275 219.0
2276 219.0
2277 60.376972
2278 219.0
2279 153.7062
2280 105.52651
2281 219.0
2282 211.7705
2283 110.423515
2284 235.0
2285 132.49945
2286 84.6736
2287 235.0
2288 8.9052515
2289 202.2783
2290 35.87726
2291 235.0
2292 44.98808
2293 187.68042
2294 227.35101
2295 157.84932
2296 115.11297
2297 263.19348
2298 235.0
2299 219.0
2300 207.18607
2301 41.54863
2302 401.3472
2303 315.0
2304 315.0
2305 315.0
2306 315.0
2307 315.0
2308 315.0
2309 315.0
2310 310.21567
2311 285.33807
2312 278.59265
2313 276.0
2314 268.8811
2315 263.8197
2316 263.8197
2317 263.19348
2318 252.75696
2319 239.27563
2320 236.134
2321 236.134
2322 236.134
2323 236.134
2324 236.134
2325 236.134
2326 236.134
2327 236.134
2328 236.134
2329 236.134
2330 235.0
2331 235.0
2332 235.0
2333 235.0
2334 235.0
2335 235.0
2336 235.0
2337 235.0
2338 235.0
2339 235.0
2340 235.0
2341 235.0
2342 235.0
2343 235.0
2344 235.0
2345 235.0
2346 235.0
2347 235.0
2348 235.0
2349 235.0
2350 235.0
2351 235.0
2352 25.316996
2353 235.0
2354 219.0
2355 213.27237
2356 225.61462
2357 129.65926
2358 223.842
2359 235.0
2360 66.094894
2361 235.0
2362 135.99294
2363 235.0
2364 152.72752
2365 233.60237
2366 187.73175
2367 219.0
2368 54.115562
2369 60.57553
2370 38.61463
2371 219.0
2372 0.0
2373 69.44357
2374 219.0
2375 236.134
2376 235.0
2377 169.43817
2378 88.23852
2379 236.134
2380 0.0
2381 235.0
2382 116.342575
2383 219.0
2384 235.0
2385 29.731998
2386 153.02914
2387 235.0
2388 235.0
2389 219.0
2390 53.44129
2391 0.0
2392 168.2842
2393 183.12679
2394 204.15074
2395 219.89972
2396 235.0
2397 219.0
2398 184.90428
2399 228.74742
2400 221.2342
2401 200.91023
2402 401.3472
2403 315.0
2404 315.0
2405 315.0
2406 315.0
2407 315.0
2408 315.0
2409 315.0
2410 310.21567
2411 285.33807
2412 278.59265
2413 276.0
2414 268.8811
2415 263.8197
2416 263.8197
2417 263.19348
2418 252.75696
2419 239.27563
2420 236.134
2421 236.134
2422 236.134
2423 236.134
2424 236.134
2425 236.134
2426 236.134
2427 236.134
2428 236.134
2429 236.134
2430 236.134
2431 236.134
2432 235.0
2433 235.0
2434 235.0
2435 235.0
2436 235.0
2437 235.0
2438 235.0
2439 235.0
2440 235.0
2441 235.0
2442 235.0
2443 235.0
2444 235.0
2445 235.0
2446 235.0
2447 235.0
2448 235.0
2449 235.0
2450 235.0
2451 235.0
2452 156.23412
2453 235.0
2454 65.75538
2455 219.0
2456 192.27399
2457 207.60165
2458 213.30489
2459 212.25494
2460 129.30585
2461 236.134
2462 219.0
2463 57.800705
2464 73.79
2465 27.158497
2466 45.459377
2467 235.0
2468 190.97273
2469 219.0
2470 3.557579
2471 211.38048
2472 25.386126
2473 100.05959
2474 236.134
2475 235.0
2476 315.0
2477 0.0
2478 220.134
2479 0.0
2480 203.19807
2481 76.61323
2482 219.0
2483 219.0
2484 235.0
2485 227.70337
2486 30.866
2487 40.007744
2488 165.6237
2489 219.0
2490 210.75821
2491 54.951065
2492 219.0
2493 219.0
2494 220.134
2495 93.3784
2496 54.766495
2497 235.0
2498 235.0
2499 30.866
2500 235.0
2501 208.76985
2502 401.3472
2503 315.0
2504 315.0
2505 315.0
2506 315.0
2507 315.0
2508 315.0
2509 315.0
2510 315.0
2511 310.21567
2512 285.33807
2513 278.59265
2514 276.0
2515 268.8811
2516 263.8197
2517 263.8197
2518 263.19348
2519 252.75696
2520 239.27563
2521 236.134
2522 236.134
2523 236.134
2524 236.134
2525 236.134
2526 236.134
2527 236.134
2528 236.134
2529 236.134
2530 236.134
2531 236.134
2532 236.134
2533 236.134
2534 236.134
2535 235.0
2536 235.0
2537 235.0
2538 235.0
2539 235.0
2540 235.0
2541 235.0
2542 235.0
2543 235.0
2544 235.0
2545 235.0
2546 235.0
2547 235.0
2548 235.0
2549 235.0
2550 235.0
2551 235.0
2552 219.0
2553 315.0
2554 219.0
2555 147.67554
2556 219.0
2557 218.38739
2558 54.945026
2559 168.69609
2560 235.0
2561 219.0
2562 38.017853
2563 20.01105
2564 219.0
2565 155.37401
2566 212.7311
2567 209.02667
2568 220.134
2569 136.92847
2570 132.11761
2571 24.858934
2572 236.134
2573 219.0
2574 111.42084
2575 3.4563909
2576 219.0
2577 315.0
2578 220.134
2579 156.77205
2580 140.54102
2581 200.22894
2582 112.45479
2583 189.0658
2584 235.0
2585 219.0
2586 236.134
2587 38.61463
2588 60.34285
2589 235.0
2590 235.0
2591 219.0
2592 219.0
2593 37.48063
2594 169.3397
2595 191.0379
2596 142.1512
2597 81.515305
2598 220.134
2599 173.41779
2600 220.134
2601 219.0
2602 401.3472
2603 315.0
2604 315.0
2605 315.0
2606 315.0
2607 315.0
2608 315.0
2609 315.0
2610 315.0
2611 315.0
2612 315.0
2613 310.21567
2614 285.33807
2615 278.59265
2616 276.0
2617 268.8811
2618 263.8197
2619 263.8197
2620 263.19348
2621 252.75696
2622 239.27563
2623 236.134
2624 236.134
2625 236.134
2626 236.134
2627 236.134
2628 236.134
2629 236.134
2630 236.134
2631 236.134
2632 236.134
2633 236.134
2634 236.134
2635 236.134
2636 236.134
2637 236.134
2638 236.134
2639 235.0
2640 235.0
2641 235.0
2642 235.0
2643 235.0
2644 235.0
2645 235.0
2646 235.0
2647 235.0
2648 235.0
2649 235.0
2650 235.0
2651 235.0
2652 14.907498
2653 236.134
2654 315.0
2655 219.0
2656 201.92072
2657 186.03479
2658 315.0
2659 219.0
2660 220.134
2661 219.0
2662 33.345215
2663 315.0
2664 148.9533
2665 145.76605
2666 61.946175
2667 56.754826
2668 150.6483
2669 217.13058
2670 73.40679
2671 236.134
2672 219.0
2673 219.0
2674 52.423492
2675 42.759293
2676 107.68212
2677 71.48957
2678 236.134
2679 219.0
2680 21.747171
2681 235.0
2682 119.0645
2683 236.134
2684 49.72619
2685 235.0
2686 208.99843
2687 220.134
2688 235.0
2689 174.47055
2690 220.134
2691 72.62357
2692 170.41336
2693 180.44609
2694 60.266884
2695 220.134
2696 82.82738
2697 207.59921
2698 63.062107
2699 219.0
2700 235.0
2701 219.51419
2702 401.3472
2703 315.0
2704 315.0
2705 315.0
2706 315.0
2707 315.0
2708 315.0
2709 315.0
2710 315.0
2711 315.0
2712 315.0
2713 315.0
2714 315.0
2715 315.0
2716 310.21567
2717 285.33807
2718 278.59265
2719 276.0
2720 268.8811
2721 263.8197
2722 263.8197
2723 263.19348
2724 252.75696
2725 239.27563
2726 236.134
2727 236.134
2728 236.134
2729 236.134
2730 236.134
2731 236.134
2732 236.134
2733 236.134
2734 236.134
2735 236.134
2736 236.134
2737 236.134
2738 236.134
2739 236.134
2740 236.134
2741 236.134
2742 236.134
2743 236.134
2744 236.134
2745 236.134
2746 235.0
2747 235.0
2748 235.0
2749 235.0
2750 235.0
2751 235.0
2752 184.99509
2753 147.02895
2754 315.0
2755 219.0
2756 219.0
2757 235.0
2758 188.98439
2759 198.31898
2760 235.0
2761 219.0
2762 219.0
2763 235.34747
2764 219.0
2765 219.0
2766 123.43118
2767 117.33123
2768 25.385366
2769 219.0
2770 107.404976
2771 147.03752
2772 219.0
2773 219.0
2774 235.0
2775 44.224384
2776 220.134
2777 14.71414
2778 83.21444
2779 36.582825
2780 76.94752
2781 220.134
2782 44.155464
2783 24.185368
2784 235.0
2785 235.0
2786 55.081825
2787 219.0
2788 235.0
2789 103.78672
2790 219.0
2791 220.134
2792 55.081825
2793 43.845573
2794 93.977715
2795 48.25295
2796 32.0
2797 235.0
2798 0.0
2799 219.0
2800 51.114132
2801 337.66693
2802 401.3472
2803 337.66693
2804 315.0
2805 315.0
2806 315.0
2807 315.0
2808 315.0
2809 315.0
2810 315.0
2811 315.0
2812 315.0
2813 315.0
2814 315.0
2815 315.0
2816 315.0
2817 315.0
2818 310.21567
2819 285.33807
2820 278.59265
2821 276.0
2822 268.8811
2823 263.8197
2824 263.8197
2825 263.19348
2826 252.75696
2827 239.27563
2828 236.134
2829 236.134
2830 236.134
2831 236.134
2832 236.134
2833 236.134
2834 236.134
2835 236.134
2836 236.134
2837 236.134
2838 236.134
2839 236.134
2840 236.134
2841 236.134
2842 236.134
2843 236.134
2844 236.134
2845 236.134
2846 236.134
2847 236.134
2848 235.34747
2849 235.0
2850 235.0
2851 235.0
2852 195.62698
2853 603.0
2854 219.0
2855 284.48984
2856 235.0
2857 219.0
2858 220.134
2859 53.531025
2860 603.0
2861 219.0
2862 315.0
2863 219.0
2864 219.0
2865 205.87239
2866 87.58037
2867 121.06925
2868 64.65736
2869 103.21718
2870 82.05897
2871 82.513466
2872 126.96813
2873 219.0
2874 50.764412
2875 220.134
2876 132.95088
2877 60.637325
2878 83.793236
2879 213.20001
2880 219.0
2881 30.8
2882 25.056406
2883 109.306335
2884 219.0
2885 235.0
2886 236.134
2887 167.64957
2888 4.0507617
2889 55.01008
2890 66.062874
2891 166.12964
2892 39.748634
2893 29.755272
2894 57.151646
2895 219.0
2896 220.134
2897 164.91093
2898 219.0
2899 236.134
2900 219.0
2901 236.134
2902 603.0
2903 603.0
2904 603.0
2905 401.3472
2906 337.66693
2907 315.0
2908 315.0
2909 315.0
2910 315.0
2911 315.0
2912 315.0
2913 315.0
2914 315.0
2915 315.0
2916 315.0
2917 315.0
2918 315.0
2919 315.0
2920 315.0
2921 315.0
2922 310.21567
2923 285.33807
2924 284.48984
2925 278.59265
2926 276.0
2927 268.8811
2928 263.8197
2929 263.8197
2930 263.19348
2931 252.75696
2932 239.27563
2933 236.134
2934 236.134
2935 236.134
2936 236.134
2937 236.134
2938 236.134
2939 236.134
2940 236.134
2941 236.134
2942 236.134
2943 236.134
2944 236.134
2945 236.134
2946 236.134
2947 236.134
2948 236.134
2949 236.134
2950 236.134
2951 236.134
2952 236.134
2953 235.0
2954 235.0
2955 159.29564
2956 272.02505
2957 118.25061
2958 202.36304
2959 236.134
2960 236.134
2961 219.0
2962 40.669144
2963 235.0
2964 235.0
2965 235.0
2966 236.134
2967 235.0
2968 236.134
2969 315.0
2970 235.0
2971 219.0
2972 154.76428
2973 126.31407
2974 195.83626
2975 93.99956
2976 60.334446
2977 201.80644
2978 235.0
2979 162.0711
2980 78.986755
2981 54.428726
2982 36.064484
2983 142.46078
2984 55.06268
2985 219.0
2986 82.81332
2987 220.134
2988 219.0
2989 219.0
2990 201.57288
2991 235.0
2992 219.0
2993 235.0
2994 235.0
2995 235.0
2996 236.134
2997 34.268
2998 219.0
2999 138.22171
3000 99.45938
3001 48.511234
3002 93.15023
3003 603.0
3004 603.0
3005 401.3472
3006 337.66693
3007 315.0
3008 315.0
3009 315.0
3010 315.0
3011 315.0
3012 315.0
3013 315.0
3014 315.0
3015 315.0
3016 315.0
3017 315.0
3018 315.0
3019 315.0
3020 315.0
3021 315.0
3022 315.0
3023 310.21567
3024 285.33807
3025 284.48984
3026 278.59265
3027 276.0
3028 272.02505
3029 268.8811
3030 263.8197
3031 263.8197
3032 263.19348
3033 252.75696
3034 239.27563
3035 236.134
3036 236.134
3037 236.134
3038 236.134
3039 236.134
3040 236.134
3041 236.134
3042 236.134
3043 236.134
3044 236.134
3045 236.134
3046 236.134
3047 236.134
3048 236.134
3049 236.134
3050 236.134
3051 236.134
3052 236.134
3053 507.0
3054 235.0
3055 18.702362
3056 219.0
3057 219.0
3058 219.0
3059 254.89314
3060 235.0
3061 219.0
3062 219.0
3063 133.35835
3064 235.0
3065 202.10947
3066 38.066906
3067 190.92078
3068 219.0
3069 203.61665
3070 99.10702
3071 141.80185
3072 183.2501
3073 95.82582
3074 55.02913
3075 235.0
3076 235.0
3077 235.0
3078 219.0
3079 99.69895
3080 45.135887
3081 142.45958
3082 421.48096
3083 235.0
3084 65.587944
3085 219.0
3086 219.0
3087 121.372856
3088 219.0
3089 220.134
3090 235.0
3091 220.134
3092 220.134
3093 220.134
3094 235.0
3095 235.0
3096 220.134
3097 28.424496
3098 14.490865
3099 207.77838
3100 235.0
3101 179.42085
3102 219.0
3103 603.0
3104 603.0
3105 507.0
3106 421.48096
3107 401.3472
3108 337.66693
3109 315.0
3110 315.0
3111 315.0
3112 315.0
3113 315.0
3114 315.0
3115 315.0
3116 315.0
3117 315.0
3118 315.0
3119 315.0
3120 315.0
3121 315.0
3122 315.0
3123 315.0
3124 315.0
3125 310.21567
3126 285.33807
3127 284.48984
3128 278.59265
3129 276.0
3130 272.02505
3131 268.8811
3132 263.8197
3133 263.8197
3134 263.19348
3135 254.89314
3136 252.75696
3137 239.27563
3138 236.134
3139 236.134
3140 236.134
3141 236.134
3142 236.134
3143 236.134
3144 236.134
3145 236.134
3146 236.134
3147 236.134
3148 236.134
3149 236.134
3150 236.134
3151 236.134
3152 236.134
3153 219.0
3154 507.0
3155 219.0
3156 219.0
3157 155.64388
3158 219.0
3159 219.0
3160 235.0
3161 63.619957
3162 219.0
3163 196.77365
3164 219.0
3165 315.0
3166 165.84465
3167 235.0
3168 207.87654
3169 77.239716
3170 235.0
3171 116.902405
3172 315.0
3173 48.320633
3174 273.40347
3175 157.31422
3176 25.581438
3177 70.74881
3178 130.7209
3179 235.0
3180 235.0
3181 48.497112
3182 122.96153
3183 143.18501
3184 236.134
3185 235.0
3186 28.42781
3187 219.0
3188 235.0
3189 235.0
3190 193.94217
3191 235.0
3192 205.81879
3193 235.0
3194 126.79184
3195 197.95773
3196 219.0
3197 220.134
3198 219.0
3199 71.15581
3200 54.766495
3201 219.0
3202 235.0
3203 603.0
3204 603.0
3205 507.0
3206 507.0
3207 421.48096
3208 401.3472
3209 337.66693
3210 315.0
3211 315.0
3212 315.0
3213 315.0
3214 315.0
3215 315.0
3216 315.0
3217 315.0
3218 315.0
3219 315.0
3220 315.0
3221 315.0
3222 315.0
3223 315.0
3224 315.0
3225 315.0
3226 315.0
3227 315.0
3228 310.21567
3229 285.33807
3230 284.48984
3231 278.59265
3232 276.0
3233 273.40347
3234 272.02505
3235 268.8811
3236 263.8197
3237 263.8197
3238 263.19348
3239 254.89314
3240 252.75696
3241 239.27563
3242 236.134
3243 236.134
3244 236.134
3245 236.134
3246 236.134
3247 236.134
3248 236.134
3249 236.134
3250 236.134
3251 236.134
3252 236.134
3253 235.0
3254 316.134
3255 236.134
3256 235.0
3257 193.16484
3258 220.134
3259 219.0
3260 134.599
3261 1.1340001
3262 168.8162
3263 220.134
3264 50.912582
3265 219.0
3266 176.13911
3267 207.95119
3268 236.134
3269 235.0
3270 65.7863
3271 219.0
3272 235.0
3273 315.0
3274 220.134
3275 220.134
3276 219.0
3277 316.134
3278 130.2415
3279 24.917316
3280 73.18639
3281 89.43644
3282 235.0
3283 274.95126
3284 315.0
3285 76.03962
3286 118.043335
3287 152.07173
3288 144.8556
3289 236.134
3290 235.0
3291 219.0
3292 219.0
3293 39.472664
3294 152.97627
3295 235.0
3296 124.68238
3297 220.134
3298 219.0
3299 220.134
3300 0.0
3301 235.0
3302 219.0
3303 603.0
3304 603.0
3305 507.0
3306 507.0
3307 421.48096
3308 401.3472
3309 337.66693
3310 316.134
3311 316.134
3312 315.0
3313 315.0
3314 315.0
3315 315.0
3316 315.0
3317 315.0
3318 315.0
3319 315.0
3320 315.0
3321 315.0
3322 315.0
3323 315.0
3324 315.0
3325 315.0
3326 315.0
3327 315.0
3328 315.0
3329 315.0
3330 315.0
3331 315.0
3332 310.21567
3333 285.33807
3334 284.48984
3335 278.59265
3336 276.0
3337 274.95126
3338 273.40347
3339 272.02505
3340 268.8811
3341 263.8197
3342 263.8197
3343 263.19348
3344 254.89314
3345 252.75696
3346 239.27563
3347 236.134
3348 236.134
3349 236.134
3350 236.134
3351 236.134
3352 236.134
3353 219.0
3354 235.0
3355 235.0
3356 235.0
3357 315.0
3358 235.0
3359 235.0
3360 219.0
3361 235.0
3362 238.10751
3363 219.0
3364 44.26373
3365 316.134
3366 153.38985
3367 104.007126
3368 235.0
3369 189.71967
3370 0.0
3371 219.0
3372 220.134
3373 193.36938
3374 202.21442
3375 315.0
3376 219.0
3377 315.0
3378 207.68033
3379 201.63107
3380 219.0
3381 219.0
3382 153.51227
3383 219.0
3384 219.0
3385 65.89066
3386 219.0
3387 60.036945
3388 234.2188
3389 235.0
3390 127.28249
3391 79.99357
3392 116.31933
3393 235.0
3394 220.134
3395 45.387516
3396 36.064484
3397 235.0
3398 236.134
3399 219.0
3400 98.530464
3401 236.134
3402 220.134
3403 603.0
3404 603.0
3405 507.0
3406 507.0
3407 421.48096
3408 401.3472
3409 337.66693
3410 316.134
3411 316.134
3412 316.134
3413 315.0
3414 315.0
3415 315.0
3416 315.0
3417 315.0
3418 315.0
3419 315.0
3420 315.0
3421 315.0
3422 315.0
3423 315.0
3424 315.0
3425 315.0
3426 315.0
3427 315.0
3428 315.0
3429 315.0
3430 315.0
3431 315.0
3432 315.0
3433 315.0
3434 315.0
3435 315.0
3436 310.21567
3437 285.33807
3438 284.48984
3439 278.59265
3440 276.0
3441 274.95126
3442 273.40347
3443 272.02505
3444 268.8811
3445 263.8197
3446 263.8197
3447 263.19348
3448 254.89314
3449 252.75696
3450 239.27563
3451 238.10751
3452 236.134
3453 235.0
3454 235.0
3455 241.90596
3456 237.268
3457 219.0
3458 44.248276
3459 315.0
3460 316.134
3461 235.0
3462 195.78131
3463 219.0
3464 114.417114
3465 219.54918
3466 315.0
3467 158.47603
3468 201.33723
3469 235.0
3470 141.00519
3471 216.4984
3472 219.0
3473 219.0
3474 236.134
3475 219.0
3476 219.0
3477 219.0
3478 127.97399
3479 219.0
3480 235.0
3481 219.0
3482 219.0
3483 151.86281
3484 235.0
3485 219.0
3486 23.317793
3487 62.625668
3488 37.46976
3489 138.6886
3490 235.0
3491 219.0
3492 78.70336
3493 185.87581
3494 214.589
3495 75.05743
3496 217.31584
3497 252.75696
3498 219.0
3499 236.134
3500 60.193256
3501 219.0
3502 236.134
3503 603.0
3504 603.0
3505 507.0
3506 507.0
3507 421.48096
3508 401.3472
3509 337.66693
3510 316.134
3511 316.134
3512 316.134
3513 316.134
3514 315.0
3515 315.0
3516 315.0
3517 315.0
3518 315.0
3519 315.0
3520 315.0
3521 315.0
3522 315.0
3523 315.0
3524 315.0
3525 315.0
3526 315.0
3527 315.0
3528 315.0
3529 315.0
3530 315.0
3531 315.0
3532 315.0
3533 315.0
3534 315.0
3535 315.0
3536 315.0
3537 315.0
3538 315.0
3539 310.21567
3540 285.33807
3541 284.48984
3542 278.59265
3543 276.0
3544 274.95126
3545 273.40347
3546 272.02505
3547 268.8811
3548 263.8197
3549 263.8197
3550 263.19348
3551 254.89314
3552 252.75696
3553 603.0
3554 235.0
3555 219.0
3556 603.0
3557 235.0
3558 76.18804
3559 235.0
3560 235.0
3561 24.815325
3562 235.0
3563 219.0
3564 220.134
3565 201.07375
3566 184.63962
3567 315.0
3568 183.43086
3569 235.0
3570 219.0
3571 82.82132
3572 235.0
3573 235.0
3574 235.0
3575 58.253593
3576 219.0
3577 0.0
3578 235.0
3579 87.05884
3580 125.88836
3581 219.0
3582 191.46268
3583 235.0
3584 219.0
3585 71.25102
3586 219.0
3587 159.04764
3588 236.134
3589 219.0
3590 67.55345
3591 219.0
3592 101.42478
3593 219.0
3594 190.64653
3595 315.0
3596 220.134
3597 25.385368
3598 151.03333
3599 219.0
3600 220.134
3601 19.697058
3602 235.0
3603 603.0
3604 603.0
3605 603.0
3606 603.0
3607 507.0
3608 507.0
3609 421.48096
3610 401.3472
3611 337.66693
3612 316.134
3613 316.134
3614 316.134
3615 316.134
3616 315.0
3617 315.0
3618 315.0
3619 315.0
3620 315.0
3621 315.0
3622 315.0
3623 315.0
3624 315.0
3625 315.0
3626 315.0
3627 315.0
3628 315.0
3629 315.0
3630 315.0
3631 315.0
3632 315.0
3633 315.0
3634 315.0
3635 315.0
3636 315.0
3637 315.0
3638 315.0
3639 315.0
3640 315.0
3641 315.0
3642 315.0
3643 310.21567
3644 285.33807
3645 284.48984
3646 278.59265
3647 276.0
3648 274.95126
3649 273.40347
3650 272.02505
3651 268.8811
3652 263.8197
3653 235.0
3654 219.0
3655 316.134
3656 235.0
3657 219.0
3658 603.0
3659 252.75696
3660 219.0
3661 235.0
3662 315.0
3663 235.0
3664 315.0
3665 235.0
3666 235.0
3667 49.76707
3668 54.84763
3669 234.78253
3670 235.0
3671 220.134
3672 219.0
3673 158.14542
3674 235.0
3675 168.43336
3676 82.903854
3677 219.0
3678 219.0
3679 150.94978
3680 219.0
3681 71.53862
3682 235.0
3683 220.134
3684 168.28017
3685 315.0
3686 388.93805
3687 283.8217
3688 165.78091
3689 603.0
3690 236.134
3691 207.1964
3692 100.82403
3693 122.87309
3694 47.207478
3695 303.93127
3696 128.41653
3697 196.13629
3698 263.95734
3699 223.86072
3700 235.0
3701 0.0
3702 148.95065
3703 603.0
3704 603.0
3705 603.0
3706 603.0
3707 603.0
3708 603.0
3709 507.0
3710 507.0
3711 421.48096
3712 401.3472
3713 388.93805
3714 337.66693
3715 316.134
3716 316.134
3717 316.134
3718 316.134
3719 316.134
3720 315.0
3721 315.0
3722 315.0
3723 315.0
3724 315.0
3725 315.0
3726 315.0
3727 315.0
3728 315.0
3729 315.0
3730 315.0
3731 315.0
3732 315.0
3733 315.0
3734 315.0
