1 37.077255
2 40.03074
3 99.84945
4 36.2043
5 31.348011
6 20.621706
7 14.343196
8 74.40617
9 21.836117
10 38.332485
11 137.01538
12 83.52135
13 0.0
14 0.0
15 40.417004
16 235.0
17 0.0
18 205.02348
19 0.0
20 0.0
21 17.563427
22 67.50284
23 0.0
24 49.285866
25 20.43915
26 60.507557
27 40.52489
28 62.045753
29 33.134
30 22.462765
31 32.0
32 26.401546
33 37.388645
34 60.677296
35 28.807285
36 29.604553
37 49.414364
38 90.44032
39 0.0
40 34.267998
41 201.21265
42 42.332832
43 38.613873
44 6.6146307
45 0.0
46 235.0
47 7.984826
48 0.0
49 45.05263
50 47.04803
51 235.0
52 235.0
53 205.02348
54 201.21265
55 137.01538
56 99.84945
57 90.44032
58 83.52135
59 74.40617
60 67.50284
61 62.045753
62 60.677296
63 60.507557
64 49.414364
65 49.285866
66 47.04803
67 45.05263
68 42.332832
69 40.52489
70 40.417004
71 40.03074
72 38.613873
73 38.332485
74 37.388645
75 37.077255
76 50.582115
77 20.611177
78 41.63516
79 34.73737
80 36.88652
81 141.66269
82 108.723114
83 59.420185
84 8.98955
85 41.45267
86 138.63875
87 0.0
88 75.35489
89 35.32735
90 25.794628
91 99.58141
92 66.00975
93 72.74185
94 55.106323
95 0.0
96 0.0
97 122.644424
98 3.4941533
99 0.0
100 89.519295
101 235.0
102 235.0
103 205.02348
104 201.21265
105 141.66269
106 138.63875
107 137.01538
108 122.644424
109 108.723114
110 99.84945
111 99.58141
112 90.44032
113 89.519295
114 83.52135
115 75.35489
116 74.40617
117 72.74185
118 67.50284
119 66.00975
120 62.045753
121 60.677296
122 60.507557
123 59.420185
124 55.106323
125 50.582115
126 117.14754
127 109.565926
128 37.79697
129 83.15897
130 159.33789
131 93.06285
132 126.71487
133 118.21197
134 11.675989
135 36.251442
136 219.0
137 0.0
138 43.86539
139 26.513477
140 83.45792
141 76.574356
142 114.344635
143 37.95139
144 69.90079
145 47.790527
146 64.5054
147 38.61463
148 38.684284
149 65.73036
150 0.0
151 235.0
152 235.0
153 219.0
154 205.02348
155 201.21265
156 159.33789
157 141.66269
158 138.63875
159 137.01538
160 126.71487
161 122.644424
162 118.21197
163 117.14754
164 114.344635
165 109.565926
166 108.723114
167 99.84945
168 99.58141
169 93.06285
170 90.44032
171 89.519295
172 83.52135
173 83.45792
174 83.15897
175 76.574356
176 39.082634
177 184.60558
178 219.0
179 38.55235
180 235.0
181 21.350368
182 88.3091
183 0.0
184 60.42309
185 10.190496
186 72.27508
187 0.0
188 11.988956
189 80.852615
190 3.685331
191 1.1340001
192 169.66742
193 100.58689
194 18.712135
195 0.0
196 107.23217
197 0.0
198 88.45192
199 0.0
200 121.75738
201 235.0
202 235.0
203 235.0
204 219.0
205 219.0
206 205.02348
207 201.21265
208 184.60558
209 169.66742
210 159.33789
211 141.66269
212 138.63875
213 137.01538
214 126.71487
215 122.644424
216 121.75738
217 118.21197
218 117.14754
219 114.344635
220 109.565926
221 108.723114
222 107.23217
223 100.58689
224 99.84945
225 99.58141
226 58.53814
227 207.74484
228 127.14125
229 32.186745
230 196.77611
231 0.0
232 60.661
233 235.0
234 16.177826
235 76.723656
236 220.134
237 88.92754
238 49.328712
239 141.01587
240 141.2887
241 120.83168
242 62.189583
243 219.0
244 153.80327
245 143.6479
246 82.469505
247 0.0
248 43.03286
249 111.96185
250 120.29966
251 235.0
252 235.0
253 235.0
254 235.0
255 220.134
256 219.0
257 219.0
258 219.0
259 207.74484
260 205.02348
261 201.21265
262 196.77611
263 184.60558
264 169.66742
265 159.33789
266 153.80327
267 143.6479
268 141.66269
269 141.2887
270 141.01587
271 138.63875
272 137.01538
273 127.14125
274 126.71487
275 122.644424
276 87.44377
277 219.0
278 48.830044
279 48.493423
280 136.1435
281 163.3483
282 61.137657
283 201.7476
284 27.875154
285 44.073734
286 110.35119
287 30.866
288 25.414898
289 34.03224
290 135.56212
291 155.54689
292 155.2322
293 158.7873
294 97.04982
295 136.97101
296 147.12453
297 118.25084
298 95.86977
299 63.93526
300 61.685673
301 235.0
302 235.0
303 235.0
304 235.0
305 220.134
306 219.0
307 219.0
308 219.0
309 219.0
310 207.74484
311 205.02348
312 201.7476
313 201.21265
314 196.77611
315 184.60558
316 169.66742
317 163.3483
318 159.33789
319 158.7873
320 155.54689
321 155.2322
322 153.80327
323 147.12453
324 143.6479
325 141.66269
326 61.808517
327 219.0
328 20.031624
329 233.59697
330 304.16638
331 26.64861
332 22.161297
333 102.21999
334 235.0
335 196.14525
336 31.683678
337 29.621262
338 34.330482
339 0.0
340 104.62438
341 137.03372
342 171.65205
343 219.0
344 86.65865
345 0.0
346 37.607742
347 45.643467
348 138.9915
349 0.0
350 158.28967
351 304.16638
352 235.0
353 235.0
354 235.0
355 235.0
356 235.0
357 233.59697
358 220.134
359 219.0
360 219.0
361 219.0
362 219.0
363 219.0
364 219.0
365 207.74484
366 205.02348
367 201.7476
368 201.21265
369 196.77611
370 196.14525
371 184.60558
372 171.65205
373 169.66742
374 163.3483
375 159.33789
376 220.134
377 103.26899
378 174.04436
379 219.0
380 41.474373
381 27.05229
382 30.866
383 137.02083
384 219.0
385 219.0
386 126.73461
387 63.806633
388 41.996323
389 17.743048
390 219.0
391 55.289078
392 201.48059
393 42.02707
394 195.32109
395 0.0
396 93.91737
397 0.0
398 77.94852
399 235.0
400 29.665998
401 304.16638
402 235.0
403 235.0
404 235.0
405 235.0
406 235.0
407 235.0
408 233.59697
409 220.134
410 220.134
411 219.0
412 219.0
413 219.0
414 219.0
415 219.0
416 219.0
417 219.0
418 219.0
419 219.0
420 219.0
421 207.74484
422 205.02348
423 201.7476
424 201.48059
425 201.21265
426 33.67434
427 16.9485
428 219.0
429 38.850822
430 220.134
431 143.53236
432 51.788635
433 44.83766
434 60.87158
435 235.0
436 187.14142
437 0.0
438 27.653368
439 211.27544
440 4.482488
441 132.3936
442 35.877254
443 217.40224
444 0.0
445 189.99136
446 142.28464
447 14.218817
448 27.24861
449 170.69714
450 21.745049
451 304.16638
452 235.0
453 235.0
454 235.0
455 235.0
456 235.0
457 235.0
458 235.0
459 233.59697
460 220.134
461 220.134
462 220.134
463 219.0
464 219.0
465 219.0
466 219.0
467 219.0
468 219.0
469 219.0
470 219.0
471 219.0
472 219.0
473 219.0
474 217.40224
475 211.27544
476 220.134
477 44.22146
478 24.211977
479 31.4
480 235.0
481 219.0
482 219.0
483 198.69075
484 235.0
485 0.0
486 219.0
487 143.75499
488 115.41087
489 191.41757
490 212.23637
491 36.88063
492 110.75361
493 148.6662
494 203.82297
495 188.36234
496 219.0
497 111.45155
498 182.45937
499 17.599136
500 217.43224
501 304.16638
502 235.0
503 235.0
504 235.0
505 235.0
506 235.0
507 235.0
508 235.0
509 235.0
510 235.0
511 233.59697
512 220.134
513 220.134
514 220.134
515 220.134
516 219.0
517 219.0
518 219.0
519 219.0
520 219.0
521 219.0
522 219.0
523 219.0
524 219.0
525 219.0
526 0.0
527 219.0
528 177.41719
529 235.0
530 235.0
531 176.31366
532 25.756157
533 46.460854
534 219.0
535 150.99442
536 18.997267
537 219.0
538 19.906553
539 26.624496
540 219.0
541 69.96361
542 66.12276
543 100.04123
544 235.0
545 201.85106
546 219.0
547 0.0
548 219.0
549 219.0
550 106.21828
551 304.16638
552 235.0
553 235.0
554 235.0
555 235.0
556 235.0
557 235.0
558 235.0
559 235.0
560 235.0
561 235.0
562 235.0
563 235.0
564 233.59697
565 220.134
566 220.134
567 220.134
568 220.134
569 219.0
570 219.0
571 219.0
572 219.0
573 219.0
574 219.0
575 219.0
576 27.17948
577 137.13739
578 220.134
579 111.49657
580 48.151863
581 117.8593
582 219.0
583 39.87337
584 183.73262
585 236.134
586 169.71873
587 219.0
588 43.988956
589 42.23202
590 219.0
591 219.0
592 220.134
593 92.42039
594 132.26682
595 137.71848
596 219.0
597 219.0
598 108.53864
599 114.00572
600 219.0
601 304.16638
602 236.134
603 235.0
604 235.0
605 235.0
606 235.0
607 235.0
608 235.0
609 235.0
610 235.0
611 235.0
612 235.0
613 235.0
614 235.0
615 233.59697
616 220.134
617 220.134
618 220.134
619 220.134
620 220.134
621 220.134
622 219.0
623 219.0
624 219.0
625 219.0
626 0.0
627 0.0
628 89.18315
629 235.0
630 219.0
631 42.057743
632 38.04958
633 55.356293
634 45.77106
635 207.91895
636 179.3576
637 219.0
638 62.745914
639 19.759724
640 12.137149
641 235.0
642 0.0
643 119.56028
644 21.320885
645 13.580138
646 111.89056
647 219.0
648 111.97906
649 206.5817
650 65.85735
651 304.16638
652 236.134
653 235.0
654 235.0
655 235.0
656 235.0
657 235.0
658 235.0
659 235.0
660 235.0
661 235.0
662 235.0
663 235.0
664 235.0
665 235.0
666 235.0
667 233.59697
668 220.134
669 220.134
670 220.134
671 220.134
672 220.134
673 220.134
674 219.0
675 219.0
676 39.74863
677 219.0
678 170.35277
679 18.712313
680 37.48063
681 58.80596
682 219.0
683 235.0
684 235.0
685 219.0
686 219.0
687 173.8574
688 93.11115
689 171.79352
690 219.0
691 235.0
692 32.666
693 107.89106
694 41.728714
695 219.0
696 77.908295
697 142.82039
698 165.32874
699 219.0
700 41.42389
701 304.16638
702 236.134
703 235.0
704 235.0
705 235.0
706 235.0
707 235.0
708 235.0
709 235.0
710 235.0
711 235.0
712 235.0
713 235.0
714 235.0
715 235.0
716 235.0
717 235.0
718 235.0
719 235.0
720 233.59697
721 220.134
722 220.134
723 220.134
724 220.134
725 220.134
726 170.13689
727 219.0
728 31.933998
729 219.0
730 85.56299
731 219.0
732 233.21388
733 30.515476
734 153.96124
735 59.28668
736 196.3481
737 22.359257
738 235.0
739 95.292244
740 26.552725
741 235.0
742 219.0
743 219.0
744 0.0
745 14.62176
746 14.815615
747 219.0
748 220.134
749 219.0
750 7.153022
751 304.16638
752 236.134
753 235.0
754 235.0
755 235.0
756 235.0
757 235.0
758 235.0
759 235.0
760 235.0
761 235.0
762 235.0
763 235.0
764 235.0
765 235.0
766 235.0
767 235.0
768 235.0
769 235.0
770 235.0
771 235.0
772 233.59697
773 233.21388
774 220.134
775 220.134
776 216.73201
777 219.0
778 219.0
779 75.53559
780 219.0
781 59.710064
782 0.0
783 164.6497
784 26.728668
785 219.0
786 31.636194
787 117.76352
788 26.625683
789 219.0
790 65.00089
791 221.268
792 215.37949
793 219.0
794 53.815975
795 131.40228
796 20.112192
797 108.14973
798 184.88298
799 220.134
800 187.9309
801 304.16638
802 236.134
803 235.0
804 235.0
805 235.0
806 235.0
807 235.0
808 235.0
809 235.0
810 235.0
811 235.0
812 235.0
813 235.0
814 235.0
815 235.0
816 235.0
817 235.0
818 235.0
819 235.0
820 235.0
821 235.0
822 233.59697
823 233.21388
824 221.268
825 220.134
826 0.0
827 235.0
828 37.135994
829 93.47606
830 19.67762
831 236.134
832 25.179565
833 198.81674
834 47.551865
835 156.75932
836 168.77539
837 229.648
838 29.91548
839 42.50273
840 235.0
841 235.0
842 184.02856
843 43.926193
844 222.63448
845 194.18306
846 219.0
847 118.2934
848 52.632553
849 220.134
850 29.74572
851 304.16638
852 236.134
853 236.134
854 235.0
855 235.0
856 235.0
857 235.0
858 235.0
859 235.0
860 235.0
861 235.0
862 235.0
863 235.0
864 235.0
865 235.0
866 235.0
867 235.0
868 235.0
869 235.0
870 235.0
871 235.0
872 235.0
873 235.0
874 235.0
875 235.0
876 85.76231
877 236.134
878 235.0
879 32.675545
880 39.74525
881 102.70264
882 235.0
883 61.57612
884 115.11529
885 34.743256
886 220.134
887 32.0
888 202.19926
889 30.331999
890 213.62814
891 97.89977
892 219.0
893 219.0
894 84.80807
895 32.475258
896 110.18654
897 219.0
898 82.96675
899 0.0
900 220.134
901 304.16638
902 236.134
903 236.134
904 236.134
905 235.0
906 235.0
907 235.0
908 235.0
909 235.0
910 235.0
911 235.0
912 235.0
913 235.0
914 235.0
915 235.0
916 235.0
917 235.0
918 235.0
919 235.0
920 235.0
921 235.0
922 235.0
923 235.0
924 235.0
925 235.0
926 0.0
927 38.764187
928 41.892757
929 219.0
930 235.0
931 235.0
932 219.0
933 99.51048
934 52.151344
935 235.0
936 216.9914
937 235.0
938 54.64448
939 109.089584
940 219.0
941 202.51973
942 105.15232
943 85.849915
944 117.445786
945 57.75608
946 10.393157
947 219.0
948 45.797005
949 106.20371
950 196.09373
951 304.16638
952 236.134
953 236.134
954 236.134
955 235.0
956 235.0
957 235.0
958 235.0
959 235.0
960 235.0
961 235.0
962 235.0
963 235.0
964 235.0
965 235.0
966 235.0
967 235.0
968 235.0
969 235.0
970 235.0
971 235.0
972 235.0
973 235.0
974 235.0
975 235.0
976 27.655897
977 219.0
978 30.092497
979 128.53633
980 219.0
981 148.31738
982 235.13275
983 110.51885
984 88.52341
985 236.134
986 28.833757
987 236.134
988 101.58075
989 124.476715
990 179.0826
991 187.82365
992 30.347845
993 219.0
994 8.785749
995 219.0
996 42.05415
997 153.52979
998 235.0
999 98.22527
1000 236.134
1001 304.16638
1002 236.134
1003 236.134
1004 236.134
1005 236.134
1006 236.134
1007 236.134
1008 235.13275
1009 235.0
1010 235.0
1011 235.0
1012 235.0
1013 235.0
1014 235.0
1015 235.0
1016 235.0
1017 235.0
1018 235.0
1019 235.0
1020 235.0
1021 235.0
1022 235.0
1023 235.0
1024 235.0
1025 235.0
1026 72.44188
1027 232.21425
1028 61.919777
1029 235.0
1030 83.08904
1031 235.0
1032 219.0
1033 235.0
1034 62.387337
1035 53.631523
1036 28.537176
1037 123.612236
1038 235.0
1039 219.0
1040 219.0
1041 219.0
1042 80.381996
1043 219.0
1044 183.77594
1045 41.243797
1046 235.0
1047 235.0
1048 219.0
1049 219.0
1050 34.39648
1051 304.16638
1052 236.134
1053 236.134
1054 236.134
1055 236.134
1056 236.134
1057 236.134
1058 235.13275
1059 235.0
1060 235.0
1061 235.0
1062 235.0
1063 235.0
1064 235.0
1065 235.0
1066 235.0
1067 235.0
1068 235.0
1069 235.0
1070 235.0
1071 235.0
1072 235.0
1073 235.0
1074 235.0
1075 235.0
1076 0.0
1077 164.32512
1078 57.765762
1079 32.904427
1080 51.55683
1081 235.0
1082 236.134
1083 220.134
1084 209.314
1085 80.979645
1086 25.414562
1087 107.45064
1088 114.96501
1089 219.0
1090 115.12481
1091 33.067997
1092 42.544167
1093 235.0
1094 68.81314
1095 235.0
1096 235.0
1097 220.134
1098 235.0
1099 172.53621
1100 102.29994
1101 304.16638
1102 236.134
1103 236.134
1104 236.134
1105 236.134
1106 236.134
1107 236.134
1108 236.134
1109 235.13275
1110 235.0
1111 235.0
1112 235.0
1113 235.0
1114 235.0
1115 235.0
1116 235.0
1117 235.0
1118 235.0
1119 235.0
1120 235.0
1121 235.0
1122 235.0
1123 235.0
1124 235.0
1125 235.0
1126 219.0
1127 235.0
1128 217.8
1129 90.78009
1130 219.0
1131 219.0
1132 0.0
1133 219.0
1134 235.0
1135 219.0
1136 235.0
1137 235.0
1138 87.217575
1139 219.0
1140 118.291046
1141 219.0
1142 235.0
1143 0.0
1144 235.0
1145 219.0
1146 235.0
1147 127.96262
1148 219.0
1149 206.58434
1150 219.0
1151 304.16638
1152 236.134
1153 236.134
1154 236.134
1155 236.134
1156 236.134
1157 236.134
1158 236.134
1159 235.13275
1160 235.0
1161 235.0
1162 235.0
1163 235.0
1164 235.0
1165 235.0
1166 235.0
1167 235.0
1168 235.0
1169 235.0
1170 235.0
1171 235.0
1172 235.0
1173 235.0
1174 235.0
1175 235.0
1176 235.0
1177 219.0
1178 220.134
1179 219.0
1180 205.83514
1181 219.0
1182 30.636885
1183 197.70995
1184 42.146675
1185 219.0
1186 100.071175
1187 235.0
1188 0.0
1189 86.756256
1190 139.0088
1191 56.28481
1192 235.0
1193 0.0
1194 0.0
1195 220.134
1196 235.0
1197 0.0
1198 49.598927
1199 235.0
1200 220.134
1201 304.16638
1202 236.134
1203 236.134
1204 236.134
1205 236.134
1206 236.134
1207 236.134
1208 236.134
1209 235.13275
1210 235.0
1211 235.0
1212 235.0
1213 235.0
1214 235.0
1215 235.0
1216 235.0
1217 235.0
1218 235.0
1219 235.0
1220 235.0
1221 235.0
1222 235.0
1223 235.0
1224 235.0
1225 235.0
1226 235.0
1227 31.365887
1228 72.56483
1229 131.70564
1230 219.0
1231 3.6596532
1232 72.62357
1233 190.64418
1234 89.084015
1235 18.109844
1236 198.20528
1237 235.0
1238 219.0
1239 147.70354
1240 0.0
1241 76.13409
1242 95.14714
1243 61.137657
1244 219.0
1245 235.0
1246 68.22708
1247 235.0
1248 235.0
1249 0.0
1250 235.0
1251 304.16638
1252 236.134
1253 236.134
1254 236.134
1255 236.134
1256 236.134
1257 236.134
1258 236.134
1259 235.13275
1260 235.0
1261 235.0
1262 235.0
1263 235.0
1264 235.0
1265 235.0
1266 235.0
1267 235.0
1268 235.0
1269 235.0
1270 235.0
1271 235.0
1272 235.0
1273 235.0
1274 235.0
1275 235.0
1276 70.06862
1277 161.2016
1278 219.0
1279 28.531998
1280 175.44757
1281 59.262093
1282 219.0
1283 44.459682
1284 219.0
1285 87.37395
1286 17.286127
1287 101.40666
1288 97.505226
1289 235.0
1290 84.586266
1291 235.0
1292 235.0
1293 164.2496
1294 219.0
1295 315.0
1296 80.49973
1297 219.0
1298 33.042267
1299 49.407085
1300 32.066
1301 315.0
1302 304.16638
1303 236.134
1304 236.134
1305 236.134
1306 236.134
1307 236.134
1308 236.134
1309 236.134
1310 235.13275
1311 235.0
1312 235.0
1313 235.0
1314 235.0
1315 235.0
1316 235.0
1317 235.0
1318 235.0
1319 235.0
1320 235.0
1321 235.0
1322 235.0
1323 235.0
1324 235.0
1325 235.0
1326 189.49854
1327 195.61923
1328 235.0
1329 189.96982
1330 184.25822
1331 220.134
1332 235.0
1333 220.134
1334 219.0
1335 196.59239
1336 41.184822
1337 39.184673
1338 235.0
1339 175.01846
1340 219.0
1341 219.0
1342 145.65555
1343 219.0
1344 236.134
1345 168.39171
1346 219.0
1347 5.766106
1348 53.785862
1349 235.0
1350 2.072958
1351 315.0
1352 304.16638
1353 236.134
1354 236.134
1355 236.134
1356 236.134
1357 236.134
1358 236.134
1359 236.134
1360 236.134
1361 235.13275
1362 235.0
1363 235.0
1364 235.0
1365 235.0
1366 235.0
1367 235.0
1368 235.0
1369 235.0
1370 235.0
1371 235.0
1372 235.0
1373 235.0
1374 235.0
1375 235.0
1376 20.73799
1377 219.0
1378 7.720868
1379 83.332
1380 188.1784
1381 236.134
1382 219.0
1383 54.995422
1384 235.0
1385 219.0
1386 91.99923
1387 219.0
1388 283.56702
1389 42.403145
1390 53.096302
1391 168.75578
1392 0.0
1393 32.0
1394 102.223465
1395 220.134
1396 235.0
1397 192.20451
1398 220.134
1399 235.0
1400 167.44653
1401 315.0
1402 304.16638
1403 283.56702
1404 236.134
1405 236.134
1406 236.134
1407 236.134
1408 236.134
1409 236.134
1410 236.134
1411 236.134
1412 236.134
1413 235.13275
1414 235.0
1415 235.0
1416 235.0
1417 235.0
1418 235.0
1419 235.0
1420 235.0
1421 235.0
1422 235.0
1423 235.0
1424 235.0
1425 235.0
1426 111.040535
1427 0.0
1428 44.137142
1429 219.0
1430 15.544453
1431 235.0
1432 59.20268
1433 108.12599
1434 219.0
1435 219.0
1436 236.134
1437 219.0
1438 220.134
1439 33.31748
1440 78.42132
1441 207.75098
1442 181.34592
1443 134.22882
1444 219.0
1445 235.0
1446 0.0
1447 219.0
1448 233.26599
1449 15.953513
1450 83.08125
1451 315.0
1452 304.16638
1453 283.56702
1454 236.134
1455 236.134
1456 236.134
1457 236.134
1458 236.134
1459 236.134
1460 236.134
1461 236.134
1462 236.134
1463 236.134
1464 235.13275
1465 235.0
1466 235.0
1467 235.0
1468 235.0
1469 235.0
1470 235.0
1471 235.0
1472 235.0
1473 235.0
1474 235.0
1475 235.0
1476 70.154915
1477 0.0
1478 315.0
1479 219.0
1480 160.85487
1481 26.461864
1482 219.0
1483 44.303658
1484 103.51153
1485 220.134
1486 54.906097
1487 235.0
1488 236.134
1489 29.91548
1490 77.50185
1491 219.0
1492 174.50685
1493 30.060196
1494 235.0
1495 116.73734
1496 46.266586
1497 30.8
1498 219.0
1499 92.14771
1500 25.451366
1501 315.0
1502 315.0
1503 304.16638
1504 283.56702
1505 236.134
1506 236.134
1507 236.134
1508 236.134
1509 236.134
1510 236.134
1511 236.134
1512 236.134
1513 236.134
1514 236.134
1515 236.134
1516 235.13275
1517 235.0
1518 235.0
1519 235.0
1520 235.0
1521 235.0
1522 235.0
1523 235.0
1524 235.0
1525 235.0
1526 218.76917
1527 176.92416
1528 42.96126
1529 9.150376
1530 142.0289
1531 23.242062
1532 219.0
1533 203.43655
1534 219.0
1535 219.0
1536 236.134
1537 94.04355
1538 235.0
1539 235.0
1540 99.37202
1541 50.382893
1542 219.0
1543 219.0
1544 235.0
1545 37.611256
1546 236.134
1547 215.23254
1548 236.134
1549 219.0
1550 186.0114
1551 315.0
1552 315.0
1553 304.16638
1554 283.56702
1555 236.134
1556 236.134
1557 236.134
1558 236.134
1559 236.134
1560 236.134
1561 236.134
1562 236.134
1563 236.134
1564 236.134
1565 236.134
1566 236.134
1567 236.134
1568 236.134
1569 235.13275
1570 235.0
1571 235.0
1572 235.0
1573 235.0
1574 235.0
1575 235.0
1576 107.355675
1577 236.134
1578 220.134
1579 61.47467
1580 219.0
1581 24.251366
1582 144.90436
1583 235.0
1584 235.0
1585 0.0
1586 9.126982
1587 28.531998
1588 54.955215
1589 235.0
1590 219.0
1591 164.95781
1592 219.0
1593 219.0
1594 235.0
1595 0.0
1596 236.134
1597 60.765167
1598 148.95886
1599 236.134
1600 219.0
1601 315.0
1602 315.0
1603 304.16638
1604 283.56702
1605 236.134
1606 236.134
1607 236.134
1608 236.134
1609 236.134
1610 236.134
1611 236.134
1612 236.134
1613 236.134
1614 236.134
1615 236.134
1616 236.134
1617 236.134
1618 236.134
1619 236.134
1620 236.134
1621 236.134
1622 235.13275
1623 235.0
1624 235.0
1625 235.0
1626 235.0
1627 191.0774
1628 23.430378
1629 220.134
1630 235.0
1631 235.0
1632 235.0
1633 236.134
1634 77.560196
1635 222.76498
1636 210.1201
1637 0.0
1638 0.0
1639 230.43806
1640 223.44426
1641 239.42834
1642 219.0
1643 235.0
1644 21.438356
1645 59.34675
1646 89.35324
1647 235.0
1648 194.24632
1649 235.0
1650 144.54248
1651 315.0
1652 315.0
1653 304.16638
1654 283.56702
1655 239.42834
1656 236.134
1657 236.134
1658 236.134
1659 236.134
1660 236.134
1661 236.134
1662 236.134
1663 236.134
1664 236.134
1665 236.134
1666 236.134
1667 236.134
1668 236.134
1669 236.134
1670 236.134
1671 236.134
1672 236.134
1673 236.134
1674 235.13275
1675 235.0
1676 219.0
1677 74.475624
1678 2.0008457
1679 42.671234
1680 235.0
1681 236.134
1682 235.0
1683 219.0
1684 183.37466
1685 85.43488
1686 213.68477
1687 14.714138
1688 87.64738
1689 33.067997
1690 44.856148
1691 219.0
1692 270.95996
1693 219.0
1694 219.0
1695 235.0
1696 66.92431
1697 158.64006
1698 236.134
1699 220.134
1700 235.0
1701 315.0
1702 315.0
1703 304.16638
1704 283.56702
1705 270.95996
1706 239.42834
1707 236.134
1708 236.134
1709 236.134
1710 236.134
1711 236.134
1712 236.134
1713 236.134
1714 236.134
1715 236.134
1716 236.134
1717 236.134
1718 236.134
1719 236.134
1720 236.134
1721 236.134
1722 236.134
1723 236.134
1724 236.134
1725 236.134
1726 196.0632
1727 198.73706
1728 61.91662
1729 315.0
1730 236.134
1731 219.0
1732 235.0
1733 219.0
1734 219.0
1735 0.0
1736 90.35125
1737 42.40578
1738 219.0
1739 94.4063
1740 90.26005
1741 62.732685
1742 33.134003
1743 87.46614
1744 95.41366
1745 89.86606
1746 22.641628
1747 235.0
1748 0.0
1749 174.92451
1750 220.134
1751 315.0
1752 315.0
1753 315.0
1754 304.16638
1755 283.56702
1756 270.95996
1757 239.42834
1758 236.134
1759 236.134
1760 236.134
1761 236.134
1762 236.134
1763 236.134
1764 236.134
1765 236.134
1766 236.134
1767 236.134
1768 236.134
1769 236.134
1770 236.134
1771 236.134
1772 236.134
1773 236.134
1774 236.134
1775 236.134
1776 69.60044
1777 236.134
1778 235.0
1779 39.74863
1780 33.439503
1781 236.134
1782 219.0
1783 220.134
1784 219.0
1785 219.0
1786 210.66754
1787 236.134
1788 235.0
1789 0.0
1790 0.0
1791 45.331287
1792 219.0
1793 163.89017
1794 235.0
1795 219.0
1796 186.36679
1797 49.569893
1798 189.83293
1799 235.0
1800 133.53798
1801 315.0
1802 315.0
1803 315.0
1804 304.16638
1805 283.56702
1806 270.95996
1807 239.42834
1808 236.134
1809 236.134
1810 236.134
1811 236.134
1812 236.134
1813 236.134
1814 236.134
1815 236.134
1816 236.134
1817 236.134
1818 236.134
1819 236.134
1820 236.134
1821 236.134
1822 236.134
1823 236.134
1824 236.134
1825 236.134
1826 99.154144
1827 181.34064
1828 54.706516
1829 219.0
1830 235.0
1831 236.134
1832 250.90445
1833 219.0
1834 219.0
1835 191.1767
1836 52.391487
1837 236.134
1838 235.0
1839 236.134
1840 219.0
1841 219.0
1842 83.27581
1843 219.0
1844 82.877106
1845 219.0
1846 219.0
1847 26.201515
1848 124.62983
1849 59.533928
1850 27.594627
1851 315.0
1852 315.0
1853 315.0
1854 304.16638
1855 283.56702
1856 270.95996
1857 250.90445
1858 239.42834
1859 236.134
1860 236.134
1861 236.134
1862 236.134
1863 236.134
1864 236.134
1865 236.134
1866 236.134
1867 236.134
1868 236.134
1869 236.134
1870 236.134
1871 236.134
1872 236.134
1873 236.134
1874 236.134
1875 236.134
1876 101.52339
1877 252.2861
1878 32.534
1879 41.357887
1880 0.0
1881 219.0
1882 220.134
1883 219.0
1884 127.85688
1885 46.513046
1886 219.0
1887 219.0
1888 60.423527
1889 191.97041
1890 235.0
1891 236.134
1892 220.134
1893 235.0
1894 12.31002
1895 66.90567
1896 41.357887
1897 316.134
1898 98.56859
1899 199.5089
1900 236.134
1901 316.134
1902 315.0
1903 315.0
1904 315.0
1905 304.16638
1906 283.56702
1907 270.95996
1908 252.2861
1909 250.90445
1910 239.42834
1911 236.134
1912 236.134
1913 236.134
1914 236.134
1915 236.134
1916 236.134
1917 236.134
1918 236.134
1919 236.134
1920 236.134
1921 236.134
1922 236.134
1923 236.134
1924 236.134
1925 236.134
1926 315.0
1927 56.006493
1928 235.0
1929 124.23812
1930 56.336678
1931 40.318623
1932 219.0
1933 235.0
1934 235.0
1935 175.1696
1936 100.29695
1937 135.753
1938 182.13441
1939 102.113945
1940 315.0
1941 39.023132
1942 87.08239
1943 9.544798
1944 87.65064
1945 220.134
1946 219.0
1947 233.93498
1948 235.0
1949 274.43915
1950 235.0
1951 316.134
1952 315.0
1953 315.0
1954 315.0
1955 315.0
1956 315.0
1957 304.16638
1958 283.56702
1959 274.43915
1960 270.95996
1961 252.2861
1962 250.90445
1963 239.42834
1964 236.134
1965 236.134
1966 236.134
1967 236.134
1968 236.134
1969 236.134
1970 236.134
1971 236.134
1972 236.134
1973 236.134
1974 236.134
1975 236.134
1976 219.0
1977 44.933342
1978 235.0
1979 25.385368
1980 251.40353
1981 219.0
1982 201.78752
1983 0.0
1984 30.34421
1985 219.0
1986 250.35591
1987 30.866
1988 219.0
1989 219.0
1990 125.348595
1991 70.07185
1992 142.32906
1993 219.0
1994 219.0
1995 162.68771
1996 235.0
1997 40.351
1998 60.36731
1999 219.0
2000 169.28809
2001 316.134
2002 315.0
2003 315.0
2004 315.0
2005 315.0
2006 315.0
2007 304.16638
2008 283.56702
2009 274.43915
2010 270.95996
2011 252.2861
2012 251.40353
2013 250.90445
2014 250.35591
2015 239.42834
2016 236.134
2017 236.134
2018 236.134
2019 236.134
2020 236.134
2021 236.134
2022 236.134
2023 236.134
2024 236.134
2025 236.134
2026 236.134
2027 219.0
2028 235.0
2029 0.0
2030 37.266964
2031 304.67108
2032 27.335306
2033 90.03868
2034 39.696354
2035 235.0
2036 235.0
2037 32.154324
2038 236.134
2039 220.134
2040 219.0
2041 39.14863
2042 41.046246
2043 219.0
2044 121.81641
2045 235.0
2046 33.120277
2047 0.0
2048 219.0
2049 236.134
2050 135.57944
2051 316.134
2052 315.0
2053 315.0
2054 315.0
2055 315.0
2056 315.0
2057 304.67108
2058 304.16638
2059 283.56702
2060 274.43915
2061 270.95996
2062 252.2861
2063 251.40353
2064 250.90445
2065 250.35591
2066 239.42834
2067 236.134
2068 236.134
2069 236.134
2070 236.134
2071 236.134
2072 236.134
2073 236.134
2074 236.134
2075 236.134
2076 30.813723
2077 52.78521
2078 219.0
2079 219.0
2080 219.0
2081 33.134
2082 0.0
2083 291.54572
2084 219.0
2085 164.24132
2086 219.0
2087 197.53236
2088 219.0
2089 236.134
2090 219.0
2091 235.0
2092 0.0
2093 220.134
2094 235.0
2095 207.83705
2096 72.624115
2097 219.0
2098 219.0
2099 219.0
2100 202.26974
2101 316.134
2102 315.0
2103 315.0
2104 315.0
2105 315.0
2106 315.0
2107 304.67108
2108 304.16638
2109 291.54572
2110 283.56702
2111 274.43915
2112 270.95996
2113 252.2861
2114 251.40353
2115 250.90445
2116 250.35591
2117 239.42834
2118 236.134
2119 236.134
2120 236.134
2121 236.134
2122 236.134
2123 236.134
2124 236.134
2125 236.134
2126 43.864216
2127 16.323393
2128 38.61463
2129 315.0
2130 91.728806
2131 122.4105
2132 177.98088
2133 6.6146307
2134 22.873331
2135 236.134
2136 219.0
2137 219.0
2138 220.134
2139 219.0
2140 235.0
2141 233.8
2142 220.134
2143 235.0
2144 123.79872
2145 49.058056
2146 133.42671
2147 70.5993
2148 17.510534
2149 65.96714
2150 219.0
2151 316.134
2152 315.0
2153 315.0
2154 315.0
2155 315.0
2156 315.0
2157 315.0
2158 304.67108
2159 304.16638
2160 291.54572
2161 283.56702
2162 274.43915
2163 270.95996
2164 252.2861
2165 251.40353
2166 250.90445
2167 250.35591
2168 239.42834
2169 236.134
2170 236.134
2171 236.134
2172 236.134
2173 236.134
2174 236.134
2175 236.134
2176 235.0
2177 30.582512
2178 220.134
2179 0.0
2180 155.28181
2181 231.95378
2182 0.0
2183 235.0
2184 50.3712
2185 140.4021
2186 32.120743
2187 236.134
2188 219.0
2189 219.0
2190 41.740116
2191 219.0
2192 172.71062
2193 219.0
2194 235.0
2195 59.41261
2196 139.27588
2197 235.0
2198 18.897623
2199 49.519722
2200 118.550186
2201 316.134
2202 315.0
2203 315.0
2204 315.0
2205 315.0
2206 315.0
2207 315.0
2208 304.67108
2209 304.16638
2210 291.54572
2211 283.56702
2212 274.43915
2213 270.95996
2214 252.2861
2215 251.40353
2216 250.90445
2217 250.35591
2218 239.42834
2219 236.134
2220 236.134
2221 236.134
2222 236.134
2223 236.134
2224 236.134
2225 236.134
2226 235.0
2227 220.134
2228 235.0
2229 26.310974
2230 25.44452
2231 42.697983
2232 168.71268
2233 124.144585
2234 185.86609
2235 34.743256
2236 0.0
2237 219.0
2238 219.0
2239 42.55242
2240 38.54863
2241 235.0
2242 171.55104
2243 235.0
2244 219.0
2245 38.49635
2246 219.0
2247 219.0
2248 235.0
2249 219.0
2250 83.260994
2251 316.134
2252 315.0
2253 315.0
2254 315.0
2255 315.0
2256 315.0
2257 315.0
2258 304.67108
2259 304.16638
2260 291.54572
2261 283.56702
2262 274.43915
2263 270.95996
2264 252.2861
2265 251.40353
2266 250.90445
2267 250.35591
2268 239.42834
2269 236.134
2270 236.134
2271 236.134
2272 236.134
2273 236.134
2274 236.134
2275 236.134
2276 268.4765
2277 215.00502
2278 96.55662
2279 235.0
2280 235.0
2281 316.134
2282 90.97549
2283 76.35906
2284 165.01804
2285 220.134
2286 271.18997
2287 47.440243
2288 220.134
2289 316.134
2290 49.816643
2291 235.0
2292 219.0
2293 235.0
2294 42.788956
2295 65.72384
2296 219.0
2297 235.0
2298 235.0
2299 23.581667
2300 235.0
2301 316.134
2302 316.134
2303 316.134
2304 315.0
2305 315.0
2306 315.0
2307 315.0
2308 315.0
2309 315.0
2310 304.67108
2311 304.16638
2312 291.54572
2313 283.56702
2314 274.43915
2315 271.18997
2316 270.95996
2317 268.4765
2318 252.2861
2319 251.40353
2320 250.90445
2321 250.35591
2322 239.42834
2323 236.134
2324 236.134
2325 236.134
2326 84.40445
2327 236.134
2328 219.0
2329 220.134
2330 215.9567
2331 248.1705
2332 70.74554
2333 33.733997
2334 235.0
2335 219.0
2336 70.152824
2337 235.0
2338 26.260733
2339 219.0
2340 52.673485
2341 236.134
2342 220.134
2343 121.52055
2344 172.79657
2345 220.134
2346 220.134
2347 219.0
2348 68.66194
2349 236.134
2350 79.78577
2351 316.134
2352 316.134
2353 316.134
2354 315.0
2355 315.0
2356 315.0
2357 315.0
2358 315.0
2359 315.0
2360 304.67108
2361 304.16638
2362 291.54572
2363 283.56702
2364 274.43915
2365 271.18997
2366 270.95996
2367 268.4765
2368 252.2861
2369 251.40353
2370 250.90445
2371 250.35591
2372 248.1705
2373 239.42834
2374 236.134
2375 236.134
2376 236.134
2377 240.95705
2378 201.10359
2379 61.700397
2380 252.75696
2381 0.0
2382 235.0
2383 315.0
2384 110.75408
2385 22.09865
2386 30.866
2387 220.134
2388 33.2
2389 219.0
2390 33.79724
2391 235.0
2392 235.0
2393 315.0
2394 236.134
2395 315.34982
2396 203.47406
2397 27.47265
2398 219.0
2399 236.134
2400 235.0
2401 316.134
2402 316.134
2403 316.134
2404 315.34982
2405 315.0
2406 315.0
2407 315.0
2408 315.0
2409 315.0
2410 315.0
2411 315.0
2412 315.0
2413 304.67108
2414 304.16638
2415 291.54572
2416 283.56702
2417 274.43915
2418 271.18997
2419 270.95996
2420 268.4765
2421 252.75696
2422 252.2861
2423 251.40353
2424 250.90445
2425 250.35591
2426 136.51848
2427 219.0
2428 315.0
2429 219.0
2430 99.86096
2431 219.0
2432 169.67566
2433 219.0
2434 23.298985
2435 168.59592
2436 235.0
2437 92.04788
2438 0.0
2439 54.968704
2440 219.0
2441 28.511597
2442 219.0
2443 0.0
2444 236.134
2445 219.0
2446 219.0
2447 70.57295
2448 186.94153
2449 220.134
2450 219.0
2451 316.134
2452 316.134
2453 316.134
2454 315.34982
2455 315.0
2456 315.0
2457 315.0
2458 315.0
2459 315.0
2460 315.0
2461 315.0
2462 315.0
2463 315.0
2464 304.67108
2465 304.16638
2466 291.54572
