1 0.0
2 44.24642
3 48.05934
4 0.0
5 54.44785
6 299.0
7 0.0
8 210.48709
9 11.453146
10 0.0
11 209.83417
12 4.81739
13 0.0
14 0.0
15 72.20859
16 92.35401
17 0.0
18 207.668
19 9.757698
20 0.0
21 145.66368
22 0.0
23 0.0
24 252.60916
25 0.0
26 1.2684293
27 23.07012
28 10.092741
29 0.0
30 143.89536
31 198.39359
32 79.269196
33 328.7703
34 33.6565
35 0.0
36 8.955478
37 1.2
38 10.668908
39 250.7728
40 0.0
41 0.0
42 114.499695
43 13.938132
44 89.379196
45 163.10408
46 203.0
47 0.0
48 72.79152
49 5.480631
50 0.0
51 4.0680003
52 136.2972
53 203.0
54 169.10359
55 8.881873
56 0.0
57 28.404316
58 203.0
59 138.5315
60 87.85593
61 363.0
62 219.0
63 40.846104
64 117.266884
65 425.4727
66 113.25572
67 219.0
68 0.0
69 283.0
70 155.0
71 180.38538
72 56.555023
73 155.6
74 0.0
75 0.0
76 0.0
77 0.0
78 220.134
79 120.89394
80 56.06996
81 98.7043
82 0.0
83 101.72921
84 106.98368
85 155.0
86 0.0
87 155.0
88 44.64466
89 0.0
90 66.56187
91 196.55101
92 20.73019
93 82.73232
94 219.6
95 190.34326
96 144.49287
97 0.0
98 155.0
99 50.107353
100 155.0
101 61.019073
102 38.8105
103 50.243267
104 12.240288
105 0.0
106 84.55173
107 206.59283
108 219.0
109 219.6
110 109.82838
111 210.10553
112 155.6
113 0.0
114 0.0
115 10.421588
116 0.0
117 12.021863
118 76.98614
119 5.9891686
120 408.9712
121 362.5885
122 198.34798
123 377.05887
124 280.03305
125 248.1699
126 256.43945
127 340.82806
128 267.0
129 261.24756
130 320.98798
131 256.90826
132 265.866
133 50.78596
134 73.86179
135 0.0
136 241.68517
137 143.0509
138 393.49567
139 64.20198
140 0.0
141 45.036583
142 369.0048
143 224.30853
144 0.0
145 46.256954
146 0.0
147 258.01636
148 208.8264
149 261.16006
150 0.0
151 343.003
152 252.27063
153 25.121159
154 263.5067
155 267.0
156 215.76599
157 192.95424
158 56.577274
159 333.51147
160 241.68506
161 70.0945
162 0.0
163 189.29723
164 268.5267
165 385.5259
166 213.40283
167 17.029018
168 428.3362
169 30.525066
170 267.0
171 52.969032
172 45.755985
173 21.416122
174 182.03624
175 0.0
176 384.75415
177 267.6
178 51.59679
179 71.43781
180 12.671674
181 230.02483
182 215.1054
183 245.6288
184 152.15517
185 238.36514
186 151.4571
187 251.0
188 251.0
189 232.4499
190 251.0
191 229.20564
192 104.03693
193 42.362526
194 56.986626
195 0.0
196 9.004062
197 251.6
198 36.949852
199 31.934002
200 156.88495
201 127.69792
202 42.73187
203 45.894802
204 245.7704
205 238.55945
206 241.50528
207 153.16348
208 235.16647
209 217.8309
210 228.79012
211 345.30075
212 236.77338
213 189.8764
214 71.81403
215 234.5117
216 226.91345
217 57.151527
218 251.0
219 251.0
220 0.0
221 6.0838547
222 94.28465
223 242.78333
224 237.30779
225 111.390175
226 77.963066
227 33.2996
228 220.27403
229 53.260056
230 106.136314
231 113.050545
232 236.25647
233 341.56778
234 363.0
235 77.30905
236 234.47052
237 239.0648
238 71.60301
239 234.02292
240 47.16604
241 74.417786
242 0.0
243 116.40324
244 315.0
245 242.0514
246 83.607254
247 203.0
248 187.4
249 203.0
250 60.79648
251 15.63848
252 203.0
253 165.54453
254 203.0
255 44.85358
256 42.14591
257 203.0
258 138.98457
259 132.72104
260 73.48632
261 27.148
262 171.89276
263 427.0
264 180.17694
265 315.0
266 203.0
267 99.37294
268 84.41965
269 58.26489
270 203.0
271 203.0
272 203.0
273 203.0
274 212.16919
275 253.02426
276 204.134
277 92.56881
278 203.0
279 203.0
280 157.83531
281 418.72876
282 315.0
283 10.371331
284 203.0
285 68.13365
286 98.79054
287 104.385826
288 218.6382
289 204.134
290 137.85823
291 82.932495
292 11.737636
293 257.83548
294 416.41608
295 11.420393
296 52.289864
297 203.0
298 203.0
299 68.55274
300 131.19202
301 171.0
302 350.03995
303 354.68027
304 127.42905
305 280.8768
306 235.0
307 171.0
308 233.2222
309 171.0
310 156.26848
311 103.02519
312 363.0
313 192.93263
314 62.77946
315 235.0
316 359.01755
317 171.0
318 188.75696
319 69.266136
320 146.8029
321 2.868
322 235.0
323 235.0
324 167.13367
325 341.2801
326 203.0
327 54.91707
328 236.134
329 58.669407
330 172.134
331 141.23332
332 58.891853
333 172.134
334 363.0
335 343.85287
336 236.134
337 75.49013
338 139.81172
339 363.0
340 82.626465
341 359.21628
342 388.48685
343 171.0
344 171.0
345 236.134
346 159.28592
347 19.719707
348 9.407999
349 93.808556
350 330.621
351 111.45091
352 172.134
353 235.0
354 171.0
355 75.1422
356 235.0
357 33.086193
358 181.79288
359 52.898556
360 235.0
361 315.0
362 219.0
363 153.11763
364 315.0
365 219.0
366 219.0
367 219.0
368 311.0985
369 295.12857
370 301.5356
371 36.88647
372 315.0
373 459.0
374 81.64811
375 156.57935
376 315.0
377 219.0
378 219.0
379 219.0
380 315.0
381 107.45087
382 158.02698
383 212.14914
384 219.0
385 57.433937
386 219.0
387 219.0
388 167.24709
389 219.0
390 220.134
391 86.040924
392 219.0
393 219.0
394 219.0
395 609.1288
396 219.0
397 290.54517
398 219.0
399 306.84958
400 219.0
401 218.466
402 181.88846
403 314.83917
404 265.3387
405 219.0
406 106.25404
407 81.13243
408 233.83572
409 107.353546
410 103.902504
411 161.12837
412 93.3643
413 118.97962
414 108.92951
415 106.68555
416 309.45364
417 96.68983
418 220.134
419 76.738686
420 0.0
421 459.0
422 77.316605
423 247.89343
424 61.029675
425 59.244255
426 223.08237
427 203.0
428 104.497925
429 267.0
430 267.0
431 267.6
432 223.5325
433 267.0
434 147.8454
435 108.03803
436 203.0
437 203.0
438 266.43677
439 95.49178
440 204.63391
441 221.39967
442 47.682514
443 263.63828
444 237.09128
445 252.53088
446 77.94223
447 259.45297
448 234.57297
449 248.61687
450 77.09655
451 256.388
452 253.08386
453 203.0
454 188.23225
455 237.5808
456 134.76146
457 101.18483
458 63.907814
459 256.6242
460 58.663746
461 45.581497
462 50.50946
463 82.459564
464 267.0694
465 250.01154
466 239.71562
467 259.55545
468 238.54736
469 65.73989
470 235.62552
471 253.14757
472 253.64182
473 203.0
474 86.29348
475 14.841617
476 68.30872
477 31.586744
478 203.0
479 203.0
480 122.55445
481 41.35646
482 33.163956
483 219.0
484 81.56216
485 534.2799
486 4.5826797
487 38.927044
488 137.6502
489 78.163445
490 137.65927
491 247.66478
492 219.0
493 163.13335
494 32.910854
495 68.63962
496 140.29916
497 37.503376
498 173.72311
499 219.0
500 133.73752
501 84.466446
502 299.0
503 41.91844
504 157.42738
505 104.02361
506 113.38638
507 57.876556
508 56.160027
509 77.741936
510 124.51518
511 77.64323
512 267.0
513 72.37181
514 214.00117
515 20.075005
516 141.53807
517 219.0
518 9.118827
519 453.62415
520 100.70262
521 224.71686
522 20.996851
523 603.0
524 79.95394
525 0.0
526 555.0
527 33.020855
528 635.0
529 267.6
530 267.6
531 64.77638
532 48.14428
533 6.6146307
534 267.6
535 163.73874
536 14.533888
537 60.77124
538 98.26107
539 49.511215
540 452.45404
541 55.93587
