1 35.21852
2 17.618885
3 0.0
4 53.422478
5 32.066
6 25.385368
7 44.568375
8 0.0
9 0.0
10 219.0
11 103.91157
12 78.09495
13 96.16659
14 11.736105
15 0.0
16 0.0
17 55.04523
18 37.25076
19 0.0
20 43.88759
21 0.0
22 150.30255
23 0.0
24 79.57341
25 150.51683
26 57.127335
27 33.068
28 38.61463
29 111.39767
30 0.0
31 36.59611
32 219.0
33 101.47893
34 18.327847
35 33.2
36 0.0
37 219.0
38 114.49618
39 0.0
40 3.3992987
41 0.0
42 19.748451
43 63.336605
44 0.0
45 0.0
46 1.1340001
47 43.968376
48 14.523087
49 24.225386
50 34.143257
51 32.0
52 35.21852
53 8.050345
54 30.866
55 0.0
56 27.647478
57 131.38606
58 19.748451
59 8.814313
60 26.847567
61 93.83339
62 36.654278
63 60.208645
64 0.0
65 0.0
66 0.0
67 34.689457
68 43.957455
69 39.814632
70 80.04214
71 0.0
72 186.31567
73 30.712053
74 25.391691
75 114.12387
76 39.698044
77 42.70224
78 52.94863
79 140.6587
80 0.0
81 27.41529
82 46.23743
83 28.299757
84 68.1485
85 19.85587
86 0.0
87 162.15216
88 154.95154
89 42.915306
90 49.520634
91 14.987288
92 219.0
93 181.52988
94 22.448996
95 186.39877
96 4.013257
97 64.54337
98 43.11113
99 32.35052
100 22.737844
101 219.0
102 219.0
103 219.0
104 219.0
105 186.39877
106 186.31567
107 181.52988
108 162.15216
109 154.95154
110 150.51683
111 150.30255
112 140.6587
113 131.38606
114 114.49618
115 114.12387
116 111.39767
117 103.91157
118 101.47893
119 96.16659
120 93.83339
121 80.04214
122 79.57341
123 78.09495
124 68.1485
125 64.54337
126 63.336605
127 60.208645
128 57.127335
129 55.04523
130 53.422478
131 52.94863
132 49.520634
133 46.23743
134 44.568375
135 43.968376
136 43.957455
137 43.88759
138 43.11113
139 42.915306
140 42.70224
141 39.814632
142 39.698044
143 38.61463
144 37.25076
145 36.654278
146 36.59611
147 35.21852
148 35.21852
149 34.689457
150 34.143257
151 8.847825
152 17.932657
153 220.134
154 236.134
155 37.35589
156 0.0
157 138.13098
158 192.74348
159 125.92949
160 0.0
161 72.525345
162 0.0
163 16.981874
164 44.75761
165 50.406143
166 101.01473
167 121.15945
168 0.0
169 109.758995
170 25.86063
171 65.733406
172 47.551865
173 55.121975
174 93.844635
175 152.33745
176 32.0
177 19.932367
178 49.065437
179 48.540035
180 143.86719
181 40.882633
182 71.13613
183 219.0
184 19.745924
185 21.255487
186 41.293186
187 0.0
188 62.934025
189 23.909018
190 4.41852
191 36.477257
192 0.0
193 28.832802
194 31.73462
195 37.78476
196 36.064484
197 44.364586
198 14.539557
199 60.501644
200 125.2899
201 236.134
202 220.134
203 219.0
204 219.0
205 219.0
206 219.0
207 219.0
208 192.74348
209 186.39877
210 186.31567
211 181.52988
212 162.15216
213 154.95154
214 152.33745
215 150.51683
216 150.30255
217 143.86719
218 140.6587
219 138.13098
220 131.38606
221 125.92949
222 125.2899
223 121.15945
224 114.49618
225 114.12387
226 111.39767
227 109.758995
228 103.91157
229 101.47893
230 101.01473
231 96.16659
232 93.844635
233 93.83339
234 80.04214
235 79.57341
236 78.09495
237 72.525345
238 71.13613
239 68.1485
240 65.733406
241 64.54337
242 63.336605
243 62.934025
244 60.501644
245 60.208645
246 57.127335
247 55.121975
248 55.04523
249 53.422478
250 52.94863
251 235.0
252 231.8472
253 29.731998
254 44.137142
255 25.385368
256 206.22989
257 22.708012
258 144.02493
259 174.95024
260 166.52907
261 71.208176
262 117.665146
263 117.99409
264 76.902504
265 127.66386
266 0.0
267 36.64861
268 34.786343
269 63.074837
270 96.86831
271 20.609863
272 29.98148
273 0.0
274 38.62052
275 46.236378
276 17.695017
277 219.0
278 0.0
279 0.0
280 98.55774
281 129.81232
282 0.0
283 21.45583
284 60.5753
285 44.32204
286 17.877918
287 51.307903
288 108.245285
289 37.48063
290 170.5334
291 44.054955
292 33.85874
293 0.0
294 33.067997
295 14.399938
296 122.23472
297 44.178352
298 66.68675
299 112.44444
300 0.0
301 236.134
302 235.0
303 231.8472
304 220.134
305 219.0
306 219.0
307 219.0
308 219.0
309 219.0
310 219.0
311 206.22989
312 192.74348
313 186.39877
314 186.31567
315 181.52988
316 174.95024
317 170.5334
318 166.52907
319 162.15216
320 154.95154
321 152.33745
322 150.51683
323 150.30255
324 144.02493
325 143.86719
326 140.6587
327 138.13098
328 131.38606
329 129.81232
330 127.66386
331 125.92949
332 125.2899
333 122.23472
334 121.15945
335 117.99409
336 117.665146
337 114.49618
338 114.12387
339 112.44444
340 111.39767
341 109.758995
342 108.245285
343 103.91157
344 101.47893
345 101.01473
346 98.55774
347 96.86831
348 96.16659
349 93.844635
350 93.83339
351 236.134
352 38.61463
353 46.572086
354 119.30473
355 219.0
356 36.201004
357 0.0
358 64.93583
359 62.663517
360 159.88403
361 29.879166
362 235.0
