1 75.49719
2 0.0
3 38.52627
4 3.4377112
5 116.612236
6 116.612236
7 75.49719
8 38.435207
9 25.75037
10 89.4192
11 116.612236
12 89.4192
13 159.21713
14 22.075636
15 67.99459
16 159.21713
17 116.612236
18 102.75837
19 33.068
20 10.361617
21 159.21713
22 116.612236
23 16.68836
24 114.74739
25 24.156107
26 159.21713
27 116.612236
28 104.27094
29 164.19952
30 106.47191
31 164.19952
32 159.21713
33 37.49679
34 106.18307
35 16.549835
36 164.19952
37 159.21713
38 175.64644
39 99.6082
40 30.866
41 175.64644
42 164.19952
43 174.09312
44 219.0
45 72.11397
46 219.0
47 175.64644
48 202.2748
49 170.10577
50 218.44586
51 219.0
52 218.44586
53 43.731453
54 219.0
55 6.6146307
56 219.0
57 219.0
58 219.0
59 166.14111
60 142.67484
61 219.0
62 219.0
63 190.16367
64 62.405865
65 34.084522
66 219.0
67 219.0
68 219.0
69 119.79233
70 235.0
71 235.0
72 219.0
73 219.0
74 235.0
75 492.7532
76 492.7532
77 492.7532
78 235.0
79 219.0
80 219.0
81 219.0
82 492.7532
83 235.0
84 195.97714
85 0.0
86 142.02617
87 492.7532
88 235.0
89 235.0
90 315.0
91 235.0
92 492.7532
93 315.0
94 311.1419
95 219.0
96 235.0
97 492.7532
98 315.0
99 271.07916
100 235.0
101 235.0
102 492.7532
103 315.0
104 219.0
105 290.80807
106 219.0
107 492.7532
108 315.0
109 295.14606
110 219.0
111 60.399868
112 492.7532
113 315.0
114 219.0
115 219.0
116 219.0
117 492.7532
118 315.0
119 235.0
120 219.0
121 219.0
122 492.7532
123 315.0
124 219.0
125 18.448706
126 182.23485
127 492.7532
128 315.0
129 315.0
130 315.0
131 219.0
132 492.7532
133 315.0
134 235.0
135 235.0
136 145.71225
137 492.7532
138 315.0
139 273.18307
140 235.0
141 114.7553
142 492.7532
143 315.0
144 138.48343
145 219.0
146 235.0
147 492.7532
148 315.0
149 311.2059
150 219.0
151 235.0
152 492.7532
153 315.0
154 235.0
155 120.16941
156 219.0
157 492.7532
158 315.0
159 507.0
160 235.0
161 109.683044
162 507.0
163 507.0
164 492.7532
165 235.0
166 219.0
167 507.0
168 507.0
169 507.0
170 235.0
171 235.0
172 315.0
173 507.0
174 507.0
175 208.73912
176 235.0
177 235.0
178 507.0
179 507.0
180 219.0
181 214.54727
182 219.0
183 507.0
184 507.0
185 219.0
186 235.0
187 219.0
188 507.0
189 507.0
190 268.67273
191 235.0
192 219.0
193 507.0
194 507.0
195 235.0
196 235.0
197 235.0
198 507.0
199 507.0
200 235.0
201 235.0
202 235.0
203 507.0
204 507.0
205 235.0
206 219.0
207 235.0
208 507.0
209 507.0
210 235.0
211 235.0
212 234.51117
213 507.0
214 507.0
215 292.6767
216 219.0
217 235.0
218 507.0
219 507.0
220 219.0
221 235.0
222 315.0
223 507.0
224 507.0
225 235.0
226 219.0
227 220.134
228 507.0
229 507.0
230 219.0
231 235.0
232 219.0
233 507.0
234 507.0
235 495.9799
236 131.1147
237 120.21278
238 507.0
239 507.0
240 28.035248
241 235.0
242 219.0
243 507.0
244 507.0
245 235.0
246 235.0
247 219.0
248 507.0
249 507.0
250 235.0
251 235.0
252 235.0
253 507.0
254 507.0
255 315.0
256 219.0
257 295.01117
258 507.0
259 507.0
260 235.0
261 219.0
262 235.0
263 507.0
264 507.0
265 147.94328
266 235.0
267 136.46257
268 507.0
269 507.0
270 219.0
271 235.0
272 207.91634
273 507.0
274 507.0
275 219.0
276 507.0
277 218.6311
278 507.0
279 507.0
280 235.0
281 179.21054
282 235.0
283 507.0
284 507.0
285 248.91
286 219.0
287 140.94249
288 507.0
289 507.0
290 79.0688
291 235.0
292 235.0
293 507.0
294 507.0
295 235.0
296 315.0
297 219.0
298 507.0
299 507.0
300 219.0
301 24.914608
302 219.0
303 507.0
304 507.0
305 186.5387
306 235.0
307 235.0
308 507.0
309 507.0
310 235.0
311 219.0
312 143.39182
313 507.0
314 507.0
315 219.0
316 235.0
317 219.0
318 507.0
319 507.0
320 235.0
321 157.92436
322 25.359386
323 507.0
324 507.0
325 194.6983
326 315.0
327 219.0
328 507.0
329 507.0
330 228.05792
331 180.37357
332 190.93115
333 507.0
334 507.0
335 235.0
336 190.2813
337 219.0
338 507.0
339 507.0
340 219.0
341 235.0
342 235.0
343 507.0
344 507.0
345 219.0
346 235.0
347 235.0
348 507.0
349 507.0
350 283.5901
351 0.0
352 114.8548
353 507.0
354 507.0
355 219.0
356 235.0
357 219.0
358 507.0
359 507.0
360 235.0
361 131.55795
362 132.92279
363 507.0
364 507.0
365 235.0
366 235.0
367 235.0
368 507.0
369 507.0
370 315.0
371 235.0
372 219.0
373 507.0
374 507.0
375 185.28998
376 235.0
377 213.30452
378 507.0
379 507.0
380 315.0
381 220.134
382 235.0
383 507.0
384 507.0
385 280.2327
386 235.0
387 228.6595
388 507.0
389 507.0
390 235.0
391 233.96475
392 115.15094
393 507.0
394 507.0
395 219.0
396 229.28671
397 196.59557
398 507.0
399 507.0
400 315.0
401 235.0
402 262.42877
403 507.0
404 507.0
405 196.60434
406 235.0
407 207.94632
408 507.0
409 507.0
410 315.0
411 142.12405
412 235.0
413 507.0
414 507.0
415 125.69725
416 235.0
417 235.0
418 507.0
419 507.0
420 142.31245
421 235.0
422 235.0
423 507.0
424 507.0
425 235.0
426 213.38525
427 143.65948
428 507.0
429 507.0
430 235.0
431 235.0
432 219.0
433 507.0
434 507.0
435 235.0
436 219.0
437 235.0
438 507.0
439 507.0
440 247.69989
441 136.61325
442 235.0
443 507.0
444 507.0
445 235.0
446 235.0
447 219.0
448 507.0
449 507.0
450 235.0
451 219.0
452 235.0
453 507.0
454 507.0
455 219.0
456 209.42142
457 315.0
458 507.0
459 507.0
460 305.7856
461 188.9917
462 507.0
463 507.0
464 507.0
465 219.0
466 315.0
467 206.51912
468 507.0
469 507.0
470 278.6311
471 235.0
472 143.02861
473 507.0
474 507.0
475 219.0
476 184.21217
477 62.801746
478 507.0
479 507.0
480 315.0
481 220.79646
482 218.79678
483 507.0
484 507.0
485 219.0
486 315.0
487 219.0
488 507.0
489 507.0
