1 121.77512
2 80.6272
3 276.0
4 0.0
5 2.4547446
6 0.0
7 162.55537
8 5.9513903
9 310.66193
10 134.23228
11 112.86665
12 0.0
13 252.62547
14 118.8651
15 54.11774
16 0.0
17 2.9475627
18 29.4254
19 16.919497
20 134.6106
21 150.22873
22 232.0131
23 257.95352
24 85.23786
25 67.7796
26 0.0
27 0.0
28 18.227373
29 0.0
30 3.8185198
31 111.91125
32 205.334
33 23.072472
34 249.8797
35 0.0
36 88.54232
37 161.48552
38 4.9365015
39 117.20628
40 211.12378
41 53.38351
42 20.838287
43 0.0
44 2.2680001
45 212.09521
46 67.74637
47 0.0
48 118.19691
49 19.82988
50 0.0
51 299.0
52 0.0
53 66.170784
54 63.190502
55 81.37694
56 45.613598
57 104.49392
58 0.22203708
59 299.0
60 115.18093
61 7.640378
62 27.78077
63 203.0
64 135.77428
65 0.0
66 0.0
67 0.0
68 161.31993
69 64.83277
70 315.24878
71 0.0
72 128.72144
73 294.76306
74 0.0
75 203.0
76 59.19638
77 0.0
78 0.0
79 0.0
80 99.86123
81 64.53095
82 11.1809635
83 1.1340001
84 0.0
85 21.047691
86 123.223724
87 158.34326
88 0.0
89 20.437855
90 0.0
91 0.0
92 0.0
93 51.730503
94 0.0
95 0.0
96 0.0
97 107.20008
98 120.49398
99 0.6
100 199.93758
101 301.0669
102 331.0
103 293.26343
104 205.4222
105 21.05587
106 147.28429
107 219.0
108 252.76509
109 60.883812
110 219.0
111 219.6
112 219.0
113 210.09148
114 111.24418
115 424.80917
116 16.91616
117 133.40686
118 215.38416
119 219.0
120 477.07132
121 209.05296
122 155.0
123 90.37846
124 9.16826
125 320.01514
126 219.0
127 187.0
128 78.15135
129 155.0
130 4.4409366
131 84.184784
132 88.08906
133 14.807832
134 89.41538
135 155.0
136 196.0
137 29.075603
138 207.24883
139 109.61209
140 219.0
141 67.46621
142 0.0
143 180.38538
144 17.228458
145 0.0
146 25.458479
147 196.83809
148 0.0
149 68.033295
150 414.33542
151 267.02383
152 185.866
153 321.62167
154 219.90305
155 14.256571
156 114.453026
157 0.0
158 0.0
159 0.0
160 157.56235
161 155.0
162 0.0
163 155.0
164 0.0
165 219.0
166 219.0
167 225.61462
168 343.78146
169 155.0
170 280.72253
171 37.082283
172 108.65447
173 2.7432601
174 33.494488
175 16.473171
176 413.48242
177 219.0
178 216.37627
179 115.00731
180 184.03598
181 8.4681
182 89.93839
183 14.340813
184 18.499634
185 76.580635
186 56.073383
187 19.251507
188 3.3432603
189 142.02074
190 39.209164
191 363.0
192 0.0
193 14.413239
194 28.308043
195 11.836719
196 48.39707
197 192.89212
198 283.0
199 0.0
200 6.6830034
201 175.73543
202 227.96161
203 20.059439
204 490.1243
205 319.75238
206 379.7658
207 267.0
208 361.6667
209 137.34097
210 175.99185
211 365.56998
212 17.96292
213 166.05264
214 375.00067
215 489.69876
216 410.09595
217 49.261875
218 417.55438
219 309.0273
220 0.0
221 267.0
222 251.92493
223 287.15402
224 376.42444
225 112.18776
226 385.12183
227 112.40191
228 362.80594
229 429.28653
230 246.6541
231 170.22797
232 30.625751
233 280.3922
234 115.89626
235 167.7411
236 156.55962
237 32.30385
238 152.92245
239 234.8106
240 250.45871
241 26.417696
242 60.27289
243 101.950226
244 0.0
245 390.112
246 381.4898
247 143.48003
248 267.0
249 29.417856
250 68.762985
251 441.74445
252 458.5749
253 29.314238
254 91.68519
255 55.884945
256 477.91382
257 389.56958
258 296.76593
259 136.03287
260 380.80472
261 398.01123
262 261.07407
263 0.0
264 258.1181
265 267.0
266 368.23047
267 134.10435
268 359.34854
269 295.27365
270 17.004522
271 112.81228
272 139.57455
273 7.0501494
274 296.55603
275 225.3698
276 383.2798
277 28.16937
278 267.0
279 2.334
280 281.18668
281 54.76359
282 62.544662
283 370.41544
284 58.525887
285 358.59402
286 260.42462
287 256.08698
288 194.9311
289 267.0
290 246.94833
291 0.0
292 65.33063
293 36.26774
294 372.83167
295 222.54465
296 359.22958
297 0.0
298 267.0
299 255.1846
300 251.90892
301 143.01703
302 221.846
303 169.30841
304 245.9562
305 238.91026
306 237.39496
307 232.86667
308 236.37534
309 251.0
310 225.36626
311 251.0
312 251.0
313 233.2184
314 161.23929
315 251.0
316 220.08707
317 38.43712
318 82.30876
319 181.24075
320 0.0
321 84.079315
322 464.23727
323 228.66925
324 247.18149
325 237.02707
326 27.074636
327 223.3626
328 117.1523
329 183.83372
330 170.50615
331 42.72409
332 159.06764
333 239.48827
334 12.173982
335 249.72466
336 251.30786
337 97.38
338 224.41368
339 233.30515
340 236.27753
341 125.97003
342 228.4044
343 30.987225
344 144.48738
345 214.48749
346 232.97813
347 152.01508
348 117.945435
349 147.45058
350 244.64136
351 96.93376
352 124.95133
353 406.6722
354 219.12851
355 230.87642
356 237.29663
357 33.998753
358 232.44872
359 251.0
360 0.0
361 154.24867
362 136.94656
363 240.13751
364 158.1313
365 87.66065
366 7.6507363
367 251.0
368 109.61313
369 112.71058
370 0.0
371 251.0
372 124.65126
373 38.10691
374 184.86794
375 491.0
376 184.09613
377 47.736675
378 0.0
379 237.50317
380 399.66718
381 72.37631
382 249.8
383 32.118286
384 33.609257
385 48.634533
386 475.8713
387 243.47534
388 409.67514
389 246.32251
390 26.881424
391 5.364418E-7
392 240.59811
393 3.5538988
394 70.09423
395 223.88469
396 241.67555
397 17.678282
398 0.0
399 189.61227
400 95.9768
401 165.00319
402 427.0
403 203.0
404 418.91748
405 203.0
406 56.45471
407 66.91821
408 203.0
409 203.0
410 203.0
411 203.0
412 231.70468
413 427.0
414 166.55087
415 203.0
416 162.03949
417 204.134
418 270.2564
419 75.722626
420 23.629257
421 309.75085
422 134.02708
423 179.93585
424 300.4006
425 415.37814
426 203.0
427 203.0
428 382.44644
429 405.56384
430 139.90405
431 209.61462
432 62.67513
433 203.0
434 184.39769
435 264.99567
436 49.845085
437 240.25433
438 305.48938
439 200.25673
440 178.08272
441 204.18628
442 204.134
443 728.9902
444 235.0
445 154.74846
446 138.9012
447 136.83308
448 203.0
449 203.0
450 427.0
451 7.4360003
452 203.0
453 280.68112
454 163.18942
455 165.47583
456 0.0
457 92.88078
458 141.39056
459 0.0
460 203.0
461 283.21503
462 13.867383
463 282.59738
464 183.71674
465 112.54331
466 18.015251
467 47.263657
468 172.95511
469 17.06395
470 196.4158
471 203.0
472 273.78143
473 203.0
474 127.0141
475 92.178505
476 203.0
477 171.24384
478 0.0
479 99.79589
480 137.66254
481 133.84174
482 45.714928
483 8.562982
484 203.0
485 203.0
486 203.0
487 236.2
488 225.25267
489 56.878735
490 158.30933
491 203.0
492 249.13293
493 427.0
494 120.23579
495 80.925804
496 65.558586
497 1.1340001
498 203.0
499 186.74126
500 51.353313
501 728.9902
502 361.81866
503 189.95518
504 112.95076
505 127.32496
506 394.87335
507 342.00443
508 203.0
509 71.23471
510 397.11972
511 171.0
512 346.2053
513 164.38538
514 227.65956
515 236.134
516 171.6
517 255.08217
518 172.134
519 184.56987
520 139.757
521 199.19304
522 363.0
523 353.30173
524 132.99013
525 171.6
526 344.0171
527 171.0
528 363.0
529 235.0
530 129.59097
531 241.61462
532 355.48288
533 131.08676
534 55.984875
535 223.34688
536 361.35632
537 189.89096
538 171.0
539 186.33336
540 346.9433
541 142.39944
542 126.099304
543 171.0
544 176.55252
545 191.29848
546 236.134
547 171.0
548 126.15654
549 23.536476
550 235.0
551 363.0
552 363.0
553 240.80807
554 235.0
555 120.28272
556 172.73401
557 405.9929
558 235.0
559 171.0
560 89.09507
561 171.0
562 170.8262
563 169.2
564 129.26224
565 171.0
566 171.0
567 379.03113
568 355.41406
569 347.92227
570 136.73708
571 235.0
572 171.0
573 164.38538
574 170.04358
575 210.98486
576 1.0686431
577 171.0
578 357.65698
579 344.9077
580 136.26059
581 342.16953
582 60.899014
583 0.0
584 98.16032
585 134.11296
586 171.0
587 165.74493
588 0.0
589 171.0
590 163.97855
591 136.41585
592 236.134
593 49.527683
594 235.0
595 171.0
596 171.0
597 3.4174385
598 140.40012
599 171.0
600 232.19563
601 117.560074
602 189.08942
603 189.81302
604 219.0
605 283.6116
606 219.0
607 214.37694
608 217.866
609 221.268
610 219.0
611 212.38538
612 293.64734
613 304.62183
614 154.22417
615 153.12137
616 294.0638
617 150.96829
618 220.134
619 162.24535
620 219.0
621 219.0
622 219.0
623 219.0
624 286.23752
625 178.07018
626 99.77082
627 128.48573
628 219.0
629 219.0
630 219.0
631 219.0
632 176.19902
633 282.56693
634 299.5609
635 113.91513
636 181.01894
637 219.0
638 219.0
639 213.20418
640 294.83475
641 220.134
642 207.09364
643 218.43178
644 219.0
645 293.77353
646 219.0
647 219.0
648 219.0
649 219.0
650 214.71165
651 72.25688
652 190.6813
653 33.91117
654 149.49852
655 287.59897
656 138.23601
657 178.6466
658 114.745735
659 315.0
660 48.27651
661 201.75436
662 219.0
663 0.0
664 179.48857
665 219.0
666 290.53207
667 63.69407
668 219.0
669 164.6137
670 220.134
671 164.78165
672 289.65274
673 163.73473
674 277.2305
675 297.16727
676 120.3377
677 219.0
678 132.22784
679 203.50702
680 224.77635
681 113.56821
682 43.219707
683 42.160797
684 167.9438
685 179.29257
686 219.0
687 92.934006
688 219.0
689 287.12488
690 315.0
691 0.0
692 190.40286
693 219.0
694 186.18259
695 0.0
696 219.0
697 315.0
698 83.369965
699 219.0
700 219.0
701 76.75112
702 241.3626
703 203.18646
704 267.06744
705 133.54765
706 203.0
707 156.1419
708 203.0
709 267.0
710 239.70634
711 246.90494
712 267.0
713 261.6663
714 242.00565
715 235.45035
716 62.956894
717 242.2636
718 160.11252
719 233.39369
720 247.30557
721 265.59244
722 249.22224
723 73.90787
724 105.260544
725 125.07331
726 246.79369
727 251.55078
728 247.91449
729 83.576355
730 111.927086
731 94.44194
732 267.0
733 87.00705
734 114.39528
735 236.92213
736 142.9751
737 241.16673
738 31.369701
739 203.0
740 249.18446
741 70.19107
742 148.59642
743 248.95969
744 246.3031
745 684.73395
746 95.50587
747 126.90871
748 265.8
749 166.24567
750 244.45197
751 239.81088
752 166.09871
753 60.894714
754 23.44365
755 85.74156
756 50.28601
757 259.73257
758 250.12276
759 43.239433
760 37.328594
761 267.0
762 60.63376
763 55.775093
764 203.0
765 506.058
766 125.38733
767 109.19726
768 243.22324
769 33.70654
770 12.604795
771 180.44815
772 109.5128
773 145.64207
774 232.85547
775 0.0
776 173.4889
777 90.88462
778 244.92842
779 203.0
780 151.69202
781 137.32373
782 234.87794
783 122.88292
784 203.0
785 77.12031
786 257.20056
787 232.14354
788 0.0
789 43.319874
790 180.0
791 60.82784
792 48.29575
793 248.58224
794 34.462486
795 95.892395
796 267.0
797 203.14104
798 99.63867
799 56.81515
800 73.47284
801 248.4824
802 268.134
803 231.15547
804 219.0
805 174.54596
806 147.61482
807 68.796104
808 392.59
809 187.0
810 536.61835
811 127.25096
812 486.54736
813 187.0
814 39.742546
815 555.0
816 549.4234
817 316.4934
818 219.0
819 552.2039
820 219.0
821 555.0
822 219.0
823 220.134
824 540.0
825 329.14587
826 155.15587
827 143.56828
828 190.15317
829 267.0
830 324.72867
831 395.97498
832 219.0
833 215.19304
834 201.5121
835 544.4481
836 88.74354
837 241.29297
838 134.84758
839 70.93744
840 219.0
841 219.0
842 270.12527
843 44.553635
844 555.0
845 97.19137
846 67.05589
847 299.0
848 164.0
849 486.7037
850 65.11304
851 251.18742
852 108.296715
853 555.0
854 89.07618
855 38.41636
856 138.54268
857 87.72256
858 526.0185
859 187.0
860 635.0
861 3.3482332
862 139.48174
863 219.0
864 24.112057
865 46.421383
866 66.50777
867 204.32874
868 84.6329
869 215.65285
870 140.41066
871 553.41583
872 272.56473
873 59.585785
874 85.6317
875 260.0
876 140.94557
877 147.44397
878 24.70509
879 269.02512
880 267.0
881 74.48417
882 219.0
883 103.78714
884 187.32584
885 64.0339
886 175.2811
887 187.0
888 196.93977
889 0.0
890 147.76573
891 0.0
892 122.14204
893 74.742195
894 25.146534
895 26.051365
896 48.1339
897 193.61462
898 159.18134
899 54.04066
900 187.0
901 219.0
902 203.31174
903 127.37903
904 286.7031
905 315.0
906 219.0
907 443.0
908 220.134
909 219.0
910 226.74863
911 300.23096
912 443.0
913 59.484898
914 523.0
915 315.0
916 260.0
917 74.688354
918 220.134
919 443.0
920 260.0
921 240.34673
922 219.0
923 638.6788
924 174.93648
925 315.0
926 219.0
927 354.4895
928 219.0
929 225.85086
930 220.134
931 219.0
932 219.0
933 60.4931
934 219.0
935 731.0
936 219.0
937 299.68622
938 315.0
939 220.134
940 315.0
941 315.0
942 219.0
943 219.0
944 315.0
945 100.057594
946 640.901
947 220.134
948 315.0
949 88.93973
950 224.57977
951 219.0
952 219.0
953 315.0
954 185.96364
955 158.464
956 56.201786
957 113.47342
958 219.0
959 50.317543
960 90.33938
961 131.11244
962 219.0
963 219.0
964 443.0
965 315.0
966 182.55121
967 64.54817
968 219.0
969 153.31097
970 121.4753
971 220.134
972 220.134
973 219.0
974 387.06546
975 179.09409
976 174.41333
977 202.39665
978 23.481174
979 219.0
980 98.54464
981 99.8531
982 405.77072
983 0.0
984 219.0
985 315.0
986 315.0
987 382.3203
988 315.0
989 219.0
990 343.38412
991 220.134
992 225.85086
993 227.20503
994 92.83631
995 315.0
996 219.0
997 87.55655
998 315.6
999 220.134
1000 137.17328
1001 219.0
