1 0.0
2 33.134
3 0.0
4 32.0
5 32.0
6 153.31891
7 38.61463
8 76.59673
9 0.0
10 19.844534
11 38.61463
12 136.88106
13 32.0
14 0.0
15 0.0
16 235.0
17 30.866
18 6.6146307
19 32.0
20 32.0
21 0.0
22 0.0
23 38.61463
24 158.85446
25 219.0
26 219.0
27 32.0
28 0.0
29 32.0
30 0.0
31 0.0
32 0.0
33 33.134
34 0.0
35 219.0
36 33.2
37 25.385368
38 0.0
39 219.0
40 32.0
41 104.00625
42 158.85448
43 104.07178
44 98.682686
45 32.0
46 32.0
47 32.0
48 6.6146307
49 32.0
50 32.0
51 38.61463
52 0.0
53 0.0
54 0.0
55 235.0
56 0.0
57 174.73912
58 32.0
59 87.6954
60 0.0
61 219.0
62 0.0
63 0.0
64 0.0
65 32.0
66 219.0
67 32.0
68 32.0
69 0.0
70 30.866
71 32.0
72 32.0
73 153.27272
74 33.2
75 38.61463
76 32.0
77 0.0
78 32.0
79 32.0
80 25.385368
81 87.6954
82 0.0
83 219.0
84 192.61263
85 315.0
86 169.6173
87 235.0
88 220.134
89 32.0
90 30.866
91 153.27272
92 0.0
93 180.3962
94 169.5441
95 0.0
96 219.0
97 32.0
98 38.61463
99 32.0
100 0.0
101 315.0
102 315.0
103 235.0
104 235.0
105 235.0
106 220.134
107 219.0
108 219.0
109 219.0
110 219.0
111 219.0
112 219.0
113 219.0
114 219.0
115 192.61263
116 180.3962
117 174.73912
118 169.6173
119 169.5441
120 158.85448
121 158.85446
122 153.31891
123 153.27272
124 153.27272
125 136.88106
126 104.07178
127 104.00625
128 98.682686
129 87.6954
130 87.6954
131 76.59673
132 38.61463
133 38.61463
134 38.61463
135 38.61463
136 38.61463
137 38.61463
138 33.2
139 33.2
140 33.134
141 33.134
142 32.0
143 32.0
144 32.0
145 32.0
146 32.0
147 32.0
148 32.0
149 32.0
150 32.0
151 32.0
152 25.385368
153 38.61463
154 235.0
155 235.0
156 93.37531
157 32.0
158 30.866
159 38.61463
160 219.0
161 219.0
162 219.0
163 220.134
164 33.134
165 6.6146307
166 104.07178
167 32.0
168 158.85448
169 103.940704
170 219.0
171 25.385368
172 0.0
173 32.0
174 25.385368
175 93.37531
176 33.134
177 1.1340001
178 93.37531
179 93.37531
180 0.0
181 153.31891
182 0.0
183 32.0
184 32.0
185 33.134
186 219.0
187 25.385368
188 19.844534
189 219.0
190 32.0
191 0.0
192 0.0
193 33.134
194 32.0
195 1.1340001
196 32.0
197 30.866
198 0.0
199 0.0
200 0.0
201 30.866
202 315.0
203 235.0
204 235.0
205 235.0
206 235.0
207 235.0
208 220.134
209 220.134
210 219.0
211 219.0
212 219.0
213 219.0
214 219.0
215 219.0
216 219.0
217 219.0
218 219.0
219 219.0
220 219.0
221 219.0
222 219.0
223 219.0
224 192.61263
225 180.3962
226 174.73912
227 169.6173
228 169.5441
229 158.85448
230 158.85448
231 158.85446
232 153.31891
233 153.31891
234 153.27272
235 153.27272
236 136.88106
237 104.07178
238 104.07178
239 104.00625
240 103.940704
241 98.682686
242 93.37531
243 93.37531
244 93.37531
245 93.37531
246 87.6954
247 87.6954
248 76.59673
249 38.61463
250 38.61463
251 38.61463
252 180.3962
253 235.0
254 0.0
255 235.0
256 235.0
257 158.85448
258 93.37531
259 0.0
260 32.0
261 1.1340001
262 30.866
263 30.866
264 219.0
265 0.0
266 220.134
267 219.0
268 98.682686
269 0.0
270 103.940704
271 98.60904
272 38.61463
273 0.0
274 0.0
275 0.0
276 163.9763
277 32.0
278 158.85446
279 158.85446
280 0.0
281 0.0
282 30.866
283 82.441956
284 38.61463
285 32.0
286 0.0
287 169.6173
288 104.07178
289 98.60904
290 31.4
291 32.0
292 93.37531
293 104.07178
294 32.0
295 93.37531
296 31.4
297 25.149174
298 109.468094
299 114.92915
300 32.0
301 33.134
302 315.0
303 235.0
304 235.0
305 235.0
306 235.0
307 235.0
308 235.0
309 235.0
310 235.0
311 220.134
312 220.134
313 220.134
314 219.0
315 219.0
316 219.0
317 219.0
318 219.0
319 219.0
320 219.0
321 219.0
322 219.0
323 219.0
324 219.0
325 219.0
326 219.0
327 219.0
328 219.0
329 219.0
330 192.61263
331 180.3962
332 180.3962
333 174.73912
334 169.6173
335 169.6173
336 169.5441
337 163.9763
338 158.85448
339 158.85448
340 158.85448
341 158.85446
342 158.85446
343 158.85446
344 153.31891
345 153.31891
346 153.27272
347 153.27272
348 136.88106
349 114.92915
350 109.468094
351 104.07178
352 104.07178
353 32.0
354 163.97629
355 219.0
356 38.61463
357 158.85446
358 219.0
359 235.0
360 235.0
361 30.866
362 87.6954
363 0.0
364 219.0
365 38.61463
366 6.6146307
367 219.0
368 25.385366
369 219.0
370 192.99916
371 32.0
372 25.385368
373 103.940704
374 93.37531
375 235.0
376 32.0
377 6.6146307
378 163.93513
379 0.0
380 219.0
381 38.61463
382 180.3962
383 25.385368
384 169.5441
385 6.6146307
386 158.85446
387 104.00625
388 32.0
389 32.0
390 158.85446
391 0.0
392 32.0
393 104.07178
394 219.0
395 98.682686
396 0.0
397 25.385368
398 32.0
399 114.92915
400 12.155465
401 30.866
402 315.0
403 235.0
404 235.0
405 235.0
406 235.0
407 235.0
408 235.0
409 235.0
410 235.0
411 235.0
412 235.0
413 235.0
414 220.134
415 220.134
416 220.134
417 219.0
418 219.0
419 219.0
420 219.0
421 219.0
422 219.0
423 219.0
424 219.0
425 219.0
426 219.0
427 219.0
428 219.0
429 219.0
430 219.0
431 219.0
432 219.0
433 219.0
434 219.0
435 219.0
436 219.0
437 219.0
438 219.0
439 219.0
440 192.99916
441 192.61263
442 180.3962
443 180.3962
444 180.3962
445 174.73912
446 169.6173
447 169.6173
448 169.5441
449 169.5441
450 163.9763
451 163.97629
452 153.89212
453 32.0
454 235.0
455 0.0
456 0.0
457 235.0
458 32.0
459 0.0
460 98.682686
461 219.0
462 219.0
463 219.0
464 32.0
465 220.134
466 219.0
467 98.682686
468 219.0
469 158.85448
470 315.0
471 219.0
472 0.0
473 0.0
474 219.0
475 191.32262
476 0.0
477 33.134
478 93.37531
479 158.85448
480 32.0
481 30.81372
482 219.0
483 98.60904
484 32.0
485 180.3962
486 0.0
487 219.0
488 315.0
489 219.0
490 0.0
491 6.6146307
492 38.61463
493 219.0
494 180.3962
495 202.13202
496 219.0
497 158.85446
498 103.940704
499 147.72139
500 169.6173
501 169.6173
502 315.0
503 315.0
504 315.0
505 235.0
506 235.0
507 235.0
508 235.0
509 235.0
510 235.0
511 235.0
512 235.0
513 235.0
514 235.0
515 235.0
516 235.0
517 235.0
518 220.134
519 220.134
520 220.134
521 220.134
522 219.0
523 219.0
524 219.0
525 219.0
526 219.0
527 219.0
528 219.0
529 219.0
530 219.0
531 219.0
532 219.0
533 219.0
534 219.0
535 219.0
536 219.0
537 219.0
538 219.0
539 219.0
540 219.0
541 219.0
542 219.0
543 219.0
544 219.0
545 219.0
546 219.0
547 219.0
548 219.0
549 219.0
550 219.0
551 219.0
552 169.5441
553 104.07178
554 38.61463
555 219.0
556 235.0
557 235.0
558 219.0
559 219.0
560 33.134
561 169.5441
562 235.0
563 219.0
564 180.3962
565 0.0
566 158.85446
567 235.0
568 6.6146307
569 32.0
570 98.60904
571 220.134
572 1.1340001
573 30.866
574 30.8
575 219.0
576 235.0
577 49.285866
578 219.0
579 32.0
580 38.61463
581 98.682686
582 219.0
583 0.0
584 219.0
585 0.0
586 219.0
587 98.60904
588 169.6173
589 0.0
590 114.92915
591 191.32262
592 235.0
593 32.0
594 219.0
595 93.37531
596 220.134
597 0.0
598 219.0
599 315.0
600 219.0
601 219.0
602 315.0
603 315.0
604 315.0
605 315.0
606 235.0
607 235.0
608 235.0
609 235.0
610 235.0
611 235.0
612 235.0
613 235.0
614 235.0
615 235.0
616 235.0
617 235.0
618 235.0
619 235.0
620 235.0
621 235.0
622 235.0
623 235.0
624 235.0
625 220.134
626 220.134
627 220.134
628 220.134
629 220.134
630 220.134
631 219.0
632 219.0
633 219.0
634 219.0
635 219.0
636 219.0
637 219.0
638 219.0
639 219.0
640 219.0
641 219.0
642 219.0
643 219.0
644 219.0
645 219.0
646 219.0
647 219.0
648 219.0
649 219.0
650 219.0
651 219.0
652 219.0
653 38.61463
654 25.385368
655 235.0
656 103.940704
657 103.940704
658 219.0
659 32.0
660 219.0
661 220.134
662 235.0
663 169.5441
664 219.0
665 219.0
666 219.0
667 219.0
668 0.0
669 236.134
670 219.0
671 219.0
672 315.0
673 32.0
674 219.0
675 219.0
676 220.134
677 33.134
678 219.0
679 219.0
680 30.866
681 219.0
682 6.6146307
683 219.0
684 32.0
685 33.134
686 98.682686
687 169.6173
688 180.28467
689 25.385368
690 219.0
691 219.0
692 235.0
693 158.85446
694 0.0
695 190.10626
696 32.0
697 219.0
698 163.93513
699 235.0
700 219.0
701 219.0
702 315.0
703 315.0
704 315.0
705 315.0
706 315.0
707 236.134
708 235.0
709 235.0
710 235.0
711 235.0
712 235.0
713 235.0
714 235.0
715 235.0
716 235.0
717 235.0
718 235.0
719 235.0
720 235.0
721 235.0
722 235.0
723 235.0
724 235.0
725 235.0
726 235.0
727 235.0
728 235.0
729 235.0
730 235.0
731 220.134
732 220.134
733 220.134
734 220.134
735 220.134
736 220.134
737 220.134
738 220.134
739 219.0
740 219.0
741 219.0
742 219.0
743 219.0
744 219.0
745 219.0
746 219.0
747 219.0
748 219.0
749 219.0
750 219.0
751 219.0
752 180.3962
753 0.0
754 219.0
755 236.134
756 38.61463
757 32.0
758 219.0
759 315.0
760 33.134
761 220.134
762 0.0
763 219.0
764 235.0
765 0.0
766 30.866
767 38.61463
768 32.0
769 219.0
770 0.0
771 206.58368
772 180.3962
773 219.0
774 220.134
775 163.9763
776 114.92915
777 202.11772
778 30.8
779 0.0
780 235.0
781 104.00625
782 219.0
783 169.5441
784 219.0
785 153.27272
786 219.0
787 219.0
788 219.0
789 0.0
790 219.0
791 0.0
792 30.866
793 32.0
794 32.0
795 219.0
796 31.4
797 219.0
798 38.61463
799 38.61463
800 158.85446
801 235.0
802 315.0
803 315.0
804 315.0
805 315.0
806 315.0
807 315.0
808 236.134
809 236.134
810 235.0
811 235.0
812 235.0
813 235.0
814 235.0
815 235.0
816 235.0
817 235.0
818 235.0
819 235.0
820 235.0
821 235.0
822 235.0
823 235.0
824 235.0
825 235.0
826 235.0
827 235.0
828 235.0
829 235.0
830 235.0
831 235.0
832 235.0
833 235.0
834 235.0
835 235.0
836 220.134
837 220.134
838 220.134
839 220.134
840 220.134
841 220.134
842 220.134
843 220.134
844 220.134
845 220.134
846 219.0
847 219.0
848 219.0
849 219.0
850 219.0
851 219.0
852 219.0
853 32.0
854 98.682686
855 219.0
856 25.385368
857 219.0
858 93.37531
859 169.70625
860 219.0
861 38.61463
862 38.61463
863 219.0
864 219.0
865 169.6173
866 32.0
867 235.0
868 219.0
869 219.0
870 25.385368
871 315.0
872 235.0
873 32.0
874 219.0
875 219.0
876 0.0
877 220.134
878 0.0
879 235.0
880 38.61463
881 219.0
882 235.0
883 219.0
884 219.0
885 235.0
886 93.37531
887 220.134
888 1.1340001
889 0.0
890 235.0
891 32.0
892 219.0
893 219.0
894 30.866
895 219.0
896 103.940704
897 220.134
898 220.134
899 219.0
900 220.134
901 0.0
902 315.0
903 315.0
904 315.0
905 315.0
906 315.0
907 315.0
908 315.0
909 236.134
910 236.134
911 235.0
912 235.0
913 235.0
914 235.0
915 235.0
916 235.0
917 235.0
918 235.0
919 235.0
920 235.0
921 235.0
922 235.0
923 235.0
924 235.0
925 235.0
926 235.0
927 235.0
928 235.0
929 235.0
930 235.0
931 235.0
932 235.0
933 235.0
934 235.0
935 235.0
936 235.0
937 235.0
938 235.0
939 235.0
940 235.0
941 235.0
942 235.0
943 220.134
944 220.134
945 220.134
946 220.134
947 220.134
948 220.134
949 220.134
950 220.134
951 220.134
952 219.0
953 219.0
954 235.0
955 219.0
956 38.61463
957 0.0
958 158.85448
959 175.02669
960 219.0
961 32.0
962 219.0
963 32.0
964 219.0
965 235.0
966 32.0
967 219.0
968 32.0
969 32.0
970 32.0
971 235.0
972 219.0
973 93.37531
974 30.866
975 235.0
976 220.134
977 235.0
978 219.0
979 219.0
980 219.0
981 219.0
982 14.714138
983 32.0
984 0.0
985 219.0
986 235.0
987 315.0
988 219.0
989 169.6173
990 32.0
991 38.61463
992 32.0
993 219.0
994 220.134
995 219.0
996 235.0
997 219.0
998 174.73912
999 0.0
1000 220.134
1001 219.0
1002 315.0
1003 315.0
1004 315.0
1005 315.0
1006 315.0
1007 315.0
1008 315.0
1009 315.0
1010 236.134
1011 236.134
1012 235.0
1013 235.0
1014 235.0
1015 235.0
1016 235.0
1017 235.0
1018 235.0
1019 235.0
1020 235.0
1021 235.0
1022 235.0
1023 235.0
1024 235.0
1025 235.0
1026 235.0
1027 235.0
1028 235.0
1029 235.0
1030 235.0
1031 235.0
1032 235.0
1033 235.0
1034 235.0
1035 235.0
1036 235.0
1037 235.0
1038 235.0
1039 235.0
1040 235.0
1041 235.0
1042 235.0
1043 235.0
1044 235.0
1045 235.0
1046 235.0
1047 235.0
1048 235.0
1049 235.0
1050 235.0
1051 220.134
1052 32.0
1053 169.6173
1054 158.85448
1055 38.61463
1056 236.134
1057 219.0
1058 219.0
1059 236.134
1060 174.73912
1061 219.0
1062 98.535385
1063 219.0
1064 207.39551
1065 219.0
1066 32.0
1067 219.0
1068 219.0
1069 219.0
1070 0.0
1071 32.0
1072 191.28838
1073 38.61463
1074 219.0
1075 32.0
1076 0.0
1077 219.0
1078 265.43503
1079 38.61463
1080 235.0
1081 235.0
1082 219.0
1083 32.0
1084 235.0
1085 235.0
1086 219.0
1087 38.61463
1088 220.134
1089 219.0
1090 114.92915
1091 38.61463
1092 219.0
1093 114.92915
1094 235.0
1095 98.682686
1096 315.0
1097 33.134
1098 38.61463
1099 0.0
1100 25.385368
1101 31.4
1102 315.0
1103 315.0
1104 315.0
1105 315.0
1106 315.0
1107 315.0
1108 315.0
1109 315.0
1110 315.0
1111 265.43503
1112 236.134
1113 236.134
1114 236.134
1115 236.134
1116 235.0
1117 235.0
1118 235.0
1119 235.0
1120 235.0
1121 235.0
1122 235.0
1123 235.0
1124 235.0
1125 235.0
1126 235.0
1127 235.0
1128 235.0
1129 235.0
1130 235.0
1131 235.0
1132 235.0
1133 235.0
1134 235.0
1135 235.0
1136 235.0
1137 235.0
1138 235.0
1139 235.0
1140 235.0
1141 235.0
1142 235.0
1143 235.0
1144 235.0
1145 235.0
1146 235.0
1147 235.0
1148 235.0
1149 235.0
1150 235.0
1151 235.0
1152 38.61463
1153 219.0
1154 219.0
1155 219.0
1156 32.0
1157 219.0
1158 180.63614
1159 219.0
1160 33.134
1161 0.0
1162 25.385366
1163 236.134
1164 0.0
1165 315.0
1166 219.0
1167 38.61463
1168 32.0
1169 38.61463
1170 219.0
1171 218.44444
1172 32.0
1173 0.0
1174 235.0
1175 180.35031
1176 219.0
1177 235.0
1178 30.866
1179 33.134
1180 219.0
1181 219.0
1182 0.0
1183 235.0
1184 235.0
1185 158.85446
1186 219.0
1187 6.6146307
1188 219.0
1189 235.0
1190 235.0
1191 235.0
1192 315.0
1193 235.0
1194 219.0
1195 236.134
1196 25.385368
1197 33.186275
1198 235.0
1199 315.0
1200 219.0
1201 43.988956
1202 315.0
1203 315.0
1204 315.0
1205 315.0
1206 315.0
1207 315.0
1208 315.0
1209 315.0
1210 315.0
1211 315.0
1212 315.0
1213 315.0
1214 265.43503
1215 236.134
1216 236.134
1217 236.134
1218 236.134
1219 236.134
1220 236.134
1221 235.0
1222 235.0
1223 235.0
1224 235.0
1225 235.0
1226 235.0
1227 235.0
1228 235.0
1229 235.0
1230 235.0
1231 235.0
1232 235.0
1233 235.0
1234 235.0
1235 235.0
1236 235.0
1237 235.0
1238 235.0
1239 235.0
1240 235.0
1241 235.0
1242 235.0
1243 235.0
1244 235.0
1245 235.0
1246 235.0
1247 235.0
1248 235.0
1249 235.0
1250 235.0
1251 235.0
1252 219.0
1253 38.61463
1254 219.0
1255 219.0
1256 0.0
1257 219.0
1258 163.93513
1259 32.0
1260 219.0
1261 219.0
1262 38.61463
1263 235.0
1264 235.0
1265 98.682686
1266 32.0
1267 235.0
1268 219.0
1269 32.0
1270 219.0
1271 0.0
1272 163.89404
1273 32.0
1274 235.0
1275 219.0
1276 315.0
1277 235.0
1278 219.0
1279 180.26418
1280 235.0
1281 0.0
1282 219.0
1283 245.66351
1284 219.0
1285 235.0
1286 169.6173
1287 235.0
1288 30.8
1289 219.0
1290 219.0
1291 235.0
1292 38.61463
1293 98.60904
1294 220.134
1295 219.0
1296 38.61463
1297 219.0
1298 219.0
1299 38.61463
1300 235.0
1301 32.0
1302 315.0
1303 315.0
1304 315.0
1305 315.0
1306 315.0
1307 315.0
1308 315.0
1309 315.0
1310 315.0
1311 315.0
1312 315.0
1313 315.0
1314 315.0
1315 265.43503
1316 245.66351
1317 236.134
1318 236.134
1319 236.134
1320 236.134
1321 236.134
1322 236.134
1323 235.0
1324 235.0
1325 235.0
1326 235.0
1327 235.0
1328 235.0
1329 235.0
1330 235.0
1331 235.0
1332 235.0
1333 235.0
1334 235.0
1335 235.0
1336 235.0
1337 235.0
1338 235.0
1339 235.0
1340 235.0
1341 235.0
1342 235.0
1343 235.0
1344 235.0
1345 235.0
1346 235.0
1347 235.0
1348 235.0
1349 235.0
1350 235.0
1351 235.0
1352 32.0
1353 219.0
1354 158.85448
1355 169.5441
1356 219.0
1357 33.134
1358 235.0
1359 235.0
1360 158.85446
1361 235.0
1362 169.5441
1363 315.0
1364 32.0
1365 219.0
1366 219.0
1367 32.0
1368 219.0
1369 32.0
1370 32.0
1371 220.134
1372 1.1340001
1373 235.0
1374 235.0
1375 236.134
1376 158.85448
1377 219.0
1378 235.0
1379 114.92915
1380 219.0
1381 235.0
1382 235.0
1383 158.85446
1384 0.0
1385 32.0
1386 219.0
1387 38.61463
1388 0.0
1389 0.0
1390 219.0
1391 32.0
1392 219.0
1393 219.0
1394 219.0
1395 219.0
1396 235.0
1397 235.0
1398 219.0
1399 219.0
1400 32.0
1401 219.0
1402 315.0
1403 315.0
1404 315.0
1405 315.0
1406 315.0
1407 315.0
1408 315.0
1409 315.0
1410 315.0
1411 315.0
1412 315.0
1413 315.0
1414 315.0
1415 315.0
1416 265.43503
1417 245.66351
1418 236.134
1419 236.134
1420 236.134
1421 236.134
1422 236.134
1423 236.134
1424 236.134
1425 235.0
1426 235.0
1427 235.0
1428 235.0
1429 235.0
1430 235.0
1431 235.0
1432 235.0
1433 235.0
1434 235.0
1435 235.0
1436 235.0
1437 235.0
1438 235.0
1439 235.0
1440 235.0
1441 235.0
1442 235.0
1443 235.0
1444 235.0
1445 235.0
1446 235.0
1447 235.0
1448 235.0
1449 235.0
1450 235.0
1451 235.0
1452 49.285866
1453 104.07178
1454 32.0
1455 219.0
1456 235.0
1457 158.85446
1458 0.0
1459 235.0
1460 38.61463
1461 158.85446
1462 219.0
1463 25.385368
1464 219.0
1465 315.0
1466 235.0
1467 43.988956
1468 220.134
1469 219.0
1470 219.0
1471 32.0
1472 235.0
1473 219.0
1474 219.0
1475 219.0
1476 0.0
1477 219.0
1478 158.85446
1479 235.0
1480 25.385368
1481 219.0
1482 38.61463
1483 32.0
1484 219.0
1485 0.0
1486 202.31386
1487 219.0
1488 219.0
1489 158.85448
1490 219.0
1491 38.61463
1492 192.80338
1493 38.61463
1494 32.0
1495 32.0
1496 235.0
1497 38.61463
1498 169.5441
1499 25.385368
1500 209.91966
1501 219.0
1502 315.0
1503 315.0
1504 315.0
1505 315.0
1506 315.0
1507 315.0
1508 315.0
1509 315.0
1510 315.0
1511 315.0
1512 315.0
1513 315.0
1514 315.0
1515 315.0
1516 315.0
1517 265.43503
1518 245.66351
1519 236.134
1520 236.134
1521 236.134
1522 236.134
1523 236.134
1524 236.134
1525 236.134
1526 235.0
1527 235.0
1528 235.0
1529 235.0
1530 235.0
1531 235.0
1532 235.0
1533 235.0
1534 235.0
1535 235.0
1536 235.0
1537 235.0
1538 235.0
1539 235.0
1540 235.0
1541 235.0
1542 235.0
1543 235.0
1544 235.0
1545 235.0
1546 235.0
1547 235.0
1548 235.0
1549 235.0
1550 235.0
1551 235.0
1552 219.0
1553 32.0
1554 235.0
1555 236.134
1556 32.0
1557 25.385368
1558 38.61463
1559 219.0
1560 103.940704
1561 315.0
1562 38.61463
1563 219.0
1564 219.0
1565 0.0
1566 219.0
1567 219.0
1568 43.988956
1569 0.0
1570 32.0
1571 219.0
1572 219.0
1573 32.0
1574 32.0
1575 32.0
1576 236.134
1577 32.0
1578 219.0
1579 32.0
1580 219.0
1581 235.0
1582 236.134
1583 235.0
1584 235.0
1585 235.0
1586 38.61463
1587 33.134
1588 235.0
1589 235.0
1590 103.940704
1591 235.0
1592 235.0
1593 169.5441
1594 38.61463
1595 220.134
1596 202.11772
1597 219.0
1598 235.0
1599 219.0
1600 219.0
1601 219.0
1602 315.0
1603 315.0
1604 315.0
1605 315.0
1606 315.0
1607 315.0
1608 315.0
1609 315.0
1610 315.0
1611 315.0
1612 315.0
1613 315.0
1614 315.0
1615 315.0
1616 315.0
1617 315.0
1618 265.43503
1619 245.66351
1620 236.134
1621 236.134
1622 236.134
1623 236.134
1624 236.134
1625 236.134
1626 236.134
1627 236.134
1628 236.134
1629 236.134
1630 235.0
1631 235.0
1632 235.0
1633 235.0
1634 235.0
1635 235.0
1636 235.0
1637 235.0
1638 235.0
1639 235.0
1640 235.0
1641 235.0
1642 235.0
1643 235.0
1644 235.0
1645 235.0
1646 235.0
1647 235.0
1648 235.0
1649 235.0
1650 235.0
1651 235.0
1652 219.0
1653 219.0
1654 169.6173
1655 219.0
1656 220.134
1657 219.0
1658 219.0
1659 30.8
1660 235.0
1661 315.0
1662 32.0
1663 315.0
1664 219.0
1665 0.0
1666 219.0
1667 33.134
1668 235.0
1669 163.9763
1670 219.0
1671 32.0
1672 1.1340001
1673 219.0
1674 0.0
1675 33.134
1676 219.0
1677 219.0
1678 219.0
1679 32.0
1680 219.0
1681 219.0
1682 219.0
1683 235.0
1684 219.0
1685 180.35031
1686 235.0
1687 235.0
1688 219.0
1689 6.6146307
1690 32.0
1691 30.8
1692 0.0
1693 219.0
1694 38.61463
1695 219.0
1696 33.134
1697 235.0
1698 235.0
1699 235.0
1700 235.0
1701 235.0
1702 315.0
1703 315.0
1704 315.0
1705 315.0
1706 315.0
1707 315.0
1708 315.0
1709 315.0
1710 315.0
1711 315.0
1712 315.0
1713 315.0
1714 315.0
1715 315.0
1716 315.0
1717 315.0
1718 315.0
1719 315.0
1720 265.43503
1721 245.66351
1722 236.134
1723 236.134
1724 236.134
1725 236.134
1726 236.134
1727 236.134
1728 236.134
1729 236.134
1730 236.134
1731 236.134
1732 235.0
1733 235.0
1734 235.0
1735 235.0
1736 235.0
1737 235.0
1738 235.0
1739 235.0
1740 235.0
1741 235.0
1742 235.0
1743 235.0
1744 235.0
1745 235.0
1746 235.0
1747 235.0
1748 235.0
1749 235.0
1750 235.0
1751 235.0
1752 32.0
1753 219.0
1754 219.0
1755 44.155464
1756 0.0
1757 315.0
1758 0.0
1759 219.0
1760 219.0
1761 32.0
1762 235.0
1763 169.5441
1764 267.77554
1765 219.0
1766 219.0
1767 219.0
1768 38.61463
1769 219.0
1770 235.0
1771 219.0
1772 32.0
1773 98.60904
1774 32.0
1775 235.0
1776 219.0
1777 104.07178
1778 158.85448
1779 220.134
1780 236.134
1781 1.1340001
1782 169.6173
1783 219.0
1784 235.0
1785 44.155464
1786 235.0
1787 194.23479
1788 219.0
1789 236.134
1790 38.61463
1791 219.0
1792 219.0
1793 235.0
1794 0.0
1795 219.0
1796 219.0
1797 235.0
1798 219.0
1799 38.61463
1800 235.0
1801 219.0
1802 315.0
1803 315.0
1804 315.0
1805 315.0
1806 315.0
1807 315.0
1808 315.0
1809 315.0
1810 315.0
1811 315.0
1812 315.0
1813 315.0
1814 315.0
1815 315.0
1816 315.0
1817 315.0
1818 315.0
1819 315.0
1820 315.0
1821 267.77554
1822 265.43503
1823 245.66351
1824 236.134
1825 236.134
1826 236.134
1827 236.134
1828 236.134
1829 236.134
1830 236.134
1831 236.134
1832 236.134
1833 236.134
1834 236.134
1835 236.134
1836 235.0
1837 235.0
1838 235.0
1839 235.0
1840 235.0
1841 235.0
1842 235.0
1843 235.0
1844 235.0
1845 235.0
1846 235.0
1847 235.0
1848 235.0
1849 235.0
1850 235.0
1851 235.0
1852 38.61463
1853 219.0
1854 235.0
1855 219.0
1856 25.385368
1857 169.5441
1858 219.0
1859 219.0
1860 38.61463
1861 169.70625
1862 219.0
1863 38.61463
1864 32.0
1865 235.0
1866 169.6173
1867 32.0
1868 315.0
1869 315.0
1870 315.0
1871 247.34055
1872 30.866
1873 104.00625
1874 219.0
1875 235.0
1876 219.0
1877 192.80338
1878 316.134
1879 236.134
1880 236.134
1881 219.0
1882 169.58069
1883 219.0
1884 235.0
1885 236.134
1886 235.0
1887 235.0
1888 236.134
1889 220.134
1890 38.61463
1891 219.0
1892 1.1340001
1893 235.0
1894 315.0
1895 219.0
1896 25.385368
1897 219.0
1898 219.0
1899 169.5441
1900 180.3962
1901 32.0
1902 316.134
1903 316.134
1904 315.0
1905 315.0
1906 315.0
1907 315.0
1908 315.0
1909 315.0
1910 315.0
1911 315.0
1912 315.0
1913 315.0
1914 315.0
1915 315.0
1916 315.0
1917 315.0
1918 315.0
1919 315.0
1920 315.0
1921 315.0
1922 315.0
1923 315.0
1924 315.0
1925 315.0
1926 315.0
1927 267.77554
1928 265.43503
1929 247.34055
1930 245.66351
1931 236.134
1932 236.134
1933 236.134
1934 236.134
1935 236.134
1936 236.134
1937 236.134
1938 236.134
1939 236.134
1940 236.134
1941 236.134
1942 236.134
1943 236.134
1944 236.134
1945 236.134
1946 236.134
1947 235.0
1948 235.0
1949 235.0
1950 235.0
1951 235.0
1952 235.0
1953 32.0
1954 219.0
1955 315.0
1956 219.0
1957 32.0
1958 49.285866
1959 32.0
1960 32.0
1961 158.85446
1962 32.0
1963 219.0
1964 219.0
1965 219.0
1966 219.0
1967 219.0
1968 220.134
1969 219.0
1970 33.134
1971 0.0
1972 219.0
1973 235.0
1974 315.0
1975 32.0
1976 315.0
1977 219.0
1978 219.0
1979 169.6173
1980 163.93513
1981 235.0
1982 236.134
1983 219.0
1984 235.0
1985 32.0
1986 235.0
1987 236.134
1988 220.134
1989 236.134
1990 0.0
1991 163.93513
1992 32.0
1993 219.0
1994 219.0
1995 32.0
1996 104.00625
1997 235.0
1998 219.0
1999 236.134
2000 38.61463
2001 220.134
2002 209.50632
2003 316.134
2004 315.0
2005 315.0
2006 315.0
2007 315.0
2008 315.0
2009 315.0
2010 315.0
2011 315.0
2012 315.0
2013 315.0
2014 315.0
2015 315.0
2016 315.0
2017 315.0
2018 315.0
2019 315.0
2020 315.0
2021 315.0
2022 315.0
2023 315.0
2024 315.0
2025 315.0
2026 315.0
2027 315.0
2028 315.0
2029 315.0
2030 267.77554
2031 265.43503
2032 247.34055
2033 245.66351
2034 236.134
2035 236.134
2036 236.134
2037 236.134
2038 236.134
2039 236.134
2040 236.134
2041 236.134
2042 236.134
2043 236.134
2044 236.134
2045 236.134
2046 236.134
2047 236.134
2048 236.134
2049 236.134
2050 236.134
2051 236.134
2052 236.134
2053 315.0
2054 0.0
2055 153.2265
2056 219.0
2057 6.6146307
2058 315.0
2059 235.0
2060 32.0
2061 315.0
2062 219.0
2063 219.0
2064 219.0
2065 219.0
2066 32.0
2067 219.0
2068 32.0
2069 32.0
2070 158.85446
2071 33.134
2072 250.07492
2073 219.0
2074 0.0
2075 32.0
2076 219.0
2077 33.186275
2078 219.0
2079 219.0
2080 315.0
2081 219.0
2082 30.866
2083 33.134
2084 219.0
2085 220.134
2086 25.385366
2087 235.0
2088 220.134
2089 219.0
2090 235.0
2091 32.0
2092 38.61463
2093 219.0
2094 236.134
2095 235.0
2096 235.0
2097 220.134
2098 98.60904
2099 236.134
2100 236.134
2101 236.134
2102 169.6173
2103 316.134
2104 315.0
2105 315.0
2106 315.0
2107 315.0
2108 315.0
2109 315.0
2110 315.0
2111 315.0
2112 315.0
2113 315.0
2114 315.0
2115 315.0
2116 315.0
2117 315.0
2118 315.0
2119 315.0
2120 315.0
2121 315.0
2122 315.0
2123 315.0
2124 315.0
2125 315.0
2126 315.0
2127 315.0
2128 315.0
2129 315.0
2130 315.0
2131 315.0
2132 315.0
2133 315.0
2134 267.77554
2135 265.43503
2136 250.07492
2137 247.34055
2138 245.66351
2139 236.134
2140 236.134
2141 236.134
2142 236.134
2143 236.134
2144 236.134
2145 236.134
2146 236.134
2147 236.134
2148 236.134
2149 236.134
2150 236.134
2151 236.134
2152 236.134
2153 219.0
2154 315.0
2155 219.0
2156 158.85446
2157 32.0
2158 44.155464
2159 0.0
2160 235.0
2161 0.0
2162 219.0
2163 33.134
2164 219.0
2165 236.134
2166 219.0
2167 87.59094
2168 219.0
2169 219.0
2170 219.0
2171 219.0
2172 235.0
2173 0.0
2174 219.0
2175 235.0
2176 219.0
2177 315.0
2178 38.61463
2179 6.6146307
2180 219.0
2181 219.0
2182 38.61463
2183 219.0
2184 219.0
2185 0.0
2186 235.0
2187 235.0
2188 98.682686
2189 93.37531
2190 44.155464
2191 235.0
2192 33.134
2193 219.0
2194 32.0
2195 219.0
2196 236.134
2197 219.0
2198 104.00625
2199 98.60904
2200 220.134
2201 98.682686
2202 163.93513
2203 316.134
2204 315.0
2205 315.0
2206 315.0
2207 315.0
2208 315.0
2209 315.0
2210 315.0
2211 315.0
2212 315.0
2213 315.0
2214 315.0
2215 315.0
2216 315.0
2217 315.0
2218 315.0
2219 315.0
2220 315.0
2221 315.0
2222 315.0
2223 315.0
2224 315.0
2225 315.0
2226 315.0
2227 315.0
2228 315.0
2229 315.0
2230 315.0
2231 315.0
2232 315.0
2233 315.0
2234 315.0
2235 315.0
2236 267.77554
2237 265.43503
2238 250.07492
2239 247.34055
2240 245.66351
2241 236.134
2242 236.134
2243 236.134
2244 236.134
2245 236.134
2246 236.134
2247 236.134
2248 236.134
2249 236.134
2250 236.134
2251 236.134
2252 236.134
2253 25.385368
2254 235.0
2255 219.0
2256 315.0
2257 219.0
2258 235.0
2259 235.0
2260 235.0
2261 315.0
2262 174.73912
2263 219.0
2264 315.0
2265 174.73912
2266 219.0
2267 38.61463
2268 315.0
2269 219.0
2270 219.0
2271 316.134
2272 6.6146307
2273 32.0
2274 0.0
2275 220.134
2276 219.0
2277 315.0
2278 236.134
2279 38.61463
2280 235.0
2281 219.0
2282 235.0
2283 235.0
2284 158.85448
2285 32.0
2286 316.134
2287 235.0
2288 255.58147
2289 32.0
2290 38.61463
2291 236.134
2292 98.682686
2293 235.0
2294 44.155464
2295 32.0
2296 219.0
2297 30.866
2298 236.134
2299 235.0
2300 33.134
2301 219.0
2302 98.682686
2303 316.134
2304 316.134
2305 316.134
2306 315.0
2307 315.0
2308 315.0
2309 315.0
2310 315.0
2311 315.0
2312 315.0
2313 315.0
2314 315.0
2315 315.0
2316 315.0
2317 315.0
2318 315.0
2319 315.0
2320 315.0
2321 315.0
2322 315.0
2323 315.0
2324 315.0
2325 315.0
2326 315.0
2327 315.0
2328 315.0
2329 315.0
2330 315.0
2331 315.0
2332 315.0
2333 315.0
2334 315.0
2335 315.0
2336 315.0
2337 315.0
2338 315.0
2339 315.0
2340 315.0
2341 315.0
2342 315.0
2343 267.77554
2344 265.43503
2345 255.58147
2346 250.07492
2347 247.34055
2348 245.66351
2349 236.134
2350 236.134
2351 236.134
2352 236.134
2353 315.0
2354 267.69336
2355 219.0
2356 219.0
2357 315.0
2358 30.866
2359 219.0
2360 6.6146307
2361 0.0
2362 109.468094
2363 219.0
2364 315.0
2365 219.0
2366 236.134
2367 30.866
2368 219.0
2369 235.0
2370 315.0
2371 315.0
2372 235.0
2373 315.0
2374 219.0
2375 32.0
2376 220.134
2377 219.0
2378 262.3812
2379 32.0
2380 32.0
2381 219.0
2382 315.0
2383 219.0
2384 315.0
2385 191.2754
2386 30.8
2387 219.0
2388 219.0
2389 0.0
2390 236.134
2391 235.0
2392 38.61463
2393 236.134
2394 0.0
2395 255.42603
2396 236.134
2397 0.0
2398 33.134
2399 219.0
2400 30.866
2401 235.0
2402 219.0
2403 316.134
2404 316.134
2405 316.134
2406 315.0
2407 315.0
2408 315.0
2409 315.0
2410 315.0
2411 315.0
2412 315.0
2413 315.0
2414 315.0
2415 315.0
2416 315.0
2417 315.0
2418 315.0
2419 315.0
2420 315.0
2421 315.0
2422 315.0
2423 315.0
2424 315.0
2425 315.0
2426 315.0
2427 315.0
2428 315.0
2429 315.0
2430 315.0
2431 315.0
2432 315.0
2433 315.0
2434 315.0
2435 315.0
2436 315.0
2437 315.0
2438 315.0
2439 315.0
2440 315.0
2441 315.0
2442 315.0
2443 315.0
2444 315.0
2445 315.0
2446 315.0
2447 315.0
2448 315.0
2449 315.0
2450 315.0
2451 267.77554
2452 267.69336
2453 255.15167
2454 315.0
2455 169.6173
2456 30.866
2457 180.3962
2458 32.0
2459 25.385368
2460 219.0
2461 316.134
2462 219.0
2463 219.0
2464 219.0
2465 219.0
2466 235.0
2467 315.0
2468 33.134
2469 235.0
2470 315.0
2471 315.0
2472 315.0
2473 315.0
2474 30.866
2475 219.0
2476 219.0
2477 236.134
2478 219.0
2479 32.0
2480 235.0
2481 235.0
2482 219.0
2483 219.0
2484 32.0
2485 219.0
2486 219.0
2487 235.0
2488 219.0
2489 219.0
2490 315.0
2491 235.0
2492 32.0
2493 0.0
2494 219.0
2495 219.0
2496 315.0
2497 219.0
2498 98.60904
2499 219.0
2500 25.385368
2501 236.134
2502 316.134
2503 316.134
2504 316.134
2505 316.134
2506 316.134
2507 316.134
2508 315.0
2509 315.0
2510 315.0
2511 315.0
2512 315.0
2513 315.0
2514 315.0
2515 315.0
2516 315.0
2517 315.0
2518 315.0
2519 315.0
2520 315.0
2521 315.0
2522 315.0
2523 315.0
2524 315.0
2525 315.0
2526 315.0
2527 315.0
2528 315.0
2529 315.0
2530 315.0
2531 315.0
2532 315.0
2533 315.0
2534 315.0
2535 315.0
2536 315.0
2537 315.0
2538 315.0
2539 315.0
2540 315.0
2541 315.0
2542 315.0
2543 315.0
2544 315.0
2545 315.0
2546 315.0
2547 315.0
2548 315.0
2549 315.0
2550 315.0
2551 315.0
2552 315.0
2553 235.0
2554 30.866
2555 316.134
2556 315.0
2557 235.0
2558 38.61463
2559 219.0
2560 38.61463
2561 32.0
2562 219.0
2563 315.0
2564 33.134
2565 219.0
2566 235.0
2567 32.0
2568 0.0
2569 219.0
2570 219.0
2571 235.0
2572 235.0
2573 219.0
2574 32.0
2575 315.0
2576 0.0
2577 191.53334
2578 32.0
2579 219.0
2580 38.61463
2581 32.0
2582 219.0
2583 206.92381
2584 235.0
2585 219.0
2586 219.0
2587 0.0
2588 219.0
2589 315.0
2590 147.72139
2591 315.0
2592 219.0
2593 235.0
2594 219.0
2595 236.134
2596 219.0
2597 219.0
2598 158.85446
2599 219.0
2600 219.0
2601 32.0
2602 219.0
2603 316.134
2604 316.134
2605 316.134
2606 316.134
2607 316.134
2608 316.134
2609 315.0
2610 315.0
2611 315.0
2612 315.0
2613 315.0
2614 315.0
2615 315.0
2616 315.0
2617 315.0
2618 315.0
2619 315.0
2620 315.0
2621 315.0
2622 315.0
2623 315.0
2624 315.0
2625 315.0
2626 315.0
2627 315.0
2628 315.0
2629 315.0
2630 315.0
2631 315.0
2632 315.0
2633 315.0
2634 315.0
2635 315.0
2636 315.0
2637 315.0
2638 315.0
2639 315.0
2640 315.0
2641 315.0
2642 315.0
2643 315.0
2644 315.0
2645 315.0
2646 315.0
2647 315.0
2648 315.0
2649 315.0
2650 315.0
2651 315.0
2652 315.0
2653 220.134
2654 0.0
2655 315.0
2656 32.0
2657 315.0
2658 316.134
2659 219.0
2660 219.0
2661 219.0
2662 235.0
2663 235.0
2664 219.0
2665 219.0
2666 30.866
2667 219.0
2668 236.134
2669 219.0
2670 219.0
2671 32.0
2672 267.74304
2673 315.0
2674 33.134
2675 0.0
2676 38.61463
2677 219.0
2678 268.30856
2679 219.0
2680 235.0
2681 235.0
2682 235.0
2683 316.134
2684 38.61463
2685 235.0
2686 315.0
2687 38.61463
2688 219.0
2689 235.0
2690 236.134
2691 43.988956
2692 315.0
2693 32.0
2694 219.0
2695 38.61463
2696 219.0
2697 32.0
2698 38.61463
2699 316.134
2700 32.0
2701 236.134
2702 38.61463
2703 316.134
2704 316.134
2705 316.134
2706 316.134
2707 316.134
2708 316.134
2709 316.134
2710 316.134
2711 316.134
2712 315.0
2713 315.0
2714 315.0
2715 315.0
2716 315.0
2717 315.0
2718 315.0
2719 315.0
2720 315.0
2721 315.0
2722 315.0
2723 315.0
2724 315.0
2725 315.0
2726 315.0
2727 315.0
2728 315.0
2729 315.0
2730 315.0
2731 315.0
2732 315.0
2733 315.0
2734 315.0
2735 315.0
2736 315.0
2737 315.0
2738 315.0
2739 315.0
2740 315.0
2741 315.0
2742 315.0
2743 315.0
2744 315.0
2745 315.0
2746 315.0
2747 315.0
2748 315.0
2749 315.0
2750 315.0
2751 315.0
2752 315.0
2753 316.134
2754 0.0
2755 236.134
2756 235.0
2757 219.0
2758 219.0
2759 219.0
2760 219.0
2761 219.0
2762 219.0
2763 219.0
2764 219.0
2765 219.0
2766 251.44574
2767 220.134
2768 219.0
2769 315.0
2770 219.0
2771 235.0
2772 235.0
2773 0.0
2774 219.0
2775 219.0
2776 235.0
2777 219.0
2778 316.134
2779 219.0
2780 180.3962
2781 316.134
2782 32.0
2783 219.0
2784 219.0
2785 98.60904
2786 315.0
2787 235.0
2788 93.37531
2789 32.0
2790 30.866
2791 32.0
2792 219.0
2793 0.0
2794 235.0
2795 235.0
2796 169.58069
2797 38.61463
2798 219.0
2799 38.61463
2800 315.0
2801 235.0
2802 93.37531
2803 316.134
2804 316.134
2805 316.134
2806 316.134
2807 316.134
2808 316.134
2809 316.134
2810 316.134
2811 316.134
2812 316.134
2813 316.134
2814 316.134
2815 315.0
2816 315.0
2817 315.0
2818 315.0
2819 315.0
2820 315.0
2821 315.0
2822 315.0
2823 315.0
2824 315.0
2825 315.0
2826 315.0
2827 315.0
2828 315.0
2829 315.0
2830 315.0
2831 315.0
2832 315.0
2833 315.0
2834 315.0
2835 315.0
2836 315.0
2837 315.0
2838 315.0
2839 315.0
2840 315.0
2841 315.0
2842 315.0
2843 315.0
2844 315.0
2845 315.0
2846 315.0
2847 315.0
2848 315.0
2849 315.0
2850 315.0
2851 315.0
2852 315.0
2853 316.134
2854 236.134
2855 315.0
2856 219.0
2857 219.0
2858 236.134
2859 169.6173
2860 267.9333
2861 219.0
2862 235.0
2863 32.0
2864 315.0
2865 235.0
2866 235.0
2867 25.385368
2868 44.155464
2869 219.0
2870 262.34457
2871 93.37531
2872 235.0
2873 38.61463
2874 219.0
2875 235.0
2876 219.0
2877 219.0
2878 33.134
2879 219.0
2880 235.0
2881 315.0
2882 219.0
2883 219.0
2884 30.866
2885 235.0
2886 30.866
2887 226.37122
2888 315.0
2889 32.0
2890 33.186275
2891 219.0
2892 32.0
2893 32.0
2894 49.285866
2895 315.0
2896 315.0
2897 315.0
2898 315.0
2899 315.0
2900 25.385368
2901 219.0
2902 235.0
2903 316.134
2904 316.134
2905 316.134
2906 316.134
2907 316.134
2908 316.134
2909 316.134
2910 316.134
2911 316.134
2912 316.134
2913 316.134
2914 316.134
2915 316.134
2916 315.0
2917 315.0
2918 315.0
2919 315.0
2920 315.0
2921 315.0
2922 315.0
2923 315.0
2924 315.0
2925 315.0
2926 315.0
2927 315.0
2928 315.0
2929 315.0
2930 315.0
2931 315.0
2932 315.0
2933 315.0
2934 315.0
2935 315.0
2936 315.0
2937 315.0
2938 315.0
2939 315.0
2940 315.0
2941 315.0
2942 315.0
2943 315.0
2944 315.0
2945 315.0
2946 315.0
2947 315.0
2948 315.0
2949 315.0
2950 315.0
2951 315.0
2952 315.0
2953 235.0
2954 38.61463
2955 0.0
2956 219.0
2957 219.0
2958 25.385368
2959 32.0
2960 219.0
2961 235.0
2962 219.0
2963 219.0
2964 219.0
2965 316.134
2966 191.53334
2967 218.05005
2968 235.0
2969 235.0
2970 315.0
2971 38.61463
2972 219.0
2973 219.0
2974 219.0
2975 262.32327
2976 30.866
2977 219.0
2978 245.64246
2979 38.61463
2980 219.0
2981 235.0
2982 219.0
2983 219.0
2984 235.0
2985 236.134
2986 315.0
2987 219.0
2988 104.07178
2989 235.0
2990 0.0
2991 315.0
2992 219.0
2993 93.37531
2994 235.0
2995 33.134
2996 315.0
2997 235.0
2998 315.0
2999 316.134
3000 219.0
3001 315.0
3002 219.0
3003 316.134
3004 316.134
3005 316.134
3006 316.134
3007 316.134
3008 316.134
3009 316.134
3010 316.134
3011 316.134
3012 316.134
3013 316.134
3014 316.134
3015 316.134
3016 316.134
3017 316.134
3018 315.0
3019 315.0
3020 315.0
3021 315.0
3022 315.0
3023 315.0
3024 315.0
3025 315.0
3026 315.0
3027 315.0
3028 315.0
3029 315.0
3030 315.0
3031 315.0
3032 315.0
3033 315.0
3034 315.0
3035 315.0
3036 315.0
3037 315.0
3038 315.0
3039 315.0
3040 315.0
3041 315.0
3042 315.0
3043 315.0
3044 315.0
3045 315.0
3046 315.0
3047 315.0
3048 315.0
3049 315.0
3050 315.0
3051 315.0
3052 315.0
3053 33.134
3054 316.134
3055 235.0
3056 104.07178
3057 158.85448
3058 236.134
3059 256.27988
3060 219.0
3061 219.0
3062 25.385368
3063 235.0
3064 249.63773
3065 219.0
3066 219.0
3067 316.134
3068 219.0
3069 219.0
3070 219.0
3071 236.134
3072 219.0
3073 0.0
3074 220.134
3075 315.0
3076 219.0
3077 315.0
3078 32.0
3079 32.0
3080 315.0
3081 219.0
3082 219.0
3083 191.21848
3084 315.0
3085 219.0
3086 219.0
3087 235.0
3088 219.0
3089 219.0
3090 169.5441
3091 315.0
3092 236.134
3093 38.61463
3094 219.0
3095 219.0
3096 219.0
3097 235.0
3098 219.0
3099 32.0
3100 235.0
3101 219.0
3102 93.37531
3103 316.134
3104 316.134
3105 316.134
3106 316.134
3107 316.134
3108 316.134
3109 316.134
3110 316.134
3111 316.134
3112 316.134
3113 316.134
3114 316.134
3115 316.134
3116 316.134
3117 316.134
3118 316.134
3119 316.134
3120 315.0
3121 315.0
3122 315.0
3123 315.0
3124 315.0
3125 315.0
3126 315.0
3127 315.0
3128 315.0
3129 315.0
3130 315.0
3131 315.0
3132 315.0
3133 315.0
3134 315.0
3135 315.0
3136 315.0
3137 315.0
3138 315.0
3139 315.0
3140 315.0
3141 315.0
3142 315.0
3143 315.0
3144 315.0
3145 315.0
3146 315.0
3147 315.0
3148 315.0
3149 315.0
3150 315.0
3151 315.0
3152 315.0
3153 316.134
3154 219.0
3155 219.0
3156 219.0
3157 191.32262
3158 257.79288
3159 219.0
3160 315.0
3161 219.0
3162 315.0
3163 219.0
3164 316.134
3165 316.134
3166 262.15915
3167 236.134
3168 316.134
3169 219.0
3170 0.0
3171 189.0646
3172 32.0
3173 315.0
3174 219.0
3175 163.93513
3176 236.134
3177 0.0
3178 32.0
3179 33.134
3180 219.0
3181 202.13202
3182 219.0
3183 169.5441
3184 32.0
3185 158.85448
3186 219.0
3187 32.0
3188 0.0
3189 219.0
3190 219.0
3191 219.0
3192 315.0
3193 235.0
3194 219.0
3195 315.0
3196 219.0
3197 32.0
3198 236.134
3199 219.0
3200 315.0
3201 219.0
3202 236.134
3203 316.134
3204 316.134
3205 316.134
3206 316.134
3207 316.134
3208 316.134
3209 316.134
3210 316.134
3211 316.134
3212 316.134
3213 316.134
3214 316.134
3215 316.134
3216 316.134
3217 316.134
3218 316.134
3219 316.134
3220 316.134
3221 316.134
3222 316.134
3223 316.134
3224 315.0
3225 315.0
3226 315.0
3227 315.0
3228 315.0
3229 315.0
3230 315.0
3231 315.0
3232 315.0
3233 315.0
3234 315.0
3235 315.0
3236 315.0
3237 315.0
3238 315.0
3239 315.0
3240 315.0
3241 315.0
3242 315.0
3243 315.0
3244 315.0
3245 315.0
3246 315.0
3247 315.0
3248 315.0
3249 315.0
3250 315.0
3251 315.0
3252 315.0
3253 219.0
3254 219.0
3255 315.0
3256 315.0
3257 169.6173
3258 236.134
3259 236.134
3260 219.0
3261 235.0
3262 316.134
3263 316.134
3264 219.0
3265 315.0
3266 32.0
3267 219.0
3268 316.134
3269 315.0
3270 316.134
3271 236.134
3272 219.0
3273 219.0
3274 49.285866
3275 315.0
3276 219.0
3277 235.0
3278 235.0
3279 219.0
3280 219.0
3281 315.0
3282 315.0
3283 315.0
3284 235.0
3285 316.134
3286 316.134
3287 163.97629
3288 38.61463
3289 219.0
3290 219.0
3291 174.73912
3292 219.0
3293 219.0
3294 207.47125
3295 315.0
3296 315.0
3297 98.682686
3298 163.93513
3299 219.0
3300 219.0
3301 114.92915
3302 219.0
3303 316.134
3304 316.134
3305 316.134
3306 316.134
3307 316.134
3308 316.134
3309 316.134
3310 316.134
3311 316.134
3312 316.134
3313 316.134
3314 316.134
3315 316.134
3316 316.134
3317 316.134
3318 316.134
3319 316.134
3320 316.134
3321 316.134
3322 316.134
3323 316.134
3324 316.134
3325 316.134
3326 316.134
3327 316.134
3328 316.134
3329 316.134
3330 315.0
3331 315.0
3332 315.0
3333 315.0
3334 315.0
3335 315.0
3336 315.0
3337 315.0
3338 315.0
3339 315.0
3340 315.0
3341 315.0
3342 315.0
3343 315.0
3344 315.0
3345 315.0
3346 315.0
3347 315.0
3348 315.0
3349 315.0
3350 315.0
3351 315.0
3352 315.0
3353 236.134
3354 315.0
3355 219.0
3356 254.72131
3357 158.85448
3358 236.134
3359 235.0
3360 316.134
3361 316.134
3362 0.0
3363 315.0
3364 315.0
3365 220.134
3366 236.134
3367 174.73912
3368 219.0
3369 32.0
3370 236.134
3371 316.134
3372 219.0
3373 236.134
3374 235.0
3375 235.0
3376 316.134
3377 236.134
3378 219.0
3379 236.134
3380 220.134
3381 315.0
3382 219.0
3383 236.134
3384 38.61463
3385 219.0
3386 219.0
3387 180.3962
3388 219.0
3389 235.0
3390 315.0
3391 219.0
3392 219.0
3393 235.0
3394 219.0
3395 147.72139
3396 245.90117
3397 219.0
3398 219.0
3399 38.61463
3400 235.0
3401 219.0
3402 33.134
3403 316.134
3404 316.134
3405 316.134
3406 316.134
3407 316.134
3408 316.134
3409 316.134
3410 316.134
3411 316.134
3412 316.134
3413 316.134
3414 316.134
3415 316.134
3416 316.134
3417 316.134
3418 316.134
3419 316.134
3420 316.134
3421 316.134
3422 316.134
3423 316.134
3424 316.134
3425 316.134
3426 316.134
3427 316.134
3428 316.134
3429 316.134
3430 316.134
3431 316.134
3432 316.134
3433 316.134
3434 315.0
3435 315.0
3436 315.0
3437 315.0
3438 315.0
3439 315.0
3440 315.0
3441 315.0
3442 315.0
3443 315.0
3444 315.0
3445 315.0
3446 315.0
3447 315.0
3448 315.0
3449 315.0
3450 315.0
3451 315.0
3452 315.0
3453 219.0
3454 315.0
3455 38.850822
3456 38.61463
3457 30.866
3458 315.0
3459 219.0
3460 235.0
3461 235.0
3462 255.1982
3463 315.0
3464 219.0
3465 235.0
3466 32.0
3467 235.0
3468 235.0
3469 316.134
3470 219.0
3471 236.134
3472 219.0
3473 254.6325
3474 219.0
3475 219.0
3476 236.134
3477 219.0
3478 316.134
3479 316.134
3480 32.0
3481 315.0
3482 219.0
3483 219.0
3484 236.134
3485 158.85446
3486 235.0
3487 219.0
3488 266.0909
3489 158.85446
3490 25.385368
3491 219.0
3492 315.0
3493 235.0
3494 315.0
3495 316.134
3496 207.39551
3497 32.0
3498 316.134
3499 219.0
3500 219.0
3501 235.0
3502 25.385368
3503 316.134
3504 316.134
3505 316.134
3506 316.134
3507 316.134
3508 316.134
3509 316.134
3510 316.134
3511 316.134
3512 316.134
3513 316.134
3514 316.134
3515 316.134
3516 316.134
3517 316.134
3518 316.134
3519 316.134
3520 316.134
3521 316.134
3522 316.134
3523 316.134
3524 316.134
3525 316.134
3526 316.134
3527 316.134
3528 316.134
3529 316.134
3530 316.134
3531 316.134
3532 316.134
3533 316.134
3534 316.134
3535 316.134
3536 316.134
3537 316.134
3538 316.134
3539 315.0
3540 315.0
3541 315.0
3542 315.0
3543 315.0
3544 315.0
3545 315.0
3546 315.0
3547 315.0
3548 315.0
3549 315.0
3550 315.0
3551 315.0
3552 315.0
3553 315.0
3554 236.134
3555 316.134
3556 219.0
3557 219.0
3558 219.0
3559 25.385368
3560 316.134
3561 316.134
3562 219.0
3563 158.85448
3564 147.72139
3565 0.0
3566 315.0
3567 236.134
3568 316.134
3569 316.134
3570 219.0
3571 315.0
3572 315.0
3573 315.0
3574 219.0
3575 235.0
3576 235.0
3577 236.134
3578 316.134
3579 219.0
3580 236.134
3581 315.0
3582 0.0
3583 32.0
3584 255.6246
3585 219.0
3586 315.0
3587 315.0
3588 316.134
3589 316.134
3590 316.134
3591 315.0
3592 32.0
3593 315.0
3594 315.0
3595 219.0
3596 25.385368
3597 202.11772
3598 315.0
3599 219.0
3600 32.0
3601 219.0
3602 315.0
3603 316.134
3604 316.134
3605 316.134
3606 316.134
3607 316.134
3608 316.134
3609 316.134
3610 316.134
3611 316.134
3612 316.134
3613 316.134
3614 316.134
3615 316.134
3616 316.134
3617 316.134
3618 316.134
3619 316.134
3620 316.134
3621 316.134
3622 316.134
3623 316.134
3624 316.134
3625 316.134
3626 316.134
3627 316.134
3628 316.134
3629 316.134
3630 316.134
3631 316.134
3632 316.134
3633 316.134
3634 316.134
3635 316.134
3636 316.134
3637 316.134
3638 316.134
3639 316.134
3640 316.134
3641 316.134
3642 316.134
3643 316.134
3644 316.134
3645 316.134
3646 316.134
3647 316.134
3648 315.0
3649 315.0
3650 315.0
3651 315.0
3652 315.0
3653 219.0
3654 235.0
3655 315.0
3656 219.0
3657 316.134
3658 219.0
3659 219.0
3660 235.0
3661 235.0
3662 237.99649
3663 315.0
3664 255.72533
3665 315.0
3666 236.134
3667 315.0
3668 219.0
3669 315.0
3670 219.0
3671 235.0
3672 0.0
3673 315.0
3674 147.72139
3675 315.0
3676 236.134
3677 158.85448
3678 316.134
3679 219.0
3680 316.134
3681 219.0
3682 315.0
3683 219.0
3684 220.134
3685 235.0
3686 316.134
3687 603.0
3688 38.61463
3689 0.0
3690 235.0
3691 0.0
3692 219.0
3693 316.134
3694 0.0
3695 273.6688
3696 236.134
3697 236.134
3698 158.85446
3699 315.0
3700 315.0
3701 32.0
3702 219.0
