1 19.266338
2 46.514458
3 16.78092
4 0.0
5 109.59291
6 121.83893
7 44.95635
8 0.0
9 25.715376
10 290.7181
11 0.0
12 0.0
13 48.44279
14 205.40794
15 252.5698
16 0.0
17 44.50227
18 299.0
19 8.382599
20 148.77174
21 0.0
22 22.114645
23 0.0
24 296.30548
25 23.620625
26 0.0
27 0.0
28 37.74653
29 154.82251
30 23.609575
31 3.656322
32 171.10799
33 6.6146307
34 164.19463
35 18.660172
36 97.06718
37 43.27348
38 20.730991
39 128.08281
40 20.541252
41 0.0
42 138.34761
43 0.0
44 5.4865203
45 2.6158545
46 87.064865
47 250.81857
48 0.0
49 31.395065
50 0.0
51 32.066
52 12.087938
53 0.0
54 25.923237
55 63.692444
56 2.5207446
57 0.0
58 88.26056
59 203.0
60 35.804745
61 192.63231
62 100.91939
63 8.878399
64 23.673218
65 25.340837
66 0.6
67 46.450623
68 109.438034
69 0.0
70 47.29974
71 17.453844
72 110.84639
73 201.13698
74 3.8316884
75 2.7432601
76 25.175827
77 21.789055
78 216.80687
79 14.784638
80 49.049335
81 60.619946
82 203.0
83 245.6754
84 44.676807
85 134.3068
86 272.61353
87 9.827406
88 110.44171
89 27.85925
90 97.13757
91 2.864483
92 28.622221
93 21.220293
94 88.30248
95 32.904125
96 17.189644
97 0.0
98 0.0
99 64.821594
100 79.66305
101 138.09666
102 199.47935
103 219.0
104 220.134
105 184.73201
106 347.0
107 125.160416
108 133.28316
109 78.627235
110 28.546722
111 155.0
112 155.0
113 74.59329
114 44.35513
115 219.0
116 203.09532
117 493.9559
118 363.0
119 171.0
120 21.054369
121 184.39285
122 306.56186
123 331.0
124 182.22668
125 92.93467
126 218.76604
127 1.1340001
128 82.55889
129 0.0
130 137.3099
131 331.0
132 321.6634
133 122.228424
134 155.6
135 155.6
136 36.44521
137 32.615765
138 155.0
139 219.0
140 219.0
141 98.02011
142 363.6
143 0.0
144 68.58444
145 224.15245
146 276.0
147 219.0
148 155.0
149 219.0
150 2.320991
151 106.19543
152 283.0
153 155.0
154 41.442097
155 82.330894
156 0.0
157 0.0
158 141.22438
159 0.0
160 74.73609
161 139.42671
162 0.0
163 331.0
164 33.10366
165 184.8941
166 152.09271
167 164.0
168 141.59695
169 83.05605
170 44.37067
171 104.97755
172 283.0
173 147.64104
174 0.0
175 404.50516
176 415.66605
177 347.0
178 195.74792
179 404.9795
180 144.583
181 180.31348
182 155.0
183 0.0
184 133.65733
185 219.0
186 220.134
187 0.0
188 155.0
189 172.75696
190 287.7755
191 136.17433
192 363.0
193 0.0
194 80.370155
195 296.61273
196 0.0
197 334.27728
198 145.47572
199 307.09677
200 13.455542
201 395.1197
202 253.29831
203 428.6462
204 72.08687
205 267.0
206 380.08588
207 317.42578
208 288.89993
209 374.22467
210 432.79318
211 374.2608
212 339.79352
213 5.551499
214 267.6
215 267.0
216 388.70154
217 17.364025
218 300.53162
219 158.03212
220 446.4384
221 267.0
222 308.09604
223 494.2433
224 431.2114
225 63.44458
226 214.25465
227 422.9399
228 181.01575
229 416.02008
230 294.95462
231 291.55048
232 0.8193717
233 367.9219
234 304.52148
235 389.38376
236 384.5733
237 357.73672
238 4.064483
239 371.39685
240 267.6
241 50.432262
242 2.2680001
243 257.49835
244 267.0
245 63.68866
246 316.3076
247 376.0561
248 422.555
249 416.4607
250 441.96933
251 272.2645
252 362.81036
253 0.0
254 389.29782
255 396.73795
256 229.57635
257 8.539316
258 220.00145
259 336.09354
260 423.773
261 261.35034
262 127.77681
263 438.08582
264 390.91956
265 267.0
266 228.24673
267 287.6321
268 0.0
269 0.0
270 381.49692
271 254.061
272 262.7826
273 375.24133
274 267.6
275 274.6595
276 297.3508
277 301.15677
278 178.65154
279 249.97649
280 295.439
281 375.07376
282 304.50092
283 182.4421
284 327.27032
285 384.30692
286 65.75562
287 371.14572
288 376.19
289 0.0
290 18.913107
291 305.26535
292 376.80362
293 390.42212
294 222.1919
295 15.24395
296 32.08896
297 0.0
298 0.0
299 35.298466
300 0.0
301 247.30367
302 363.0
303 230.65895
304 233.11081
305 237.05537
306 186.8282
307 149.86815
308 231.67235
309 242.02164
310 133.12239
311 227.9677
312 251.21243
313 170.8633
314 356.3275
315 99.91396
316 225.13768
317 251.0
318 347.40002
319 137.64812
320 251.0
321 250.89131
322 244.0636
323 218.51094
324 251.87462
325 241.35297
326 34.375626
327 213.6358
328 231.23596
329 395.4629
330 0.0
331 44.36349
332 190.90585
333 0.0
334 239.97977
335 142.80424
336 251.6
337 251.0
338 220.29414
339 221.57045
340 249.833
341 251.0
342 235.5533
343 94.472374
344 232.751
345 150.16663
346 46.236305
347 234.02797
348 247.9943
349 246.01558
350 18.94661
351 471.7496
352 251.0
353 237.61548
354 0.0
355 221.55391
356 164.51627
357 363.0
358 251.0
359 247.31737
360 217.11089
361 251.0
362 287.8843
363 247.07886
364 251.0
365 240.61154
366 251.0
367 229.66762
368 214.52592
369 240.7811
370 160.00801
371 233.88708
372 219.71915
373 227.85338
374 164.37717
375 41.856705
376 348.09448
377 235.29732
378 363.0
379 106.13313
380 1.2
381 91.40191
382 246.4157
383 155.46588
384 70.11984
385 217.32971
386 92.228806
387 47.51809
388 251.0
389 81.61125
390 240.80174
391 232.48645
392 1.7600696
393 12.173093
394 363.0
395 363.0
396 96.2874
397 234.58867
398 474.1488
399 244.03348
400 251.0
401 427.0
402 424.569
403 149.05801
404 204.134
405 203.0
406 427.0
407 72.6934
408 192.72551
409 561.38495
410 199.39189
411 203.0
412 5.49389
413 427.0
414 130.74527
415 10.415886
416 118.97739
417 51.596004
418 203.0
419 296.59326
420 245.06831
421 203.0
422 427.53708
423 164.2631
424 203.0
425 427.0
426 180.68863
427 203.0
428 315.0
429 356.88724
430 235.02274
431 147.52928
432 427.0
433 235.0
434 193.36243
435 203.0
436 305.339
437 217.17778
438 84.43087
439 203.0
440 427.0
441 160.25163
442 297.21658
443 203.0
444 315.0
445 155.4498
446 226.38722
447 162.59055
448 73.85541
449 203.0
450 77.39799
451 94.464264
452 152.14426
453 132.46729
454 162.00616
455 194.4955
456 459.5178
457 150.4922
458 278.4386
459 0.0
460 427.0
461 203.0
462 203.0
463 203.0
464 181.7388
465 224.10777
466 174.89673
467 290.86478
468 0.0
469 103.87545
470 204.134
471 286.5187
472 136.58775
473 388.02518
474 288.5274
475 411.8734
476 203.0
477 164.88646
478 170.79079
479 173.23215
480 153.63284
481 203.0
482 427.0
483 0.0
484 255.13686
485 241.34576
486 114.38691
487 166.41487
488 5.4865203
489 203.0
490 315.6
491 203.0
492 315.0
493 426.43637
494 161.62361
495 427.0
496 76.08804
497 203.0
498 203.0
499 204.134
500 406.29886
501 349.67197
502 539.0
503 539.0
504 209.85086
505 341.23618
506 235.0
507 172.134
508 171.0
509 539.0
510 363.0
511 17.057852
512 353.7774
513 171.0
514 402.0732
515 0.0
516 35.95829
517 363.6
518 160.90356
519 235.0
520 361.19315
521 158.696
522 235.0
523 235.0
524 235.0
525 2.2680001
526 169.4954
527 360.6636
528 391.04922
529 363.0
530 172.2
531 235.0
532 389.4596
533 0.0
534 18.443237
535 363.0
536 127.68641
537 168.86963
538 363.0
539 0.0
540 363.43564
541 363.6
542 363.0
543 172.134
544 397.42618
545 156.34154
546 151.13338
547 205.80766
548 167.97662
549 171.0
550 359.53198
551 359.13553
552 29.62504
553 177.58543
554 202.45682
555 235.0
556 350.93542
557 363.0
558 125.33231
559 171.0
560 172.134
561 363.0
562 363.0
563 0.6
564 171.0
565 164.38538
566 419.27954
567 0.0
568 171.0
569 11.951003
570 359.6594
571 0.0
572 363.0
573 355.5011
574 41.172203
575 171.23625
576 0.0
577 236.134
578 358.18286
579 346.9421
580 363.0
581 357.02185
582 251.22556
583 30.10417
584 355.4471
585 171.6
586 539.0
587 172.134
588 0.0
589 177.61462
590 75.35546
591 363.1507
592 356.97794
593 181.25287
594 151.98056
595 330.92163
596 18.185741
597 358.55154
598 301.02133
599 355.66968
600 171.0
601 219.0
602 302.75385
603 315.0
604 220.134
605 315.16992
606 219.0
607 220.134
608 290.59344
609 136.98997
610 299.36026
611 92.09327
612 236.67438
613 219.0
614 315.0
615 315.0
616 219.0
617 315.6
618 315.0
619 219.0
620 219.0
621 426.70486
622 219.0
623 459.6
624 219.0
625 219.0
626 311.63818
627 304.90723
628 445.2926
629 129.17229
630 315.0
631 309.16467
632 304.33505
633 293.8743
634 297.7642
635 284.10522
636 219.0
637 220.134
638 459.0
639 315.6
640 220.134
641 308.9334
642 315.0
643 180.53528
644 302.52603
645 315.0
646 6.277447
647 443.70447
648 219.0
649 315.0
650 220.134
651 315.0
652 219.0
653 456.9389
654 220.134
655 219.0
656 315.6
657 451.32236
658 311.86035
659 819.2149
660 219.0
661 219.0
662 219.0
663 93.160255
664 315.6
665 220.134
666 298.84067
667 219.0
668 306.9059
669 219.0
670 315.0
671 219.0
672 315.0
673 305.5717
674 219.0
675 219.0
676 299.82645
677 459.0
678 302.16058
679 220.134
680 219.0
681 447.8092
682 305.097
683 308.11328
684 127.25708
685 311.86078
686 315.0
687 445.33844
688 315.0
689 0.0
690 315.6
691 219.0
692 219.0
693 219.0
694 286.29172
695 315.0
696 219.0
697 315.0
698 0.0
699 219.0
700 219.0
701 220.134
702 265.39407
703 347.0
704 3.4551964
705 267.0
706 262.73227
707 267.0
708 253.65112
709 464.94177
710 250.66585
711 267.0
712 46.09065
713 615.92065
714 5.364418E-7
715 10.423093
716 242.89288
717 244.71478
718 635.6
719 267.0
720 249.81389
721 263.46835
722 257.636
723 203.0
724 38.01463
725 0.0
726 267.0
727 257.5232
728 245.07233
729 203.0
730 267.0
731 923.0
732 235.0056
733 875.12646
734 240.73065
735 12.081763
736 244.33865
737 255.70071
738 17.689533
739 259.07324
740 26.85266
741 241.60977
742 256.31635
743 257.63037
744 635.0
745 155.58769
746 259.23044
747 243.89139
748 241.44547
749 250.68393
750 15.350885
751 496.60535
752 246.65234
753 152.1344
754 242.86679
755 219.65361
756 166.37715
757 68.15657
758 484.84286
759 142.40202
760 363.0
761 239.10265
762 20.07732
763 260.47968
764 262.07724
765 261.3515
766 6.585438
767 245.99377
768 41.98568
769 253.95337
770 347.0
771 251.36504
772 251.98547
773 7.9670405
774 261.574
775 233.84291
776 0.0
777 0.0
778 253.36015
779 256.6057
780 267.6
781 250.4983
782 240.3599
783 252.11397
784 51.30803
785 34.74326
786 262.90134
787 235.94179
788 250.04652
789 245.26761
790 248.3424
791 17.92513
792 263.66727
793 267.1485
794 204.134
795 265.32678
796 174.05746
797 254.20992
798 164.49876
799 253.84413
800 248.65532
801 253.90138
802 923.0
803 418.36115
804 179.19786
805 555.0
806 106.872025
807 542.8194
808 82.275536
809 555.0
810 555.0
811 105.21305
812 88.6163
813 555.0
814 555.0
815 478.78085
816 555.0
817 548.84155
818 603.0
819 442.32385
820 539.6347
821 811.0
822 555.0
823 1275.0
824 267.0
825 555.0
826 267.0
827 555.0
828 604.134
829 555.0
830 472.03256
831 555.0
832 219.0
833 811.0
834 555.0
835 553.8523
836 555.0
837 72.51946
838 173.89047
839 635.0
840 31.858007
841 555.0
842 555.0
843 555.0
844 555.0
845 552.3967
846 763.0
847 555.0
848 811.0
849 545.96045
850 555.0
851 50.477154
852 555.0
853 550.58356
854 551.43243
855 555.0
856 550.6486
857 6.7997303
858 555.0
859 555.0
860 555.0
861 219.0
862 552.46484
863 811.0
864 555.0
865 811.0
866 555.0
867 555.0
868 555.0
869 811.0
870 555.0
871 555.0
872 811.0
873 555.0
874 811.0
875 555.0
876 29.03684
877 548.04254
878 555.0
879 555.0
880 555.0
881 219.0
882 555.0
883 635.0
884 555.0
885 555.0
886 187.10822
887 0.0
888 555.0
889 555.0
890 603.0
891 87.4535
892 811.0
893 555.0
894 555.0
895 811.0
896 0.0
897 635.0
898 775.13715
899 58.957397
900 1067.0
901 93.20204
902 811.0
903 1275.0
904 523.0
905 219.0
906 220.134
907 220.134
908 220.134
909 220.134
910 219.0
911 219.0
912 731.0
913 220.134
914 220.134
915 87.64585
916 219.0
917 220.134
918 220.134
919 220.134
920 220.134
921 220.134
922 219.0
923 315.0
924 220.134
925 220.134
926 315.0
927 332.37244
928 315.6
929 315.0
930 219.0
931 220.134
932 220.134
933 524.134
934 220.134
935 219.0
936 523.0
937 763.0
938 334.48004
939 763.0
940 220.134
941 219.0
942 220.134
943 754.91626
944 315.0
945 219.0
946 316.134
947 315.0
948 763.0
949 220.134
950 524.134
951 523.0
952 220.134
953 219.0
954 443.0
955 348.89633
956 523.0
957 524.134
958 443.0
959 219.0
960 811.0
961 220.134
962 143.28954
963 220.134
964 763.0
965 471.22086
966 219.0
967 219.0
968 219.0
969 194.29848
970 220.134
971 315.0
972 315.0
973 316.134
974 220.134
975 219.0
976 523.0
977 523.0
978 220.134
979 220.134
980 322.98483
981 524.134
982 50.464005
983 219.0
984 219.0
985 764.134
986 763.0
987 523.0
988 219.0
989 219.0
990 219.0
991 523.0
992 263.70654
993 219.0
994 241.656
995 523.0
996 443.0
997 443.0
998 763.0
999 523.0
1000 523.0
1001 524.134
1002 219.0
1003 219.0
1004 171.0
1005 414.2126
1006 405.46536
1007 303.6367
1008 298.35495
1009 33.248764
1010 354.8857
1011 310.95874
1012 343.85388
1013 309.77484
1014 329.5806
1015 199.40137
1016 365.75574
1017 171.0
1018 317.95627
1019 384.81192
1020 307.01462
1021 348.6486
1022 309.09
1023 357.6522
1024 359.53268
1025 362.11142
1026 297.84027
1027 310.00168
1028 296.35855
1029 326.1011
1030 171.0
1031 401.9887
1032 171.0
1033 323.6732
1034 299.00613
1035 345.60757
1036 354.0588
1037 313.6567
1038 318.7674
1039 316.56143
1040 334.9827
1041 312.30978
1042 397.50214
1043 326.11844
1044 389.70648
1045 307.17822
1046 171.0
1047 328.98227
1048 264.76703
1049 311.04056
1050 422.4715
1051 171.0
1052 286.2232
1053 7.3863688
1054 308.75586
1055 309.9651
1056 171.0
1057 356.47888
1058 314.56143
1059 311.1295
1060 309.0915
1061 171.0
1062 351.5982
1063 171.0
1064 302.52155
1065 312.66418
1066 366.23392
1067 315.939
1068 342.62073
1069 363.5083
1070 215.76318
1071 308.97852
1072 393.15527
1073 314.47098
1074 55.091965
1075 309.31378
1076 384.39288
1077 314.73645
1078 306.38602
1079 325.41986
1080 335.6754
1081 311.46225
1082 314.17514
1083 353.83246
1084 321.07996
1085 324.29105
1086 299.43524
1087 371.5762
1088 314.3262
1089 308.4446
1090 296.81693
1091 172.134
1092 171.0
1093 360.3507
1094 167.65674
1095 306.24664
1096 361.50998
1097 311.23645
1098 368.10266
1099 310.60733
1100 171.0
1101 397.09497
1102 362.40768
1103 348.00354
1104 267.0
1105 471.62097
1106 414.77756
1107 267.0
1108 267.0
1109 267.0
1110 267.0
1111 267.0
1112 268.134
1113 342.77188
1114 267.0
1115 267.0
1116 267.0
1117 412.75537
1118 410.63046
1119 267.0
1120 355.32742
1121 268.134
1122 427.8378
1123 267.0
1124 462.81906
1125 464.23984
1126 267.0
1127 267.0
1128 267.0
1129 479.46762
1130 469.9193
1131 488.4134
1132 277.751
1133 267.0
1134 539.0
1135 267.0
1136 267.0
1137 267.0
1138 267.0
1139 421.87115
1140 472.53217
1141 268.134
1142 267.0
1143 418.97314
1144 300.75436
1145 418.7152
1146 351.25537
1147 428.56052
1148 305.39093
1149 433.78802
1150 268.134
1151 3.2185202
1152 267.0
1153 267.0
1154 267.0
1155 267.0
1156 474.17514
1157 524.0264
1158 267.0
1159 268.134
1160 268.134
1161 267.0
1162 268.134
1163 297.44708
1164 489.67374
1165 471.47644
1166 267.0
1167 267.0
1168 466.69437
1169 267.0
1170 267.0
1171 202.49498
1172 426.50125
1173 267.0
1174 267.0
1175 341.64395
1176 466.20065
1177 267.0
1178 290.4002
1179 267.0
1180 531.54486
1181 490.54556
1182 488.94604
1183 267.0
1184 267.6
1185 267.0
1186 465.72342
1187 486.858
1188 286.0347
1189 539.0
1190 427.8445
1191 296.1496
1192 267.0
1193 492.82852
1194 267.0
1195 471.63834
1196 267.0
1197 465.53848
1198 474.24506
1199 516.4331
1200 436.90787
1201 306.18594
1202 441.20096
1203 268.134
1204 290.18527
1205 276.07275
1206 375.59045
1207 714.6791
1208 172.94646
1209 271.55392
1210 306.51877
1211 350.23398
1212 291.34207
1213 299.0
1214 340.70538
1215 219.0
1216 270.87888
1217 371.33337
1218 278.4038
1219 403.71594
1220 219.0
1221 285.78235
1222 169.74559
1223 297.5837
1224 219.0
1225 459.36313
1226 271.8538
1227 351.5367
1228 349.71832
1229 374.55444
1230 282.65524
1231 276.43613
1232 14.746998
1233 219.0
1234 380.60083
1235 338.70737
1236 715.9138
1237 375.9111
1238 219.0
1239 276.4963
1240 366.4466
1241 220.134
1242 406.6246
1243 180.19391
1244 219.0
1245 306.84824
1246 358.9872
1247 366.96857
1248 344.6679
1249 510.97745
1250 179.51112
1251 388.031
1252 273.75565
1253 310.9289
1254 0.0
1255 219.0
1256 270.33136
1257 275.69202
1258 354.48804
1259 427.93967
1260 523.0
1261 527.52515
1262 335.67493
1263 523.0
1264 715.032
1265 362.3922
1266 219.0
1267 219.0
1268 299.02185
1269 219.0
1270 509.29727
1271 372.75378
1272 299.0
1273 389.6571
1274 365.13126
1275 516.4684
1276 296.46017
1277 484.23422
1278 512.05707
1279 269.72186
1280 276.05228
1281 281.63898
1282 366.2624
1283 376.00217
1284 369.75638
1285 273.1125
1286 709.5875
1287 343.33728
1288 289.59653
1289 219.0
1290 0.0
1291 278.127
1292 219.0
1293 219.0
1294 386.01035
1295 322.9708
1296 266.71643
1297 516.3395
1298 306.0168
1299 179.63196
1300 315.81076
1301 294.76297
1302 515.8655
1303 340.62167
1304 395.0
1305 315.6
1306 291.14038
1307 396.734
1308 395.0
1309 300.9557
1310 395.0
1311 387.73395
1312 340.29462
1313 370.1095
1314 379.615
1315 395.0
1316 2.868
1317 710.7736
1318 304.3654
1319 557.1664
1320 285.78824
1321 395.0
1322 395.0
1323 395.0
1324 298.87213
1325 558.86835
1326 395.0
1327 395.0
1328 395.6
1329 353.8465
1330 368.00003
1331 262.38495
1332 248.54845
1333 565.8257
1334 288.50317
1335 282.83112
1336 381.13553
1337 556.4262
1338 395.0
1339 557.4992
1340 395.0
1341 395.02036
1342 315.0
1343 384.2
1344 368.3755
1345 373.00003
1346 418.3867
1347 521.581
1348 395.0
1349 395.0
1350 395.0
1351 494.54233
1352 315.6
1353 559.4767
1354 268.8854
1355 513.7045
1356 558.94354
1357 395.0
1358 395.0
1359 40.76955
1360 368.3755
1361 357.7355
1362 395.0
1363 395.0
1364 371.7939
1365 395.0
1366 395.0
1367 235.0
1368 395.0
1369 395.0
1370 395.0
1371 55.270416
1372 395.0
1373 315.6
1374 353.24063
1375 315.0
1376 384.80002
1377 291.3187
1378 296.22382
1379 265.82187
1380 253.08853
1381 230.03903
1382 395.0
1383 395.0
1384 395.0
1385 315.0
1386 395.0
1387 395.0
1388 388.0
1389 471.1313
1390 380.60004
1391 395.0
1392 309.54996
1393 291.29266
1394 315.0
1395 555.1993
1396 366.46802
1397 349.77014
1398 382.4466
1399 220.134
1400 395.0
1401 558.9893
1402 269.14175
1403 291.2683
1404 203.0
1405 204.134
1406 322.1627
1407 204.134
1408 379.6
1409 379.0
1410 204.134
1411 379.0
1412 363.40002
1413 203.0
1414 379.6
1415 379.0
1416 323.1912
1417 625.61505
1418 379.0
1419 379.0
1420 379.0
1421 277.0673
1422 334.03128
1423 379.0
1424 203.0
1425 366.84018
1426 643.6557
1427 203.0
1428 359.80005
1429 379.0
1430 204.134
1431 379.0
1432 364.00003
1433 379.0
1434 379.0
1435 571.0
1436 571.0
1437 204.134
1438 379.0
1439 203.0
1440 571.0
1441 204.134
1442 203.0
1443 204.134
1444 379.0
1445 299.0
1446 571.0
1447 379.0
1448 379.0
1449 309.5261
1450 203.0
1451 204.134
1452 379.0
1453 393.67062
1454 379.0
1455 379.0
1456 379.0
1457 203.0
1458 379.6
1459 571.0
1460 203.0
1461 379.0
1462 392.67337
1463 406.13974
1464 203.0
1465 223.34973
1466 380.134
1467 571.0
1468 204.134
1469 379.6
1470 203.0
1471 392.30038
1472 354.85162
1473 379.6
1474 204.134
1475 379.0
1476 361.9044
1477 204.134
1478 310.90472
1479 379.6
1480 569.8
1481 204.134
1482 379.6
1483 651.3261
1484 379.6
1485 571.0
1486 379.0
1487 379.6
1488 203.0
1489 379.0
1490 203.0
1491 203.0
1492 155.1912
1493 379.0
1494 683.0
1495 379.0
1496 300.134
1497 203.0
1498 571.1746
1499 571.0
1500 400.65393
1501 379.6
1502 363.40002
1503 337.08264
1504 155.0
1505 146.40479
1506 155.0
1507 203.0
1508 203.0
1509 134.74327
1510 155.0
1511 151.67824
1512 284.134
1513 203.0
1514 203.0
1515 203.0
1516 135.14413
1517 128.0
1518 204.134
1519 155.0
1520 155.0
1521 204.134
1522 139.99507
1523 203.0
1524 139.03015
1525 153.866
1526 156.134
1527 155.0
1528 267.6
1529 204.134
1530 203.0
1531 140.56514
1532 203.0
1533 155.53085
1534 151.69531
1535 203.0
1536 203.0
1537 203.0
1538 155.0
1539 155.0
1540 148.14914
1541 184.2941
1542 203.0
1543 204.134
1544 203.0
1545 179.461
1546 155.0
1547 360.06573
1548 203.0
1549 155.0
1550 148.38538
1551 155.0
1552 129.1487
1553 149.34483
1554 155.0
1555 143.1054
1556 154.14664
1557 204.134
1558 203.0
1559 155.0
1560 146.22469
1561 338.87918
1562 203.0
1563 110.08151
1564 150.2245
1565 204.134
1566 203.0
1567 155.0
1568 203.0
1569 151.31071
1570 203.0
1571 155.0
1572 204.134
1573 137.48317
1574 154.90016
1575 204.134
1576 102.922295
1577 153.866
1578 204.134
1579 146.17801
1580 203.0
1581 155.0
1582 145.02429
1583 137.48317
1584 153.866
1585 203.0
1586 148.38538
1587 155.0
1588 155.0
1589 148.38538
1590 128.60463
1591 203.0
1592 154.14664
1593 203.0
1594 155.0
1595 137.24304
1596 141.81917
1597 155.0
1598 0.0
1599 155.0
1600 145.67082
1601 203.0
1602 203.0
1603 155.0
1604 285.63763
1605 296.9425
1606 763.0
1607 297.78714
1608 47.097637
1609 298.51166
1610 287.25824
1611 292.27573
1612 296.736
1613 763.0
1614 299.0
1615 299.0
1616 12.3036585
1617 299.0
1618 45.000294
1619 619.0
1620 286.14224
1621 299.9901
1622 299.0
1623 296.43146
1624 299.0
1625 299.0
1626 299.0
1627 293.31198
1628 299.0
1629 299.0
1630 299.0
1631 295.38943
1632 763.0
1633 294.0046
1634 763.0
1635 763.0
1636 299.0
1637 619.0
1638 0.0
1639 299.0
1640 51.794636
1641 1067.0
1642 297.4062
1643 619.0
1644 619.0
1645 297.4265
1646 285.2509
1647 299.0
1648 284.9806
1649 299.0
1650 289.92575
1651 287.7569
1652 36.623005
1653 277.73514
1654 130.72939
1655 288.50345
1656 291.25516
1657 950.4045
1658 761.1711
1659 299.0
1660 298.54556
1661 763.0
1662 299.0
1663 298.99173
1664 299.0
1665 763.0
1666 299.0
1667 299.0
1668 299.0
1669 293.32553
1670 619.0
1671 763.0
1672 299.0
1673 24.088802
1674 294.41806
1675 299.0
1676 299.0
1677 299.4163
1678 298.2551
1679 574.24274
1680 299.0
1681 299.0
1682 299.0
1683 296.98163
1684 763.0
1685 299.0
1686 293.1219
1687 299.0
1688 619.0
1689 763.0
1690 285.99
1691 28.948761
1692 295.25082
1693 299.0
1694 299.0
1695 287.4728
1696 299.0
1697 299.0
1698 284.8967
1699 299.0
1700 299.0
1701 296.52322
1702 299.0
1703 298.0048
1704 507.0
1705 582.29034
1706 490.43546
1707 204.134
1708 603.0
1709 507.0
1710 55.945095
1711 603.0
1712 603.0
1713 204.134
1714 507.0
1715 603.0
1716 577.71594
1717 582.59235
1718 507.0
1719 39.53488
1720 55.06895
1721 498.46524
1722 603.0
1723 0.0
1724 484.81277
1725 491.87393
1726 503.79712
1727 501.49554
1728 492.3377
1729 603.0
1730 507.0
1731 507.0
1732 497.04822
1733 203.0
1734 485.87228
1735 741.8891
1736 203.0
1737 486.9196
1738 506.31866
1739 489.0872
1740 58.006332
1741 10.907178
1742 507.0
1743 204.134
1744 504.3605
1745 474.19424
1746 507.0
1747 490.5135
1748 586.08624
1749 495.3379
1750 500.31747
1751 96.64421
1752 484.14948
1753 502.23376
1754 603.0
1755 417.37808
1756 566.3631
1757 507.0
1758 500.08234
1759 578.69257
1760 203.0
1761 507.0
1762 204.134
1763 203.0
1764 491.4847
1765 494.47507
1766 581.2941
1767 204.134
1768 507.0
1769 484.51358
1770 203.0
1771 503.74658
1772 603.0
1773 203.0
1774 480.41434
1775 203.0
1776 603.0
1777 203.0
1778 6.6146307
1779 502.34232
1780 498.56976
1781 507.0
1782 603.0
1783 507.0
1784 937.11676
1785 495.74667
1786 487.74854
1787 603.0
1788 499.82596
1789 490.83624
1790 603.0
1791 603.0
1792 496.48138
1793 603.0
1794 504.9583
1795 507.77878
1796 603.0
1797 0.0
1798 507.0
1799 603.0
1800 0.0
1801 669.29
1802 475.6376
1803 485.16235
1804 827.0
1805 347.0
1806 22.988724
1807 1179.0
1808 794.9799
1809 1109.1599
1810 859.0
1811 629.82733
1812 789.9399
1813 859.0
1814 800.57275
1815 859.0
1816 827.0
1817 859.0
1818 652.2206
1819 860.134
1820 859.0
1821 781.27875
1822 61.322056
1823 859.6
1824 300.134
1825 788.49713
1826 268.134
1827 860.134
1828 299.0
1829 959.3337
1830 803.2145
1831 971.0
1832 225.39871
1833 971.0
1834 267.0
1835 798.2622
1836 875.0
1837 267.0
1838 89.11201
1839 859.6
1840 875.0
1841 267.0
1842 159.63203
1843 908.134
1844 815.1013
1845 859.0
1846 640.7153
1847 267.0
1848 891.0
1849 632.75397
1850 347.0
1851 859.0
1852 94.237686
1853 300.134
1854 790.859
1855 638.61206
1856 629.0192
1857 267.0
1858 299.0
1859 626.67096
1860 347.0
1861 786.3386
1862 891.0
1863 0.0
1864 859.0
1865 875.0
1866 787.74097
1867 267.0
1868 267.0
1869 268.134
1870 844.4554
1871 795.1495
1872 299.0
1873 821.831
1874 891.0
1875 267.0
1876 635.0044
1877 907.0
1878 347.0
1879 267.0
1880 61.73565
1881 796.2466
1882 82.06344
1883 267.0
1884 300.18625
1885 791.78094
1886 518.0183
1887 347.0
1888 347.0
1889 49.150253
1890 267.0
1891 633.3906
1892 778.20905
1893 299.0
1894 353.77258
1895 73.57222
1896 73.106094
1897 347.0
1898 875.0
1899 299.0
1900 299.0
1901 347.0
1902 347.6
1903 891.0
1904 411.0
1905 523.0
1906 379.0
1907 514.84174
1908 379.0
1909 171.0
1910 172.134
1911 524.134
1912 171.0
1913 171.0
1914 171.0
1915 171.0
1916 171.0
1917 171.0
1918 171.0
1919 172.134
1920 171.0
1921 171.0
1922 171.0
1923 171.0
1924 475.0
1925 171.0
1926 171.0
1927 171.0
1928 172.134
1929 619.0
1930 171.0
1931 171.0
1932 171.0
1933 171.0
1934 171.0
1935 171.0
1936 171.0
1937 171.0
1938 475.0
1939 380.134
1940 171.0
1941 171.0
1942 171.0
1943 172.134
1944 617.8666
1945 379.0
1946 171.0
1947 171.0
1948 171.0
1949 171.0
1950 171.0
1951 172.134
1952 171.0
1953 129.78043
1954 171.0
1955 251.0
1956 172.134
1957 171.0
1958 171.0
1959 251.11023
1960 171.0
1961 171.0
1962 171.0
1963 171.0
1964 136.6845
1965 126.42129
1966 171.0
1967 379.0
1968 476.134
1969 171.0
1970 171.0
1971 171.0
1972 171.0
1973 171.0
1974 475.0
1975 172.134
1976 171.0
1977 171.0
1978 71.18092
1979 172.134
1980 171.0
1981 172.134
1982 171.0
1983 172.134
1984 171.0
1985 171.0
1986 40.88263
1987 556.134
1988 171.0
1989 172.134
1990 171.0
1991 171.0
1992 171.0
1993 171.0
1994 171.0
1995 171.0
1996 171.0
1997 171.0
1998 171.0
1999 172.134
2000 171.0
2001 53.822968
2002 475.0
2003 523.0
2004 278.06686
2005 339.0901
2006 346.68588
2007 368.36133
2008 340.78036
2009 322.0581
2010 337.82413
2011 536.67944
2012 566.3306
2013 410.65097
2014 540.17084
2015 545.7736
2016 555.02356
2017 339.9743
2018 475.35553
2019 514.37775
2020 510.78174
2021 365.95377
2022 255.24152
2023 395.0
2024 529.87085
2025 288.59735
2026 322.26038
2027 391.6008
2028 251.6
2029 542.54114
2030 494.341
2031 368.13287
2032 333.95593
2033 319.15186
2034 351.5006
2035 548.6048
2036 251.0
2037 365.56235
2038 538.0447
2039 470.59787
2040 468.57504
2041 359.2775
2042 335.97522
2043 548.4628
2044 213.66599
2045 251.0
2046 356.6555
2047 357.65573
2048 536.7831
2049 365.09976
2050 325.96042
2051 344.9849
2052 403.4998
2053 542.0762
2054 507.0435
2055 470.29156
2056 524.5996
2057 362.24884
2058 334.29605
2059 492.69772
2060 535.5424
2061 547.164
2062 530.6525
2063 525.9692
2064 587.0
2065 492.03152
2066 345.10742
2067 484.5614
2068 354.54205
2069 372.1211
2070 532.3522
2071 476.6266
2072 543.1012
2073 337.58813
2074 555.7925
2075 384.5096
2076 371.3737
2077 304.39667
2078 542.62274
2079 547.372
2080 470.43796
2081 258.8001
2082 484.06903
2083 395.0
2084 351.8811
2085 178.75693
2086 265.6711
2087 355.3073
2088 273.54245
2089 358.31348
2090 485.36896
2091 336.2724
2092 538.72174
2093 383.59387
2094 251.0
2095 395.0
2096 544.9378
2097 346.33405
2098 395.6
2099 395.0
2100 334.81744
2101 251.6
2102 453.70682
2103 534.55865
2104 506.59186
2105 42.215996
2106 199.57901
2107 235.0
2108 80.51977
2109 237.334
2110 236.134
2111 235.0
2112 235.6
2113 681.39624
2114 343.1377
2115 235.0
2116 519.17194
2117 498.84467
2118 346.3034
2119 73.33475
2120 635.9458
2121 396.5128
2122 503.03314
2123 501.5061
2124 400.219
2125 235.0
2126 723.10913
2127 165.9086
2128 236.73843
2129 150.9619
2130 235.0
2131 33.48695
2132 387.01044
2133 506.03513
2134 62.854065
2135 346.03314
2136 396.69458
2137 402.93896
2138 511.69174
2139 354.2956
2140 501.49777
2141 196.43759
2142 193.55548
2143 95.91631
2144 104.9932
2145 47.388996
2146 223.7572
2147 517.4626
2148 508.10095
2149 509.03802
2150 235.6
2151 508.38828
2152 194.15924
2153 500.0863
2154 523.301
2155 236.49652
2156 625.7238
2157 39.103706
2158 224.50514
2159 637.7638
2160 239.52484
2161 235.0
2162 343.43622
2163 736.70526
2164 619.0655
2165 514.3909
2166 48.54506
2167 515.7266
2168 232.13264
2169 417.8727
2170 344.34915
2171 384.68973
2172 505.19623
2173 646.8097
2174 199.07332
2175 523.31915
2176 705.1029
2177 399.01678
2178 235.0
2179 403.10965
2180 416.69653
2181 208.81396
2182 697.49365
2183 220.55002
2184 235.0
2185 502.18198
2186 726.5166
2187 511.44473
2188 190.5333
2189 235.0
2190 282.517
2191 241.30684
2192 503.3628
2193 237.34554
2194 431.24686
2195 0.0
2196 391.24652
2197 21.599178
2198 381.70465
2199 375.32336
2200 55.95292
2201 48.533997
2202 411.33682
2203 232.27083
2204 155.0
2205 187.0
2206 155.0
2207 155.0
2208 155.0
2209 155.0
2210 155.0
2211 155.0
2212 155.0
2213 155.0
2214 321.5011
2215 155.0
2216 155.0
2217 155.0
2218 155.0
2219 155.0
2220 137.3912
2221 155.0
2222 155.0
2223 318.64072
2224 240.17065
2225 155.0
2226 223.4805
2227 155.0
2228 155.0
2229 155.0
2230 155.0
2231 332.1918
2232 155.0
2233 155.0
2234 155.0
2235 155.0
2236 155.0
2237 155.0
2238 155.0
2239 155.0
2240 155.0
2241 155.0
2242 155.0
2243 155.0
2244 155.0
2245 155.0
2246 155.0
2247 187.0
2248 155.0
2249 155.0
2250 155.0
2251 155.0
2252 155.0
2253 155.0
2254 155.0
2255 155.0
2256 155.0
2257 155.0
2258 323.25073
2259 155.0
2260 408.11804
2261 155.0
2262 155.0
2263 155.0
2264 155.0
2265 155.0
2266 339.23865
2267 161.61462
2268 155.0
2269 155.0
2270 315.88394
2271 155.0
2272 155.0
2273 187.0
2274 155.0
2275 155.0
2276 155.0
2277 155.0
2278 126.450195
2279 201.96571
2280 155.0
2281 235.43935
2282 155.0
2283 155.0
2284 155.0
2285 315.2085
2286 155.0
2287 403.88443
2288 155.0
2289 155.0
2290 155.0
2291 187.0
2292 155.0
2293 155.0
2294 155.0
2295 226.79558
2296 155.0
2297 155.0
2298 187.0
2299 155.0
2300 155.0
2301 155.0
2302 155.0
2303 187.0
2304 268.50436
2305 258.93134
2306 219.0
2307 244.33217
2308 293.9512
2309 219.0
2310 219.6
2311 280.81863
2312 219.0
2313 204.8517
2314 294.00763
2315 275.59378
2316 219.90175
2317 219.6
2318 334.54092
2319 227.44685
2320 313.68362
2321 219.0
2322 237.30077
2323 254.84511
2324 407.0788
2325 399.75464
2326 332.77734
2327 337.4812
2328 263.40237
2329 315.0
2330 344.84235
2331 448.1499
2332 292.085
2333 219.6
2334 315.0
2335 313.28815
2336 219.0
2337 398.18384
2338 385.5406
2339 264.8976
2340 315.0
2341 450.36176
2342 315.0
2343 396.60895
2344 449.73636
2345 274.9592
2346 378.8794
2347 289.81625
2348 214.81429
2349 459.3952
2350 240.04109
2351 193.2
2352 393.01825
2353 19.615728
2354 238.78552
2355 219.0
2356 299.34213
2357 443.86526
2358 400.90427
2359 446.57336
2360 272.32538
2361 315.0
2362 324.26596
2363 197.80215
2364 219.0
2365 219.0
2366 243.86212
2367 315.0
2368 436.66977
2369 248.70262
2370 219.0
2371 273.95343
2372 302.22974
2373 333.6167
2374 216.73201
2375 170.79845
2376 219.0
2377 284.2013
2378 219.0
2379 243.81294
2380 219.0
2381 315.0
2382 393.2132
2383 207.77779
2384 386.20575
2385 219.0
2386 264.39087
2387 219.6
2388 438.68152
2389 219.0
2390 219.0
2391 219.0
2392 219.0
2393 219.0
2394 219.0
2395 450.24338
2396 315.6
2397 189.59999
2398 450.26868
2399 219.6
2400 213.87051
2401 377.3242
2402 315.0
2403 373.08057
2404 257.4648
2405 211.07254
2406 206.00764
2407 235.0
2408 315.6
2409 439.843
2410 315.0
2411 267.67868
2412 203.39552
2413 235.0
2414 350.35486
2415 349.47324
2416 257.80463
2417 297.37247
2418 274.27777
2419 257.03003
2420 315.0
2421 315.0
2422 315.6
2423 315.0
2424 235.0
2425 315.0
2426 315.0
2427 288.00003
2428 315.0
2429 315.0
2430 298.052
2431 287.40002
2432 367.1633
2433 315.0
2434 315.0
2435 235.0
2436 304.73706
2437 297.25134
2438 306.9228
2439 318.92343
2440 352.57034
2441 265.28497
2442 235.0
2443 507.0
2444 322.28302
2445 235.0
2446 288.00003
2447 582.2194
2448 315.0
2449 315.0
2450 315.0
2451 273.92603
2452 315.6
2453 286.03162
2454 250.56839
2455 315.6
2456 315.0
2457 302.79126
2458 246.0453
2459 315.0
2460 315.0
2461 315.0
2462 315.0
2463 315.0
2464 306.05856
2465 357.7802
2466 315.0
2467 315.60266
2468 315.0
2469 311.28818
2470 330.21597
2471 315.0
2472 315.0
2473 270.07135
2474 235.0
2475 235.6
2476 315.0
2477 299.4558
2478 293.44556
2479 413.0681
2480 259.8526
2481 235.6
2482 317.334
2483 315.0
2484 396.61957
2485 335.90503
2486 346.27722
2487 315.0
2488 268.88367
2489 507.0
2490 315.0
2491 315.0
2492 315.0
2493 315.6
2494 315.0
2495 338.8424
2496 315.0
2497 507.0
2498 315.0
2499 315.0
2500 295.67804
2501 507.0
2502 266.4318
2503 342.88947
2504 336.6869
2505 327.3441
2506 443.0
2507 433.40002
2508 330.7288
2509 330.4773
2510 340.79745
2511 339.5119
2512 328.57745
2513 344.73773
2514 337.6139
2515 347.0
2516 433.40002
2517 339.44406
2518 347.0
2519 329.5532
2520 419.62848
2521 328.5792
2522 337.60593
2523 330.32376
2524 334.14886
2525 339.7093
2526 347.0
2527 334.36594
2528 347.0
2529 345.48932
2530 347.0
2531 333.58105
2532 331.98257
2533 491.0
2534 329.13693
2535 347.0
2536 331.17026
2537 344.4577
2538 332.56174
2539 334.5734
2540 555.6
2541 347.0
2542 339.80963
2543 331.2388
2544 491.0
2545 326.65204
2546 335.57382
2547 329.314
2548 434.52487
2549 443.6
2550 324.41177
2551 347.0
2552 336.0415
2553 330.9804
2554 342.27777
2555 395.149
2556 410.64066
2557 332.29025
2558 343.8336
2559 347.0
2560 333.95755
2561 339.03738
2562 347.0
2563 341.46036
2564 264.94736
2565 328.58258
2566 334.51947
2567 443.0
2568 443.0
2569 338.0125
2570 476.134
2571 337.1696
2572 347.0
2573 427.0213
2574 327.85468
2575 443.0
2576 333.7655
2577 443.0
2578 344.74573
2579 341.70206
2580 346.1637
2581 347.0
2582 344.9481
2583 330.29745
2584 320.60742
2585 443.0
2586 347.0
2587 344.05893
2588 443.0
2589 419.00073
2590 444.2
2591 335.46545
2592 391.99957
2593 342.5273
2594 428.00003
2595 443.0
2596 330.00458
2597 347.0
2598 339.3708
2599 347.0
2600 443.0
2601 328.44522
2602 427.40002
2603 328.6284
2604 299.91653
2605 300.1029
2606 309.78824
2607 315.0
2608 395.0
2609 453.93716
2610 308.0305
2611 288.64658
2612 312.28613
2613 296.17776
2614 387.56677
2615 295.1202
2616 395.0
2617 306.52444
2618 305.272
2619 302.01324
2620 297.5974
2621 300.79794
2622 314.86374
2623 289.72873
2624 290.69156
2625 288.86096
2626 298.55368
2627 294.63947
2628 2.9619493
2629 280.44095
2630 288.5861
2631 308.1915
2632 303.43997
2633 395.0
2634 310.587
2635 395.0
2636 309.65607
2637 331.86212
2638 298.82318
2639 296.71292
2640 300.52182
2641 297.95178
2642 297.99365
2643 305.66534
2644 297.43387
2645 315.0
2646 311.8869
2647 301.52808
2648 309.8426
2649 299.48132
2650 315.0
2651 284.7974
2652 307.79425
2653 306.90707
2654 299.82767
2655 306.65042
2656 315.0
2657 310.6383
2658 548.83984
2659 315.0
2660 395.0
2661 315.0
2662 47.641533
2663 395.0
2664 303.42404
2665 315.0
2666 311.33502
2667 460.2
2668 304.3022
2669 315.0
2670 300.8494
2671 298.47687
2672 297.3713
2673 313.51852
2674 395.0
2675 296.16556
2676 395.0
2677 297.33685
2678 294.95364
2679 315.0
2680 395.0
2681 415.89142
2682 315.0
2683 302.06403
2684 363.27362
2685 413.72183
2686 292.20303
2687 315.0
2688 395.0
2689 290.7401
2690 395.0
2691 300.71335
2692 395.0
2693 310.75632
2694 459.6
2695 667.0
2696 315.0
2697 300.60715
2698 304.63513
2699 297.18723
2700 300.79117
2701 459.0
2702 667.0
2703 315.0
2704 251.0
2705 331.6
2706 251.0
2707 325.5915
2708 331.0
2709 331.0
2710 305.52466
2711 331.0
2712 314.30475
2713 331.0
2714 331.0
2715 329.19504
2716 251.0
2717 331.0
2718 295.59897
2719 331.0
2720 251.0
2721 306.18457
2722 331.0
2723 331.0
2724 331.0
2725 41.68284
2726 251.0
2727 331.0
2728 331.0
2729 331.0
2730 331.0
2731 305.21817
2732 322.15366
2733 331.0
2734 251.0
2735 251.0
2736 331.0
2737 306.89056
2738 331.0
2739 331.0
2740 267.0
2741 331.0
2742 251.0
2743 314.01154
2744 87.83394
2745 0.0
2746 331.0
2747 313.57285
2748 331.0
2749 251.0
2750 331.0
2751 331.0
2752 251.0
2753 251.0
2754 331.0
2755 331.0
2756 330.22363
2757 571.0
2758 330.63605
2759 314.32236
2760 321.7111
2761 571.0
2762 328.73724
2763 251.0
2764 251.0
2765 330.4947
2766 331.0
2767 252.134
2768 331.0
2769 571.0
2770 565.60205
2771 331.0
2772 251.0
2773 59.89686
2774 251.0
2775 251.0
2776 331.36414
2777 320.42444
2778 251.0
2779 251.0
2780 301.0242
2781 251.0
2782 44.724762
2783 61.588974
2784 331.0
2785 302.08264
2786 251.0
2787 331.0
2788 331.6
2789 251.0
2790 251.0
2791 331.0
2792 331.0
2793 320.32294
2794 251.0
2795 331.0
2796 331.0
2797 331.0
2798 552.78735
2799 331.0
2800 331.0
2801 331.0
2802 251.0
2803 251.0
2804 434.87338
2805 540.3752
2806 155.0
2807 0.0
2808 935.8599
2809 937.77795
2810 448.69318
2811 155.0
2812 442.2548
2813 155.0
2814 827.0
2815 1116.0396
2816 451.2592
2817 156.134
2818 187.0
2819 155.0
2820 1092.3024
2821 533.68414
2822 447.86383
2823 156.134
2824 1099.4885
2825 155.0
2826 637.62067
2827 155.0
2828 458.57153
2829 363.0
2830 644.85345
2831 187.0
2832 185.866
2833 330.21378
2834 1091.4576
2835 172.75696
2836 637.3551
2837 439.8596
2838 667.6
2839 447.97147
2840 156.134
2841 909.5091
2842 557.81165
2843 827.0
2844 185.866
2845 187.0
2846 155.0
2847 237.43422
2848 155.0
2849 187.0
2850 155.0
2851 156.134
2852 336.29285
2853 185.866
2854 945.05164
2855 155.0
2856 859.0
2857 155.0
2858 187.0
2859 155.0
2860 553.861
2861 329.5142
2862 625.30774
2863 156.134
2864 334.5259
2865 444.7916
2866 155.0
2867 450.99887
2868 1092.3557
2869 155.0
2870 185.866
2871 446.7578
2872 464.91287
2873 536.51666
2874 549.69507
2875 155.0
2876 187.0
2877 447.26587
2878 409.13205
2879 574.5189
2880 452.4936
2881 533.41473
2882 156.134
2883 155.0
2884 919.7162
2885 801.06793
2886 329.66986
2887 156.134
2888 155.0
2889 155.0
2890 447.6967
2891 443.8616
2892 155.0
2893 535.0812
2894 155.0
2895 454.22433
2896 429.1054
2897 187.0
2898 638.78735
2899 156.134
2900 438.2462
2901 185.866
2902 237.89667
2903 185.866
2904 204.79501
2905 859.0
2906 635.0
2907 667.0
2908 667.0
2909 667.0
2910 859.0
2911 635.0
2912 907.0
2913 635.0
2914 635.0
2915 1211.0
2916 667.0
2917 1403.0
2918 667.0
2919 667.0
2920 635.0
2921 859.0
2922 907.0
2923 635.0
2924 907.0
2925 907.0
2926 238.83101
2927 907.0
2928 907.0
2929 907.0
2930 667.0
2931 667.0
2932 859.0
2933 635.0
2934 24.728485
2935 635.0
2936 667.0
2937 907.0
2938 908.134
2939 907.0
2940 667.0
2941 907.0
2942 635.0
2943 667.0
2944 908.134
2945 781.3231
2946 859.0
2947 667.0
2948 274.24765
2949 1379.5278
2950 859.0
2951 604.134
2952 667.0
2953 667.0
2954 859.0
2955 859.0
2956 907.0
2957 667.0
2958 635.0
2959 859.0
2960 907.0
2961 907.0
2962 234.74268
2963 859.0
2964 907.0
2965 243.59431
2966 667.0
2967 907.0
2968 667.0
2969 907.0
2970 667.0
2971 907.0
2972 859.0
2973 667.0
2974 300.31128
2975 635.0
2976 907.0
2977 635.0
2978 859.0
2979 1211.0
2980 859.0
2981 859.0
2982 635.0
2983 859.0
2984 667.0
2985 782.3521
2986 274.1568
2987 667.0
2988 635.0
2989 907.0
2990 279.62036
2991 667.0
2992 18.142586
2993 603.0
2994 667.0
2995 635.0
2996 667.0
2997 772.22095
2998 253.42264
2999 635.0
3000 667.0
3001 667.0
3002 667.0
3003 907.0
3004 1403.0
3005 354.51666
3006 432.38364
3007 413.19754
3008 441.2713
3009 330.7013
3010 619.11597
3011 512.7899
3012 512.75836
3013 772.39056
3014 356.551
3015 506.89026
3016 539.0
3017 251.0
3018 552.22864
3019 396.90173
3020 368.07727
3021 539.0
3022 357.751
3023 539.0
3024 430.80673
3025 363.22693
3026 303.44095
3027 473.15848
3028 434.4299
3029 513.914
3030 511.16315
3031 404.08203
3032 506.0928
3033 356.551
3034 354.88303
3035 347.67484
3036 539.0
3037 410.67783
3038 539.0
3039 475.5326
3040 467.5535
3041 539.0
3042 355.3605
3043 509.8517
3044 362.3166
3045 542.885
3046 380.23337
3047 515.992
3048 531.19635
3049 407.75043
3050 418.7912
3051 539.0
3052 431.96414
3053 537.3609
3054 429.93192
3055 430.392
3056 417.94705
3057 341.73645
3058 349.73877
3059 459.0
3060 519.0123
3061 539.0
3062 549.221
3063 358.2312
3064 503.17252
3065 526.1497
3066 0.0
3067 459.0
3068 417.48383
3069 410.37787
3070 538.59076
3071 348.33374
3072 347.6
3073 411.9638
3074 335.37668
3075 361.82495
3076 408.03714
3077 539.0
3078 511.85062
3079 539.6
3080 436.19855
3081 499.9875
3082 478.16913
3083 361.10104
3084 500.69882
3085 344.21735
3086 404.9545
3087 451.1674
3088 356.08112
3089 365.868
3090 438.29657
3091 509.36652
3092 362.74005
3093 539.0
3094 463.80917
3095 430.0542
3096 341.2408
3097 389.69626
3098 507.03226
3099 350.18384
3100 428.7712
3101 442.45718
3102 158.78403
3103 476.33008
3104 416.59634
3105 273.40002
3106 615.4322
3107 294.15085
3108 403.98743
3109 231.26538
3110 0.0
3111 257.80005
3112 0.0
3113 491.0
3114 278.41324
3115 213.89484
3116 197.82611
3117 282.7861
3118 573.334
3119 498.95123
3120 306.60336
3121 347.6
3122 379.75372
3123 334.14865
3124 600.5474
3125 302.85977
3126 515.2285
3127 258.40005
3128 571.9452
3129 261.40002
3130 512.68787
3131 245.46083
3132 262.62924
3133 635.61584
3134 243.91916
3135 227.83067
3136 396.50693
3137 427.0
3138 330.74832
3139 197.30487
3140 319.09772
3141 394.7488
3142 272.2
3143 298.93668
3144 82.14508
3145 262.24985
3146 304.88898
3147 429.32965
3148 244.6698
3149 283.50116
3150 240.15826
3151 187.0
3152 392.94232
3153 392.69614
3154 283.0
3155 402.3331
3156 241.88214
3157 283.6
3158 324.85138
3159 391.48947
3160 283.6
3161 377.233
3162 36.414894
3163 254.73991
3164 239.76358
3165 283.0
3166 491.0
3167 512.5914
3168 299.24106
3169 327.40662
3170 379.2662
3171 90.49434
3172 513.08655
3173 402.76212
3174 580.9996
3175 252.17459
3176 254.26703
3177 254.04173
3178 386.77994
3179 267.40002
3180 201.24448
3181 203.00235
3182 352.72977
3183 491.6
3184 261.23206
3185 283.0
3186 283.6
3187 283.6
3188 278.92316
3189 235.94525
3190 244.6698
3191 393.69247
3192 414.46802
3193 227.11848
3194 272.6172
3195 277.3477
3196 332.72675
3197 571.6
3198 499.3842
3199 389.08072
3200 600.847
3201 400.10028
3202 395.58954
3203 268.60004
3204 511.677
3205 350.82504
3206 191.80873
3207 213.74329
3208 329.31342
3209 299.6
3210 269.40625
3211 363.0
3212 203.47292
3213 514.3776
3214 216.08965
3215 348.828
3216 363.0
3217 299.0
3218 174.30696
3219 201.01395
3220 175.82146
3221 204.83797
3222 356.53442
3223 171.0
3224 241.93794
3225 171.0
3226 299.0
3227 299.0
3228 248.14099
3229 180.78441
3230 635.6
3231 171.0
3232 176.86594
3233 188.22768
3234 274.82455
3235 363.6
3236 195.4938
3237 171.0
3238 172.46797
3239 348.828
3240 326.9561
3241 171.0
3242 281.8821
3243 232.22856
3244 299.0
3245 363.0
3246 181.81956
3247 294.5433
3248 183.48232
3249 299.0
3250 328.2716
3251 363.0
3252 299.0
3253 194.6938
3254 171.0
3255 197.12076
3256 326.89474
3257 350.5474
3258 299.0
3259 216.74388
3260 376.81464
3261 291.753
3262 299.0
3263 299.0
3264 199.5184
3265 299.0
3266 281.8821
3267 375.419
3268 363.6
3269 299.0
3270 195.40681
3271 172.134
3272 201.1608
3273 171.0
3274 373.05463
3275 188.95322
3276 180.46323
3277 275.9335
3278 363.6
3279 212.68915
3280 171.0
3281 172.46797
3282 185.753
3283 363.0
3284 299.0
3285 295.87192
3286 68.76514
3287 179.08498
3288 363.0
3289 198.30669
3290 194.6938
3291 171.0
3292 299.6
3293 364.2
3294 197.12076
3295 299.0
3296 187.54857
3297 299.0
3298 282.2
3299 299.0
3300 216.08965
3301 281.92047
3302 175.37938
3303 194.70506
3304 350.82504
3305 555.2904
3306 553.6184
3307 215.47565
3308 376.02313
3309 539.0
3310 210.53247
3311 504.1745
3312 667.0
3313 552.66046
3314 236.73401
3315 374.52835
3316 235.0
3317 404.9098
3318 380.35504
3319 394.1224
3320 359.84064
3321 354.97516
3322 235.0
3323 491.33655
3324 235.0
3325 440.45926
3326 317.16397
3327 556.37024
3328 381.10266
3329 382.46616
3330 380.35504
3331 220.78017
3332 235.0
3333 538.4
3334 235.0
3335 393.8239
3336 587.0
3337 113.838615
3338 235.0
3339 235.0
3340 203.6
3341 204.134
3342 235.0
3343 604.8732
3344 392.06296
3345 737.30347
3346 638.2857
3347 203.0
3348 587.0
3349 555.61884
3350 377.97394
3351 562.4
3352 377.4566
3353 566.6
3354 381.07736
3355 465.9149
3356 539.0
3357 495.3811
3358 218.61053
3359 225.46828
3360 203.0
3361 385.43924
3362 485.89343
3363 382.59225
3364 496.1949
3365 483.87247
3366 209.61462
3367 203.0
3368 377.97394
3369 380.25323
3370 385.3341
3371 614.8052
3372 562.4
3373 369.72458
3374 484.91446
3375 373.66937
3376 622.2889
3377 387.9694
3378 238.468
3379 389.99963
3380 404.9098
3381 384.8523
3382 382.46616
3383 382.46616
3384 96.27063
3385 449.39285
3386 354.37833
3387 211.49522
3388 539.0
3389 380.8532
3390 601.57227
3391 380.8532
3392 382.51044
3393 349.60995
3394 395.17728
3395 377.5864
3396 236.134
3397 235.0
3398 385.61673
3399 433.3116
3400 235.0
3401 235.0
3402 377.97394
3403 491.02036
3404 394.2233
3405 285.268
3406 669.7876
3407 283.0
3408 561.54895
3409 669.7876
3410 429.30914
3411 436.0813
3412 331.0
3413 460.29675
3414 283.0
3415 331.0
3416 666.19727
3417 284.134
3418 453.94498
3419 283.0
3420 283.0
3421 555.0
3422 283.0
3423 574.35187
3424 331.0
3425 637.7965
3426 421.38614
3427 331.0
3428 331.0
3429 577.3637
3430 331.0
3431 579.8616
3432 331.0
3433 810.463
3434 555.0
3435 283.0
3436 507.0
3437 331.0
3438 283.0
3439 382.1619
3440 642.6707
3441 283.0
3442 464.03616
3443 467.9518
3444 283.0
3445 283.0
3446 283.0
3447 331.0
3448 473.74707
3449 283.0
3450 939.6203
3451 576.6526
3452 668.7278
3453 507.6
3454 360.60355
3455 283.0
3456 467.07816
3457 568.8712
3458 577.66284
3459 283.0
3460 283.0
3461 463.87778
3462 467.07816
3463 283.0
3464 283.0
3465 450.49973
3466 822.59607
3467 284.134
3468 653.16437
3469 331.0
3470 507.0
3471 464.03616
3472 577.3637
3473 331.0
3474 475.0
3475 809.1824
3476 507.0
3477 558.46796
3478 574.92224
3479 283.0
3480 331.0
3481 812.731
3482 467.07816
3483 283.0
3484 576.05585
3485 474.19522
3486 283.0
3487 575.3781
3488 461.2234
3489 507.6
3490 459.1723
3491 553.2822
3492 552.8502
3493 465.09363
3494 283.0
3495 569.2941
3496 283.0
3497 331.0
3498 603.0
3499 331.0
3500 283.0
3501 331.0
3502 467.12305
3503 331.0
3504 331.0
3505 248.39745
3506 283.0
3507 540.9606
3508 187.6
3509 323.65137
3510 256.66663
3511 443.7478
3512 552.9474
3513 291.43457
3514 403.87665
3515 283.6
3516 283.0
3517 555.6
3518 417.24084
3519 187.6
3520 187.6
3521 246.84558
3522 255.95961
3523 307.396
3524 250.59679
3525 291.43457
3526 414.39322
3527 286.94775
3528 283.0
3529 276.95932
3530 546.4325
3531 427.86533
3532 430.279
3533 268.2937
3534 308.87125
3535 283.0
3536 283.0
3537 272.27768
3538 283.0
3539 283.0
3540 450.1314
3541 537.4261
3542 279.86948
3543 251.95738
3544 283.6
3545 245.60172
3546 283.6
3547 550.70667
3548 259.28244
3549 244.22707
3550 279.3803
3551 291.40353
3552 283.0
3553 187.6
3554 187.0
3555 303.8255
3556 281.42593
3557 440.37595
3558 247.16432
3559 311.18982
3560 138.84195
3561 283.0
3562 276.95932
3563 255.43567
3564 283.0
3565 256.59137
3566 187.0
3567 244.5351
3568 427.0
3569 250.42035
3570 553.1305
3571 250.27406
3572 187.6
3573 538.5943
3574 283.0
3575 290.22513
3576 267.6211
3577 310.66
3578 283.6
3579 252.75433
3580 262.17957
3581 427.6179
3582 198.16664
3583 418.03827
3584 283.6
3585 547.9432
3586 187.6
3587 276.33704
3588 187.0
3589 254.56384
3590 248.52501
3591 250.59679
3592 283.0
3593 187.0
3594 364.38092
3595 277.52405
3596 289.45544
3597 283.0
3598 272.9868
3599 246.72949
3600 283.6
3601 276.95932
3602 187.0
3603 187.6
3604 308.42346
3605 235.0
3606 235.0
3607 235.0
3608 235.0
3609 235.0
3610 235.0
3611 235.0
3612 235.0
3613 235.0
3614 235.0
3615 235.0
3616 235.0
3617 235.0
3618 235.0
3619 235.0
3620 235.0
3621 235.0
3622 235.0
3623 235.0
3624 235.0
3625 236.134
3626 235.0
3627 235.0
3628 235.0
3629 116.418724
3630 235.0
3631 235.0
3632 235.0
3633 235.0
3634 235.0
3635 235.0
3636 235.0
3637 235.0
3638 235.0
3639 235.0
3640 235.0
3641 235.0
3642 235.0
3643 235.0
3644 235.0
3645 235.0
3646 235.0
3647 235.0
3648 235.0
3649 235.0
3650 235.0
3651 235.0
3652 235.0
3653 235.0
3654 235.0
3655 235.0
3656 495.2788
3657 235.0
3658 235.0
3659 235.0
3660 235.0
3661 235.0
3662 235.0
3663 235.0
3664 235.0
3665 235.0
3666 235.0
3667 235.0
3668 235.0
3669 235.0
3670 235.0
3671 235.0
3672 418.519
3673 235.0
3674 235.0
3675 235.0
3676 235.0
3677 235.0
3678 235.0
3679 498.3551
3680 235.0
3681 235.0
3682 523.0
3683 235.0
3684 235.0
3685 235.0
3686 400.40176
3687 235.0
3688 235.0
3689 235.0
3690 235.0
3691 235.0
3692 235.0
3693 235.0
3694 235.0
3695 235.0
3696 235.0
3697 236.134
3698 235.0
3699 235.0
3700 235.0
3701 235.0
3702 236.134
3703 235.0
3704 235.0
3705 681.6263
3706 315.0
3707 300.11334
3708 338.25284
3709 667.0
3710 381.6042
3711 684.9396
3712 315.0
3713 357.21356
3714 692.5892
3715 462.55298
3716 675.577
3717 700.75433
3718 315.0
3719 315.0
3720 480.97595
3721 497.465
3722 671.4764
3723 638.0547
3724 0.0
3725 647.762
3726 165.32634
3727 316.134
3728 482.56412
3729 315.0
3730 315.0
3731 987.0
3732 775.06976
3733 373.91043
3734 417.26727
3735 757.1136
3736 311.33783
3737 785.2859
3738 788.9397
3739 1130.3109
3740 315.0
3741 315.0
3742 315.0
3743 667.0
3744 483.95615
3745 987.6
3746 86.074104
3747 365.43988
3748 482.56412
3749 688.05585
3750 702.0663
3751 667.6
3752 693.6148
3753 667.0
3754 508.7126
3755 474.66028
3756 315.0
3757 458.34857
3758 1303.3619
3759 384.3146
3760 676.87354
3761 667.0
3762 335.08267
3763 315.0
3764 503.174
3765 300.60004
3766 145.93547
3767 670.5993
3768 640.05585
3769 321.68652
3770 987.0
3771 847.33203
3772 187.11949
3773 664.87665
3774 180.44017
3775 315.0
3776 667.0
3777 752.52386
3778 355.43982
3779 305.8823
3780 667.0
3781 335.4847
3782 253.01569
3783 691.7768
3784 763.0
3785 315.0
3786 710.2645
3787 483.95615
3788 987.6
3789 350.0025
3790 688.05585
3791 515.88586
3792 648.54803
3793 667.0
3794 321.08655
3795 308.7926
3796 478.9865
3797 639.51166
3798 826.2462
3799 682.56036
3800 668.2
3801 322.0854
3802 691.97784
3803 294.00003
3804 469.72394
3805 187.0
3806 187.0
3807 267.0
3808 187.0
3809 187.0
3810 187.0
3811 267.0
3812 248.81201
3813 267.0
3814 187.0
3815 254.5435
3816 187.0
3817 187.0
3818 187.0
3819 267.0
3820 258.44702
3821 187.0
3822 231.67346
3823 187.0
3824 187.0
3825 187.0
3826 187.0
3827 187.0
3828 187.0
3829 187.0
3830 187.0
3831 187.0
3832 187.0
3833 267.0
3834 63.74073
3835 187.0
3836 267.0
3837 187.0
3838 187.0
3839 187.0
3840 187.0
3841 187.0
3842 187.0
3843 187.0
3844 187.0
3845 267.0
3846 187.0
3847 187.0
3848 267.0
3849 187.0
3850 187.0
3851 411.0
3852 187.0
3853 187.0
3854 187.0
3855 187.0
3856 187.0
3857 264.02625
3858 187.0
3859 187.0
3860 267.0
3861 267.0
3862 187.0
3863 246.73462
3864 267.0
3865 267.0
3866 555.0
3867 187.0
3868 267.0
3869 555.0
3870 550.70374
3871 187.0
3872 187.0
3873 267.0
3874 187.0
3875 187.0
3876 555.0
3877 187.0
3878 187.0
3879 41.764023
3880 187.0
3881 187.0
3882 187.0
3883 187.0
3884 188.134
3885 267.0
3886 187.0
3887 187.0
3888 267.0
3889 187.0
3890 187.0
3891 747.0
3892 187.0
3893 253.29462
3894 187.0
3895 267.0
3896 187.0
3897 187.0
3898 187.0
3899 187.0
3900 267.58017
3901 187.0
3902 182.04167
3903 247.94179
3904 267.0
3905 283.0
3906 443.0
3907 571.0
3908 93.235435
3909 78.26467
3910 443.0
3911 443.6
3912 731.0
3913 443.0
3914 284.134
3915 443.0
3916 443.0
3917 443.0
3918 283.0
3919 443.0
3920 283.0
3921 1083.0
3922 284.134
3923 443.0
3924 283.0
3925 443.0
3926 284.134
3927 283.0
3928 283.0
3929 731.0
3930 444.134
3931 283.0
3932 283.0
3933 443.0
3934 283.0
3935 443.0
3936 443.0
3937 443.0
3938 443.0
3939 283.0
3940 283.0
3941 443.0
3942 731.0
3943 443.0
3944 443.0
3945 731.0
3946 283.0
3947 284.134
3948 443.0
3949 443.0
3950 443.0
3951 443.0
3952 731.0
3953 283.0
3954 283.0
3955 443.0
3956 60.23826
3957 284.134
3958 283.0
3959 443.0
3960 283.0
3961 284.134
3962 284.134
3963 443.0
3964 283.0
3965 284.134
3966 283.0
3967 443.0
3968 283.0
3969 283.0
3970 283.0
3971 283.0
3972 443.0
3973 283.0
3974 284.134
3975 443.0
3976 444.134
3977 283.0
3978 731.0
3979 443.0
3980 443.0
3981 283.0
3982 443.0
3983 25.667517
3984 443.0
3985 283.0
3986 283.0
3987 283.0
3988 571.0
3989 283.0
3990 443.0
3991 731.0
3992 443.0
3993 443.0
3994 443.0
3995 443.0
3996 284.134
3997 283.0
3998 283.0
3999 284.134
4000 443.0
4001 283.0
4002 283.0
4003 443.0
4004 283.0
4005 394.79144
4006 393.76944
4007 330.5684
4008 315.0
4009 393.76944
4010 315.0
4011 235.0
4012 564.6794
4013 235.0
4014 203.6
4015 255.88522
4016 315.0
4017 391.10037
4018 235.0
4019 235.0
4020 315.0
4021 315.0
4022 235.0
4023 235.0
4024 315.0
4025 469.8252
4026 393.32617
4027 504.66205
4028 650.5947
4029 391.43542
4030 235.0
4031 379.0
4032 379.0
4033 235.0
4034 270.53885
4035 700.2
4036 315.6
4037 651.0
4038 235.0
4039 235.0
4040 315.0
4041 235.0
4042 379.0
4043 203.0
4044 392.56985
4045 203.0
4046 235.0
4047 315.0
4048 393.02512
4049 646.1452
4050 611.34875
4051 183.3346
4052 203.0
4053 235.0
4054 579.63385
4055 235.0
4056 235.0
4057 315.0
4058 379.0
4059 235.0
4060 235.0
4061 315.0
4062 315.0
4063 315.0
4064 649.53705
4065 243.96907
4066 532.551
4067 327.10037
4068 203.0
4069 403.31308
4070 393.87677
4071 379.6
4072 341.79395
4073 315.6
4074 535.8111
4075 315.0
4076 235.0
4077 379.0
4078 399.74915
4079 315.0
4080 235.0
4081 315.0
4082 235.0
4083 255.34769
4084 235.0
4085 235.0
4086 315.0
4087 647.148
4088 396.69617
4089 315.6
4090 315.0
4091 800.30743
4092 235.0
4093 235.0
4094 315.6
4095 521.51495
4096 315.0
4097 327.10037
4098 545.4984
4099 433.38724
4100 595.1384
4101 379.0
4102 315.0
4103 315.0
4104 546.69836
4105 180.48662
4106 267.6841
4107 266.36853
4108 175.05351
4109 185.96043
4110 356.15826
4111 14.6621475
4112 186.87491
4113 371.3476
4114 370.25345
4115 219.0
4116 434.7405
4117 215.7124
4118 219.0
4119 179.9435
4120 207.61028
4121 211.70645
4122 433.27136
4123 219.0
4124 197.83224
4125 252.49678
4126 219.6
4127 219.0
4128 439.62958
4129 272.74286
4130 370.92355
4131 197.83224
4132 214.78023
4133 191.95001
4134 351.10342
4135 198.0
4136 369.13806
4137 211.25922
4138 183.62074
4139 37.249504
4140 182.28853
4141 219.0
4142 213.97993
4143 368.7937
4144 157.29251
4145 431.15356
4146 420.89816
4147 430.10516
4148 425.9779
4149 313.08453
4150 421.54428
4151 184.8645
4152 219.0
4153 255.89485
4154 151.40242
4155 219.6
4156 371.4874
4157 377.0169
4158 431.06143
4159 1.1340001
4160 6.332483
4161 179.65909
4162 219.0
4163 219.0
4164 387.5034
4165 205.18378
4166 449.61984
4167 359.99536
4168 184.03238
4169 382.02606
4170 371.35056
4171 376.2947
4172 219.0
4173 254.03842
4174 211.9984
4175 309.61536
4176 417.3307
4177 221.1497
4178 413.38663
4179 219.0
4180 366.8082
4181 219.0
4182 211.53201
4183 417.00598
4184 197.83224
4185 203.4272
4186 67.228004
4187 197.54471
4188 219.0
4189 189.55928
4190 311.3134
4191 366.8214
4192 213.6
4193 94.357796
4194 189.6222
4195 209.87997
4196 388.5565
4197 376.50302
4198 197.83224
4199 219.0
4200 407.22162
4201 438.73376
4202 453.20807
4203 167.5217
4204 196.13278
4205 425.7676
4206 427.0
4207 267.0
4208 263.64862
4209 514.3212
4210 188.76369
4211 190.66026
4212 252.54785
4213 359.1573
4214 303.04492
4215 181.14133
4216 168.09009
4217 237.6412
4218 181.15341
4219 241.924
4220 407.9423
4221 207.03767
4222 355.73624
4223 199.75911
4224 176.2282
4225 179.69571
4226 186.67665
4227 190.66026
4228 425.76398
4229 397.04977
4230 136.6821
4231 240.22356
4232 168.49109
4233 225.32916
4234 247.25574
4235 119.98551
4236 416.95953
4237 427.0
4238 153.2447
4239 414.84344
4240 267.6
4241 241.6728
4242 190.05846
4243 210.77148
4244 190.66026
4245 427.0
4246 420.946
4247 416.78897
4248 403.37714
4249 427.0
4250 396.57175
4251 479.52298
4252 192.5541
4253 214.55121
4254 420.9632
4255 194.20721
4256 233.61833
4257 206.9182
4258 267.0
4259 401.94666
4260 330.29285
4261 190.66026
4262 191.53783
4263 316.1772
4264 404.04578
4265 394.8935
4266 334.09485
4267 425.76398
4268 247.55203
4269 427.0
4270 407.1516
4271 427.0
4272 309.74936
4273 146.38966
4274 410.56824
4275 182.29529
4276 182.53163
4277 168.09009
4278 141.57227
4279 364.0638
4280 427.3005
4281 196.41762
4282 140.99168
4283 212.49348
4284 190.66026
4285 243.2367
4286 267.0
4287 207.23341
4288 632.3905
4289 231.83272
4290 198.65224
4291 168.57803
4292 207.97292
4293 427.0
4294 248.5625
4295 384.26193
4296 197.85466
4297 138.64465
4298 177.3316
4299 148.13109
4300 555.6
4301 207.33252
4302 431.65118
4303 397.435
4304 194.6993
4305 497.57977
4306 307.95102
4307 521.8631
4308 369.5496
4309 497.73224
4310 338.4337
4311 328.11066
4312 301.76276
4313 299.73608
4314 484.53406
4315 480.10767
4316 340.07153
4317 284.734
4318 298.10223
4319 280.16913
4320 379.9584
4321 526.28815
4322 333.0388
4323 282.4
4324 330.51874
4325 301.76276
4326 289.9656
4327 288.86258
4328 121.28764
4329 335.3536
4330 300.43433
4331 337.72318
4332 481.34082
4333 256.07727
4334 358.5191
4335 257.0083
4336 403.2854
4337 218.4732
4338 267.93958
4339 203.6
4340 285.89124
4341 13.465455
4342 345.48148
4343 303.93875
4344 395.6
4345 352.05426
4346 374.88953
4347 294.99744
4348 258.48596
4349 482.68356
4350 320.8077
4351 396.2
4352 425.0483
4353 314.06393
4354 121.28764
4355 298.1488
4356 563.7623
4357 484.50192
4358 587.0
4359 203.0
4360 533.355
4361 338.5975
4362 411.6
4363 146.04565
4364 484.29285
4365 476.9282
4366 299.2799
4367 481.7982
4368 251.91135
4369 351.26566
4370 490.41818
4371 307.02206
4372 302.72015
4373 331.37723
4374 411.0
4375 328.0304
4376 323.67636
4377 476.3407
4378 414.848
4379 411.0
4380 358.05356
4381 360.502
4382 331.3351
4383 346.99683
4384 417.68652
4385 318.88135
4386 419.77127
4387 524.76355
4388 489.63226
4389 330.84616
4390 316.2473
4391 296.72693
4392 323.5987
4393 479.53104
4394 283.0
4395 333.42233
4396 362.2007
4397 284.734
4398 296.46426
4399 418.9311
4400 353.4101
4401 583.75385
4402 377.2193
4403 254.468
4404 587.0
4405 411.0
4406 283.0
4407 283.0
4408 411.6
4409 283.0
4410 203.0
4411 265.70285
4412 283.0
4413 482.63055
4414 283.0
4415 331.79178
4416 283.87338
4417 283.18933
4418 466.59842
4419 595.4711
4420 283.0
4421 283.0
4422 259.5684
4423 283.18665
4424 272.90616
4425 348.134
4426 358.574
4427 203.0
4428 283.18665
4429 283.0
4430 268.3547
4431 280.74844
4432 283.0
4433 276.0118
4434 266.81525
4435 249.90952
4436 280.29843
4437 283.0
4438 283.0
4439 283.0
4440 280.08356
4441 411.6
4442 283.0
4443 263.80136
4444 278.019
4445 283.18933
4446 273.3852
4447 283.0
4448 283.0
4449 203.0
4450 283.0
4451 283.18933
4452 281.52756
4453 498.044
4454 283.0
4455 283.0
4456 283.0
4457 276.04034
4458 204.134
4459 283.57935
4460 283.18933
4461 203.0
4462 283.18665
4463 281.7873
4464 283.88855
4465 266.81525
4466 283.0
4467 283.0
4468 283.0
4469 283.0
4470 283.0
4471 283.0
4472 248.96747
4473 411.0
4474 492.10458
4475 283.0
4476 283.0
4477 203.0
4478 277.52493
4479 283.0
4480 278.019
4481 283.0
4482 203.0
4483 280.82776
4484 283.0
4485 283.7365
4486 570.3403
4487 283.0
4488 203.0
4489 403.1631
4490 263.06546
4491 529.5142
4492 283.0
4493 587.4777
4494 589.34735
4495 397.91904
4496 411.0
4497 423.13718
4498 276.8566
4499 271.5468
4500 281.54727
4501 412.2
4502 411.0
4503 283.18933
4504 283.0
4505 507.0
4506 576.4304
4507 299.0
4508 507.0
4509 582.4047
4510 507.0
4511 507.0
4512 507.0
4513 507.0
4514 507.0
4515 507.0
4516 731.0
4517 507.0
4518 235.0
4519 461.4535
4520 507.0
4521 235.0
4522 507.0
4523 507.0
4524 507.0
4525 507.0
4526 507.0
4527 288.70557
4528 304.07727
4529 580.61163
4530 579.384
4531 235.0
4532 235.0
4533 365.92514
4534 483.5684
4535 667.0
4536 507.0
4537 251.91312
4538 507.0
4539 478.751
4540 412.2761
4541 507.0
4542 235.0
4543 507.0
4544 235.0
4545 299.6
4546 507.0
4547 731.0
4548 507.0
4549 507.0
4550 489.65222
4551 507.0
4552 235.0
4553 46.314915
4554 507.0
4555 507.0
4556 507.0
4557 507.0
4558 705.35364
4559 507.0
4560 731.0
4561 235.0
4562 507.0
4563 507.0
4564 731.0
4565 259.1744
4566 581.592
4567 507.0
4568 507.0
4569 710.13556
4570 365.62982
4571 236.00926
4572 507.0
4573 493.39096
4574 492.42715
4575 507.0
4576 235.0
4577 507.0
4578 235.0
4579 507.0
4580 507.0
4581 235.0
4582 731.0
4583 299.0
4584 582.92145
4585 507.0
4586 590.83124
4587 507.0
4588 707.9465
4589 507.0
4590 483.5684
4591 299.0
4592 502.04114
4593 266.01062
4594 507.0
4595 507.0
4596 731.0
4597 235.0
4598 545.857
4599 731.0
4600 713.1775
4601 235.0
4602 499.11066
4603 299.0
4604 711.62006
4605 555.0
4606 376.7495
4607 267.0
4608 731.0
4609 267.0
4610 619.27435
4611 548.8506
4612 267.0
4613 410.5736
4614 267.0
4615 267.0
4616 267.3853
4617 242.89615
4618 769.2436
4619 267.0
4620 555.0
4621 489.31516
4622 267.6
4623 267.0
4624 555.0
4625 267.0
4626 267.0
4627 267.0
4628 267.0
4629 267.0
4630 513.40924
4631 267.0
4632 731.0
4633 547.77686
4634 546.8462
4635 267.0
4636 261.68726
4637 619.0
4638 267.0
4639 584.57794
4640 267.67996
4641 267.0
4642 401.9288
4643 542.3122
4644 237.31592
4645 267.0
4646 383.1169
4647 267.0
4648 890.8613
4649 258.02524
4650 713.84985
4651 389.22412
4652 587.66345
4653 267.0
4654 267.0
4655 387.87555
4656 543.7638
4657 551.7104
4658 267.0
4659 267.0
4660 267.0
4661 267.0
4662 260.89526
4663 545.5783
4664 267.0
4665 267.0
4666 218.49062
4667 547.65753
4668 267.0
4669 267.0
4670 555.0
4671 731.0
4672 248.49007
4673 402.12723
4674 267.0
4675 245.83736
4676 390.7014
4677 555.0
4678 600.25354
4679 259.31726
4680 719.4051
4681 267.0
4682 267.0
4683 255.6416
4684 242.72339
4685 267.0
4686 386.514
4687 592.4875
4688 264.47824
4689 380.3192
4690 264.25674
4691 259.71127
4692 250.204
4693 315.0
4694 267.0
4695 619.0
4696 263.79575
4697 267.0
4698 267.0
4699 267.6
4700 499.92065
4701 765.6566
4702 267.0
4703 619.0
4704 251.21829
4705 531.5054
4706 536.5675
4707 359.1511
4708 24.720238
4709 437.7322
4710 529.5849
4711 400.92468
4712 515.13074
4713 451.15903
4714 0.0
4715 539.0
4716 539.0
4717 43.982166
4718 539.0
4719 522.60645
4720 523.358
4721 715.0
4722 457.4542
4723 715.0
4724 16.815338
4725 512.4303
4726 36.06448
4727 532.45776
4728 652.134
4729 38.207165
4730 539.41455
4731 519.3974
4732 530.5402
4733 530.09607
4734 430.5503
4735 537.18024
4736 401.1072
4737 518.6632
4738 528.28326
4739 368.52646
4740 537.0645
4741 519.09424
4742 532.1652
4743 360.04596
4744 442.7275
4745 42.26924
4746 296.30774
4747 538.4
4748 539.0
4749 514.8215
4750 537.79126
4751 537.0145
4752 534.41327
4753 715.24927
4754 539.0
4755 449.0875
4756 539.0
4757 539.0
4758 539.0
4759 715.0
4760 521.95764
4761 690.7695
4762 539.0
4763 539.0
4764 378.48755
4765 539.0
4766 240.85805
4767 556.2685
4768 422.36993
4769 603.0
4770 21.693462
4771 523.28754
4772 539.0
4773 530.61676
4774 517.83374
4775 512.49005
4776 535.369
4777 370.8276
4778 523.358
4779 537.93524
4780 521.2818
4781 546.8372
4782 539.0
4783 558.10876
4784 553.5821
4785 715.0
4786 635.0
4787 533.76025
4788 356.01627
4789 75.93576
4790 521.803
4791 518.9358
4792 518.36993
4793 392.73517
4794 361.68445
4795 516.60565
4796 29.226803
4797 524.4532
4798 539.0
4799 539.0
4800 525.494
4801 539.0
4802 539.0
4803 22.058884
4804 448.03244
4805 331.0
4806 347.0
4807 577.97375
4808 347.0
4809 347.0
4810 283.0
4811 347.0
4812 344.899
4813 347.0
4814 347.0
4815 347.0
4816 347.0
4817 283.0
4818 347.0
4819 283.6
4820 715.0
4821 347.0
4822 283.0
4823 347.0
4824 340.04712
4825 424.62683
4826 347.0
4827 283.0
4828 347.0
4829 283.0
4830 187.0
4831 283.0
4832 293.9039
4833 347.0
4834 283.0
4835 331.0
4836 347.0
4837 283.0
4838 283.0
4839 347.0
4840 347.0
4841 340.04712
4842 347.0
4843 347.0
4844 283.0
4845 580.60815
4846 347.0
4847 331.0
4848 340.64713
4849 331.0
4850 336.2286
4851 347.0
4852 332.46405
4853 347.0
4854 187.0
4855 283.0
4856 581.0126
4857 283.0
4858 347.0
4859 347.0
4860 283.0
4861 331.0
4862 347.0
4863 347.0
4864 587.0
4865 343.96866
4866 283.0
4867 695.0269
4868 347.0
4869 413.73798
4870 331.0
4871 283.0
4872 187.0
4873 347.0
4874 421.7656
4875 347.0
4876 283.0
4877 283.0
4878 347.0
4879 283.0
4880 283.0
4881 283.0
4882 347.0
4883 715.0
4884 283.0
4885 283.0
4886 347.0
4887 331.0
4888 347.0
4889 347.0
4890 331.0
4891 347.0
4892 347.0
4893 347.0
4894 690.26953
4895 347.0
4896 283.0
4897 347.0
4898 283.0
4899 347.0
4900 347.0
4901 587.0
4902 275.2837
4903 347.0
4904 283.0
4905 299.0
4906 300.134
4907 299.0
4908 427.0
4909 300.134
4910 299.0
4911 300.134
4912 76.58784
4913 299.0
4914 379.0
4915 300.134
4916 300.134
4917 379.0
4918 428.134
4919 299.0
4920 299.0
4921 379.0
4922 299.0
4923 299.0
4924 299.0
4925 299.0
4926 299.0
4927 859.0
4928 142.2529
4929 379.0
4930 299.0
4931 427.0
4932 427.0
4933 299.0
4934 120.44275
4935 299.0
4936 299.0
4937 427.0
4938 379.0
4939 379.0
4940 299.0
4941 299.0
4942 379.0
4943 299.0
4944 427.0
4945 299.0
4946 316.4769
4947 109.30592
4948 299.0
4949 299.0
4950 299.0
4951 427.0
4952 299.0
4953 299.0
4954 380.134
4955 299.0
4956 427.0
4957 428.134
4958 379.0
4959 299.0
4960 380.134
4961 299.0
4962 372.38538
4963 299.0
4964 299.0
4965 299.0
4966 300.134
4967 379.0
4968 299.0
4969 299.0
4970 299.0
4971 299.0
4972 299.0
4973 299.0
4974 299.0
4975 299.0
4976 379.0
4977 299.0
4978 379.0
4979 427.0
4980 427.0
4981 379.0
4982 299.0
4983 299.0
4984 427.0
4985 299.0
4986 299.0
4987 377.866
4988 427.0
4989 379.0
4990 299.0
4991 299.0
4992 369.87906
4993 372.14917
4994 300.134
4995 378.7638
4996 427.0
4997 299.0
4998 299.0
4999 299.0
5000 299.0
5001 427.0
5002 299.0
5003 299.0
5004 299.0
5005 414.98044
5006 313.59912
5007 395.83023
5008 303.1818
5009 375.2814
5010 232.64452
5011 272.583
5012 313.02185
5013 408.14264
5014 356.58572
5015 276.74075
5016 165.30177
5017 388.22202
5018 415.49597
5019 359.25073
5020 215.82872
5021 452.44565
5022 243.73703
5023 10.533526
5024 158.59357
5025 204.51553
5026 238.5767
5027 680.1042
5028 238.59671
5029 239.30595
5030 61.26142
5031 398.11914
5032 366.5423
5033 399.1228
5034 137.98586
5035 388.85648
5036 357.50583
5037 403.95248
5038 194.19978
5039 373.59717
5040 402.35303
5041 389.1392
5042 414.36823
5043 282.61862
5044 201.80107
5045 418.6913
5046 404.6144
5047 0.0
5048 352.86066
5049 248.144
5050 283.432
5051 178.6727
5052 367.41403
5053 253.07721
5054 119.87078
5055 357.15543
5056 287.2888
5057 363.89136
5058 475.0
5059 391.82288
5060 375.7112
5061 33.194744
5062 301.1664
5063 294.99393
5064 251.6
5065 385.3243
5066 475.0
5067 359.8806
5068 360.3965
5069 283.87415
5070 365.05927
5071 353.1968
5072 182.64095
5073 376.79028
5074 203.49226
5075 348.12534
5076 154.43051
5077 386.2054
5078 359.7986
5079 352.0728
5080 378.09732
5081 338.36887
5082 407.8171
5083 358.08984
5084 169.73668
5085 349.24924
5086 402.74686
5087 360.77225
5088 366.36346
5089 361.61417
5090 356.49994
5091 359.608
5092 475.0
5093 435.84274
5094 307.49658
5095 421.17007
5096 371.4969
5097 371.8274
5098 364.31366
5099 365.83353
5100 184.65945
5101 398.1786
5102 251.0
5103 375.70853
5104 371.69302
5105 338.6283
5106 219.0
5107 363.0
5108 363.0
5109 363.0
5110 219.0
5111 476.28775
5112 187.0
5113 363.0
5114 219.0
5115 507.67807
5116 495.54865
5117 205.98903
5118 219.0
5119 187.0
5120 363.0
5121 219.0
5122 363.0
5123 363.0
5124 475.54672
5125 219.0
5126 363.6
5127 187.0
5128 219.0
5129 363.0
5130 219.0
5131 512.9285
5132 218.4
5133 342.60004
5134 240.48128
5135 509.3085
5136 348.3969
5137 219.0
5138 363.0
5139 219.0
5140 187.0
5141 497.46497
5142 515.9824
5143 219.0
5144 363.0
5145 357.95337
5146 363.0
5147 219.0
5148 496.08948
5149 220.134
5150 503.0474
5151 219.0
5152 471.18854
5153 354.04062
5154 493.0181
5155 340.68967
5156 212.38538
5157 552.02936
5158 219.0
5159 363.0
5160 220.134
5161 363.0
5162 219.0
5163 219.0
5164 188.134
5165 219.0
5166 489.29776
5167 363.0
5168 187.0
5169 363.0
5170 363.0
5171 566.1748
5172 363.0
5173 363.0
5174 482.69748
5175 263.9801
5176 341.3155
5177 458.75357
5178 363.0
5179 556.92175
5180 187.0
5181 525.8668
5182 363.0
5183 219.0
5184 484.2723
5185 219.0
5186 219.0
5187 363.0
5188 491.5631
5189 363.6
5190 471.52618
5191 373.2606
5192 552.02936
5193 363.0
5194 187.0
5195 342.19186
5196 348.00003
5197 363.6
5198 187.0
5199 363.0
5200 363.0
