1 36.362427
2 3.2185202
3 355.5583
4 17.650225
5 94.10263
6 128.47351
7 0.0
8 137.19353
9 1.4414183
10 108.4073
11 203.0
12 12.741287
13 73.23527
14 13.988722
15 23.768837
16 0.0
17 0.0
18 77.173836
19 33.84327
20 33.407993
21 85.55824
22 43.79019
23 183.58595
24 55.093845
25 97.33211
26 0.0
27 27.761286
28 12.38352
29 0.0
30 250.1618
31 1.1340001
32 41.484444
33 6.6865206
34 257.25705
35 152.53453
36 206.0867
37 287.2771
38 8.761859
39 79.92996
40 122.191826
41 27.75549
42 0.0
43 135.00168
44 0.0
45 203.0
46 18.907034
47 251.96577
48 18.150824
49 182.30772
50 0.0
51 26.063652
52 133.83405
53 202.3766
54 35.176537
55 15.6425
56 463.84174
57 0.6
58 170.21873
59 149.26471
60 17.620531
61 90.79525
62 39.489204
63 0.0
64 47.84644
65 142.23051
66 299.0
67 0.0
68 35.39611
69 122.49488
70 0.0
71 0.0
72 195.33212
73 142.51953
74 4.460044
75 71.12671
76 169.1211
77 48.610893
78 20.778868
79 2.173694
80 0.0
81 0.0
82 49.532906
83 42.23243
84 21.680817
85 1.2
86 0.0
87 32.694077
88 325.76953
89 226.92284
90 18.499077
91 17.243383
92 10.921513
93 0.0
94 14.272363
95 167.47739
96 143.57825
97 3.615629
98 67.2115
99 204.134
100 250.38802
101 0.0
102 331.0
103 155.0
104 315.6004
105 133.72946
106 219.0
107 70.79186
108 331.0
109 159.77281
110 363.0
111 445.52588
112 155.0
113 219.0
114 132.97504
115 106.35204
116 305.12338
117 30.690748
118 284.2
119 15.568393
120 20.312769
121 57.346622
122 219.0
123 196.55101
124 180.03595
125 196.14198
126 219.0
127 252.49669
128 92.26213
129 164.0
130 30.690748
131 79.70374
132 48.442932
133 187.06462
134 143.33058
135 219.0
136 107.44581
137 96.667114
138 56.72501
139 147.75046
140 187.0
141 24.485054
142 70.47123
143 79.64687
144 -0.53400004
145 86.94826
146 155.0
147 331.6
148 116.4984
149 105.534645
150 189.96707
151 13.045163
152 45.954147
153 0.0
154 61.96572
155 219.0
156 96.94172
157 19.857435
158 180.55377
159 99.18155
160 97.01684
161 0.0
162 122.36156
163 38.51246
164 0.0
165 153.83258
166 94.968
167 143.98572
168 31.20848
169 274.31345
170 219.0
171 219.0
172 219.0
173 155.0
174 219.0
175 29.713917
176 61.137657
177 148.54121
178 68.48089
179 0.0
180 89.14758
181 210.24646
182 0.0
183 19.253204
184 46.97944
185 0.0
186 155.0
187 173.60664
188 171.93349
189 0.0
190 155.0
191 0.0
192 68.66952
193 110.01374
194 153.26599
195 77.56758
196 43.487183
197 0.0
198 61.786076
199 182.59756
200 95.141754
201 397.6082
202 267.0
203 45.935936
204 330.70886
205 418.49286
206 306.9506
207 415.25302
208 381.8607
209 244.71631
210 252.52483
211 251.0694
212 418.3809
213 118.72444
214 281.12048
215 234.39987
216 267.0
217 263.70914
218 259.60675
219 325.645
220 141.10751
221 65.0592
222 165.2463
223 99.941444
224 120.73206
225 216.34662
226 229.46167
227 391.1231
228 267.0
229 144.26863
230 229.40019
231 142.07625
232 220.70839
233 140.52611
234 49.91125
235 249.02826
236 116.355446
237 45.950035
238 62.276775
239 57.32301
240 376.4931
241 296.41476
242 41.821465
243 51.6784
244 267.0
245 221.55101
246 67.42259
247 206.10753
248 253.46825
249 0.0
250 55.82445
251 121.8795
252 443.75702
253 254.27675
254 0.0
255 0.0
256 120.31984
257 292.0
258 48.87432
259 44.757687
260 101.033104
261 0.0
262 6.6146307
263 337.74432
264 235.91534
265 213.2
266 316.97958
267 62.664352
268 372.34564
269 35.830235
270 60.195885
271 145.42462
272 23.512072
273 2.2680001
274 0.0
275 29.527214
276 213.63297
277 128.808
278 106.59181
279 244.44212
280 119.03326
281 108.40329
282 16.094534
283 0.0
284 241.79964
285 160.26552
286 273.66898
287 371.93924
288 118.6054
289 441.9604
290 329.16287
291 101.17127
292 163.78009
293 163.67761
294 18.716488
295 379.20612
296 20.74344
297 123.31306
298 454.8081
299 267.6
300 71.5632
301 239.89677
302 233.13788
303 0.0
304 250.18958
305 251.0
306 249.16025
307 251.0
308 251.33372
309 236.6626
310 228.09685
311 139.89536
312 100.05896
313 251.6
314 246.60695
315 251.0
316 129.61668
317 216.61528
318 54.148006
319 25.703554
320 216.66484
321 87.602776
322 54.910637
323 181.32271
324 97.971535
325 338.0202
326 48.242096
327 230.92639
328 251.0
329 101.68982
330 38.01463
331 156.93117
332 180.31984
333 54.423595
334 184.51701
335 32.94326
336 127.51666
337 0.0
338 246.44502
339 113.72033
340 247.61238
341 172.75478
342 168.20369
343 0.0
344 234.1362
345 154.11864
346 129.45764
347 162.27908
348 153.40718
349 218.45732
350 163.43297
351 108.28071
352 5.8777027
353 97.784454
354 223.02316
355 181.16415
356 160.14058
357 143.88997
358 174.3602
359 117.95838
360 33.668
361 216.59444
362 15.580452
363 23.304873
364 105.00544
365 35.98979
366 157.41614
367 117.93668
368 191.0638
369 82.86252
370 47.96489
371 76.023994
372 94.123856
373 229.75798
374 71.56388
375 170.15723
376 33.907497
377 104.466095
378 247.54672
379 87.70579
380 152.22002
381 242.07153
382 75.59773
383 41.174816
384 18.382706
385 114.80764
386 148.57329
387 81.38907
388 6.6146307
389 449.70462
390 180.61064
391 0.0
392 0.20921183
393 0.0
394 185.41592
395 127.75681
396 71.65494
397 21.251364
398 113.039604
399 181.12894
400 217.74538
401 254.66684
402 129.20049
403 427.0
404 238.57336
405 418.2139
406 80.66814
407 130.59418
408 196.90857
409 203.0
410 597.6391
411 237.7745
412 153.16881
413 203.0
414 41.03079
415 153.79404
416 315.0
417 203.0
418 75.20555
419 274.9092
420 203.0
421 392.5744
422 186.97456
423 474.42804
424 146.473
425 182.04951
426 116.52627
427 203.0
428 100.05742
429 108.20031
430 77.20135
431 203.0
432 190.11787
433 160.26161
434 192.89815
435 166.87286
436 203.0
437 264.68924
438 159.89032
439 151.18677
440 90.80321
441 32.626278
442 89.3423
443 178.0375
444 167.80153
445 50.582443
446 203.0
447 164.90257
448 97.27803
449 203.0
450 172.52594
451 109.36554
452 144.54315
453 200.14442
454 84.20727
455 8.351004
456 171.44087
457 203.0
458 203.0
459 319.71725
460 262.91443
461 98.3029
462 203.0
463 24.370363
464 110.777954
465 204.134
466 76.402245
467 203.0
468 204.134
469 190.95833
470 285.51413
471 38.247208
472 89.73465
473 69.5527
474 203.0
475 0.0
476 77.13186
477 203.0
478 143.13124
479 118.55569
480 146.60202
481 170.0729
482 286.0078
483 279.02164
484 203.0
485 33.514763
486 125.6637
487 17.520632
488 123.253105
489 112.76249
490 70.7551
491 126.05067
492 398.44278
493 108.2686
494 172.76346
495 66.90196
496 17.850605
497 43.197414
498 151.4431
499 312.666
500 203.0
501 169.8
502 408.98038
503 169.72284
504 235.0
505 363.0
506 236.134
507 236.134
508 235.0
509 149.49306
510 211.39258
511 230.54213
512 236.134
513 155.647
514 147.56763
515 235.0
516 351.6176
517 123.127686
518 171.0
519 138.49846
520 143.34044
521 363.0
522 171.0
523 363.26672
524 171.0
525 171.0
526 235.0
527 235.0
528 185.5945
529 22.963945
530 171.0
531 363.0
532 171.0
533 67.6599
534 171.0
535 224.3155
536 171.0
537 131.4258
538 133.90517
539 123.55072
540 42.157658
541 1.7340001
542 169.8
543 189.51732
544 170.43823
545 164.65166
546 235.0
547 5.3755016
548 171.0
549 171.0
550 103.995026
551 121.98826
552 349.43774
553 171.0
554 235.0
555 140.22198
556 171.0
557 64.07568
558 95.099884
559 171.0
560 235.0
561 131.81516
562 151.2583
563 171.0
564 171.0
565 161.64166
566 80.38219
567 363.3986
568 235.0
569 236.134
570 186.01369
571 129.01224
572 236.134
573 150.9773
574 189.78654
575 235.0
576 114.75795
577 387.3483
578 80.19691
579 352.92477
580 170.15028
581 0.0
582 103.92758
583 235.0
584 193.36722
585 86.92005
586 363.0
587 235.0
588 235.0
589 105.91945
590 110.002365
591 75.2183
592 235.0
593 155.75972
594 171.0
595 363.0
596 42.526493
597 112.88701
598 91.14506
599 99.55205
600 81.65459
601 304.85645
602 118.69207
603 279.95667
604 315.0
605 219.0
606 219.0
607 220.134
608 204.45013
609 219.0
610 87.790565
611 260.44363
612 219.0
613 219.0
614 310.52637
615 201.55771
616 219.0
617 315.0
618 315.0
619 293.58905
620 219.0
621 219.0
622 248.8396
623 179.01105
624 211.14049
625 117.45527
626 307.80997
627 252.90764
628 219.0
629 219.0
630 219.0
631 286.84186
632 310.82004
633 219.0
634 219.0
635 104.2957
636 282.38083
637 219.0
638 91.5037
639 155.7027
640 219.0
641 291.0927
642 152.99661
643 205.84834
644 219.0
645 142.8207
646 219.0
647 459.0
648 257.7217
649 315.0
650 279.92584
651 197.49294
652 220.134
653 219.0
654 208.0355
655 219.0
656 174.2153
657 202.3826
658 459.0
659 200.74103
660 220.134
661 106.978905
662 200.83208
663 281.3755
664 219.0
665 219.0
666 149.2304
667 296.41046
668 219.0
669 219.0
670 188.43646
671 36.264854
672 207.42867
673 95.76716
674 65.988884
675 194.39218
676 220.134
677 109.54641
678 73.43648
679 240.36023
680 301.8169
681 269.19293
682 220.134
683 269.3201
684 199.28638
685 154.30139
686 13.546746
687 315.0
688 151.25418
689 103.89
690 219.0
691 107.33655
692 195.18773
693 315.0
694 156.50708
695 105.323715
696 219.0
697 219.0
698 177.26213
699 315.0
700 201.86871
701 753.4695
702 253.76338
703 267.0
704 265.8212
705 267.6
706 56.360992
707 203.0
708 267.0
709 260.17383
710 184.35252
711 88.4485
712 245.30507
713 118.064865
714 254.25433
715 244.77847
716 237.0401
717 247.28877
718 258.5277
719 39.30589
720 79.22573
721 249.47552
722 267.0
723 242.89246
724 239.78143
725 242.8066
726 158.84492
727 254.39365
728 248.13779
729 259.5951
730 112.59577
731 246.43642
732 109.44074
733 267.6
734 203.6
735 246.75856
736 250.77351
737 215.31113
738 203.0
739 188.92784
740 47.379604
741 256.0948
742 207.34654
743 50.0452
744 244.89581
745 259.65137
746 243.63475
747 260.86148
748 236.69655
749 217.00108
750 102.74811
751 273.61462
752 203.0
753 250.58946
754 40.49232
755 363.0
756 174.6428
757 172.41324
758 94.99163
759 234.67986
760 98.52368
761 242.64874
762 255.54668
763 244.166
764 203.0
765 153.37231
766 243.83353
767 105.48183
768 185.71413
769 259.1646
770 203.0
771 204.134
772 267.6
773 35.87299
774 89.33692
775 244.5609
776 12.489238
777 263.15857
778 76.03898
779 90.61901
780 0.0
781 245.46306
782 54.184395
783 80.05458
784 265.72748
785 59.059315
786 237.50365
787 67.17738
788 51.794617
789 125.9798
790 166.10641
791 315.0
792 137.52234
793 267.0
794 77.14282
795 252.67451
796 241.70766
797 245.49619
798 39.676468
799 131.20816
800 41.80375
801 753.4695
802 267.0
803 267.0
804 164.0
805 420.51648
806 546.56146
807 1275.0
808 93.13817
809 109.31852
810 617.8012
811 125.68681
812 125.75329
813 544.59625
814 175.12721
815 347.0679
816 219.0
817 180.35428
818 202.60167
819 219.0
820 554.08405
821 140.92137
822 166.15826
823 264.62375
824 350.19708
825 293.251
826 219.0
827 176.18137
828 187.0
829 219.0
830 436.2978
831 603.0
832 219.0
833 377.32358
834 91.177284
835 532.66986
836 245.95734
837 458.36667
838 435.1557
839 170.77441
840 169.58183
841 267.0
842 191.32849
843 541.4005
844 447.91315
845 399.5286
846 260.0
847 219.0
848 439.49194
849 266.0838
850 203.67715
851 106.27409
852 0.0
853 104.84186
854 158.89125
855 265.87982
856 120.36621
857 82.398895
858 187.0
859 126.059105
860 219.0
861 126.29696
862 2.1304786
863 148.83446
864 432.77426
865 555.0
866 511.42517
867 153.00067
868 57.662807
869 175.43845
870 0.27350676
871 87.56887
872 267.0
873 26.929998
874 131.47905
875 83.78312
876 255.20488
877 85.894394
878 547.09265
879 110.585526
880 340.99207
881 187.0
882 555.0
883 14.571358
884 219.0
885 0.0
886 550.37836
887 367.5093
888 56.07461
889 267.0
890 76.06724
891 88.392456
892 220.134
893 220.134
894 86.89497
895 133.8169
896 1067.0
897 100.52192
898 267.0
899 219.0
900 636.134
901 170.2579
902 1275.0
903 219.0
904 219.0
905 524.134
906 551.1931
907 523.0
908 443.0
909 219.0
910 219.0
911 219.0
912 316.134
913 219.0
914 208.68004
915 316.134
916 219.0
917 175.61462
918 315.0
919 219.0
920 289.4904
921 219.0
922 220.134
923 219.0
924 224.27406
925 321.58545
926 219.0
927 333.72696
928 197.77945
929 333.1452
930 219.0
931 241.98874
932 273.0105
933 350.77362
934 523.0
935 344.57285
936 315.0
937 219.0
938 219.0
939 219.0
940 219.0
941 191.15038
942 219.0
943 219.0
944 115.155464
945 443.0
946 219.0
947 219.0
948 316.134
949 219.0
950 219.0
951 219.0
952 219.0
953 125.750626
954 54.826878
955 154.9665
956 143.40294
957 181.69424
958 315.0
959 48.2854
960 315.0
961 0.0
962 315.0
963 240.57951
964 443.0
965 220.134
966 220.134
967 204.26437
968 443.0
969 266.61462
970 71.4703
971 104.80258
972 219.0
973 219.0
974 220.134
975 219.0
976 219.0
977 142.4199
978 219.0
979 280.37515
980 219.0
981 219.0
982 219.0
983 288.4036
984 185.82878
985 158.7438
986 95.18891
987 324.42538
988 98.78564
989 219.0
990 60.405533
991 219.0
992 219.0
993 220.134
994 220.134
995 524.134
996 136.84244
997 321.85083
998 191.58905
999 71.247185
1000 326.98895
1001 219.0
1002 204.35913
1003 378.13165
1004 300.801
1005 310.686
1006 312.6607
1007 297.90906
1008 322.54886
1009 330.89767
1010 171.0
1011 314.50705
1012 317.86713
1013 322.82715
1014 277.34937
1015 171.0
1016 218.10828
1017 305.95743
1018 321.10892
1019 295.87558
1020 356.4953
1021 300.4853
1022 293.5757
1023 171.0
1024 333.63925
1025 305.9898
1026 309.33893
1027 309.34586
1028 304.20804
1029 315.96454
1030 291.2457
1031 171.0
1032 300.04187
1033 365.89496
1034 391.40512
1035 359.3169
1036 341.2018
1037 271.7562
1038 171.0
1039 286.77814
1040 292.27762
1041 333.77997
1042 307.89853
1043 245.73412
1044 124.9887
1045 123.83786
1046 310.91296
1047 288.011
1048 336.93945
1049 295.2321
1050 349.56665
1051 192.18857
1052 331.80994
1053 347.43298
1054 289.40524
1055 297.1437
1056 297.2587
1057 171.0
1058 301.91858
1059 328.47348
1060 219.91963
1061 319.20645
1062 60.73722
1063 316.728
1064 305.41354
1065 337.1652
1066 326.2185
1067 264.51074
1068 379.63962
1069 304.59552
1070 293.33817
1071 198.6561
1072 293.1797
1073 302.0636
1074 292.31085
1075 161.77391
1076 171.0
1077 270.80402
1078 106.45521
1079 256.37698
1080 323.77313
1081 317.1124
1082 304.7506
1083 314.9364
1084 230.1024
1085 307.64627
1086 302.57556
1087 319.94766
1088 294.48224
1089 171.0
1090 171.0
1091 286.85928
1092 171.0
1093 325.8379
1094 171.0
1095 295.20032
1096 310.45795
1097 316.87
1098 171.0
1099 303.64413
1100 323.69113
1101 216.31642
1102 359.2318
1103 268.134
1104 239.88913
1105 267.0
1106 405.94073
1107 267.0
1108 267.0
1109 267.0
1110 267.0
1111 344.7802
1112 267.0
1113 418.4299
1114 267.0
1115 267.0
1116 267.0
1117 267.0
1118 317.94415
1119 267.0
1120 267.0
1121 267.0
1122 267.0
1123 235.79324
1124 268.134
1125 432.4139
1126 267.0
1127 268.134
1128 267.0
1129 469.52628
1130 267.0
1131 229.55591
1132 267.0
1133 267.0
1134 407.021
1135 267.0
1136 267.0
1137 420.2264
1138 267.0
1139 267.0
1140 267.0
1141 267.0
1142 267.0
1143 227.08386
1144 267.0
1145 343.85587
1146 267.0
1147 267.0
1148 412.29858
1149 267.0
1150 267.0
1151 446.14105
1152 267.0
1153 267.0
1154 267.0
1155 267.0
1156 201.866
1157 449.31216
1158 267.0
1159 294.82138
1160 403.18793
1161 83.938576
1162 248.02496
1163 267.0
1164 267.0
1165 411.00653
1166 275.23605
1167 267.0
1168 267.0
1169 255.16432
1170 267.0
1171 267.0
1172 233.869
1173 267.0
1174 267.0
1175 127.51887
1176 267.0
1177 217.44751
1178 267.0
1179 403.92395
1180 267.06088
1181 267.0
1182 267.0
1183 267.0
1184 253.51561
1185 267.0
1186 267.0
1187 390.52704
1188 461.37863
1189 267.0
1190 421.2065
1191 267.0
1192 174.43396
1193 251.99883
1194 267.0
1195 267.0
1196 202.934
1197 267.0
1198 267.0
1199 440.9669
1200 267.0
1201 342.5068
1202 267.0
1203 265.679
1204 405.97943
1205 219.0
1206 342.1376
1207 280.21457
1208 293.45996
1209 282.3097
1210 344.45465
1211 219.0
1212 330.9558
1213 331.05435
1214 337.74075
1215 219.0
1216 288.49762
1217 283.28207
1218 219.0
1219 445.22226
1220 356.0779
1221 432.95538
1222 219.0
1223 214.0838
1224 219.0
1225 296.4925
1226 268.3199
1227 340.87195
1228 432.1762
1229 312.36685
1230 490.5312
1231 274.03046
1232 350.90808
1233 219.0
1234 509.91132
1235 220.134
1236 331.2211
1237 219.0
1238 293.66013
1239 475.6
1240 219.0
1241 270.80862
1242 280.5362
1243 219.0
1244 220.134
1245 219.0
1246 338.28723
1247 269.65778
1248 287.86826
1249 219.0
1250 219.0
1251 219.0
1252 220.05226
1253 296.98804
1254 338.49826
1255 42.29939
1256 349.3724
1257 120.59078
1258 67.423546
1259 219.0
1260 183.331
1261 314.8085
1262 475.6
1263 320.7276
1264 219.0
1265 207.96053
1266 190.24356
1267 216.82706
1268 219.0
1269 374.1287
1270 219.0
1271 370.2735
1272 280.05615
1273 219.0
1274 219.0
1275 347.8098
1276 219.0
1277 270.99435
1278 219.0
1279 350.38986
1280 270.07803
1281 363.2179
1282 346.26523
1283 363.6076
1284 276.6
1285 219.0
1286 327.97293
1287 383.58643
1288 437.347
1289 219.0
1290 219.0
1291 219.0
1292 219.0
1293 265.96838
1294 219.0
1295 99.81084
1296 120.3907
1297 365.64316
1298 220.134
1299 266.80872
1300 361.93634
1301 219.0
1302 681.94275
1303 341.00574
1304 244.49933
1305 239.73392
1306 393.866
1307 363.0
1308 363.0
1309 301.2868
1310 312.9498
1311 275.52765
1312 299.4729
1313 363.0
1314 388.07047
1315 219.0
1316 523.7369
1317 42.66773
1318 395.0
1319 366.71838
1320 395.0
1321 220.134
1322 515.556
1323 314.02756
1324 341.751
1325 395.0
1326 296.8864
1327 315.0
1328 263.61115
1329 222.64151
1330 376.40945
1331 395.0
1332 220.73401
1333 368.41742
1334 381.4619
1335 235.0
1336 363.0
1337 395.0
1338 231.8378
1339 365.20926
1340 228.43073
1341 315.0
1342 362.19144
1343 395.0
1344 184.74731
1345 378.36902
1346 225.09758
1347 220.134
1348 402.64398
1349 301.07645
1350 385.70886
1351 438.99515
1352 164.59198
1353 315.6
1354 224.26447
1355 300.48703
1356 315.0
1357 395.0
1358 356.84485
1359 308.77917
1360 219.0
1361 246.13971
1362 363.0
1363 245.751
1364 199.65146
1365 395.0
1366 288.6771
1367 559.90027
1368 224.48653
1369 408.70715
1370 395.0
1371 542.57324
1372 315.0
1373 277.7245
1374 251.60783
1375 398.36935
1376 232.0069
1377 226.51875
1378 299.4366
1379 316.134
1380 172.01025
1381 552.53754
1382 113.11136
1383 395.0
1384 391.56567
1385 395.6
1386 222.83472
1387 229.52794
1388 283.62036
1389 219.91862
1390 246.70416
1391 330.24274
1392 289.537
1393 221.334
1394 315.0
1395 219.0
1396 219.0
1397 155.05275
1398 219.0
1399 199.00107
1400 178.21765
1401 395.0
1402 291.64017
1403 299.0
1404 522.7017
1405 379.6
1406 253.33533
1407 379.6
1408 563.67694
1409 379.0
1410 441.2926
1411 203.0
1412 379.6
1413 571.0
1414 299.0
1415 571.0
1416 569.8
1417 379.0
1418 489.64664
1419 257.71423
1420 299.0
1421 360.1819
1422 491.38098
1423 580.78876
1424 377.8
1425 373.2402
1426 490.4417
1427 195.8158
1428 376.20575
1429 320.22806
1430 347.60107
1431 379.6
1432 356.21402
1433 387.9555
1434 346.74493
1435 203.0
1436 227.17441
1437 299.0
1438 203.0
1439 379.0
1440 371.46066
1441 379.0
1442 203.0
1443 379.0
1444 286.19843
1445 355.45786
1446 379.0
1447 391.3392
1448 203.0
1449 283.67014
1450 238.80397
1451 299.6
1452 255.13486
1453 299.0
1454 265.94424
1455 170.89706
1456 349.8853
1457 492.34814
1458 379.6
1459 299.0
1460 203.0
1461 203.0
1462 379.6
1463 203.0
1464 379.0
1465 215.198
1466 379.0
1467 59.82504
1468 398.66183
1469 379.0
1470 379.0
1471 386.28302
1472 372.47018
1473 173.41422
1474 350.7791
1475 342.98465
1476 34.347885
1477 78.101654
1478 299.0
1479 203.0
1480 95.30512
1481 197.51613
1482 372.38608
1483 351.1458
1484 352.69855
1485 370.43604
1486 379.0
1487 502.2882
1488 142.8598
1489 136.12314
1490 350.80197
1491 368.6951
1492 203.0
1493 379.0
1494 379.0
1495 299.0
1496 379.0
1497 571.0
1498 396.47717
1499 564.68286
1500 436.0401
1501 328.04272
1502 379.0
1503 203.0
1504 155.0
1505 203.0
1506 299.0
1507 363.0
1508 270.86612
1509 203.0
1510 203.0
1511 47.97142
1512 353.22168
1513 360.34232
1514 204.134
1515 204.134
1516 203.0
1517 155.0
1518 203.0
1519 203.0
1520 203.0
1521 203.0
1522 267.0
1523 203.0
1524 203.0
1525 203.0
1526 203.0
1527 203.0
1528 155.0
1529 299.0
1530 204.134
1531 203.0
1532 155.0
1533 220.44229
1534 203.0
1535 203.0
1536 203.0
1537 267.0
1538 139.90794
1539 267.0
1540 90.98185
1541 203.0
1542 122.59999
1543 203.0
1544 203.0
1545 299.0
1546 203.0
1547 203.0
1548 203.0
1549 204.134
1550 203.0
1551 358.70126
1552 155.0
1553 155.0
1554 140.32883
1555 121.19744
1556 203.0
1557 203.0
1558 203.0
1559 341.26157
1560 203.0
1561 203.0
1562 203.0
1563 155.0
1564 155.0
1565 137.54335
1566 203.0
1567 155.0
1568 198.71107
1569 203.0
1570 300.134
1571 203.0
1572 109.022545
1573 203.0
1574 155.0
1575 155.0
1576 363.0
1577 203.0
1578 259.50302
1579 203.0
1580 346.94812
1581 203.0
1582 203.0
1583 155.0
1584 203.0
1585 203.0
1586 283.0
1587 103.497086
1588 203.0
1589 203.0
1590 203.0
1591 156.134
1592 155.0
1593 203.0
1594 92.18782
1595 155.0
1596 203.0
1597 426.27933
1598 203.0
1599 203.0
1600 203.0
1601 283.0
1602 204.134
1603 796.92865
1604 287.23566
1605 299.0
1606 763.0
1607 99.824684
1608 299.0
1609 288.57755
1610 397.92108
1611 272.9455
1612 113.5352
1613 286.18973
1614 119.04147
1615 557.4785
1616 295.57947
1617 273.45618
1618 98.54289
1619 232.88536
1620 281.58737
1621 107.55164
1622 183.28078
1623 181.7522
1624 292.62933
1625 288.26187
1626 74.51748
1627 299.0
1628 299.0
1629 277.256
1630 114.96822
1631 274.22607
1632 239.2171
1633 299.0
1634 299.0
1635 68.356346
1636 79.41342
1637 288.7507
1638 619.0
1639 763.0
1640 762.35693
1641 763.0
1642 763.0
1643 299.0
1644 42.88867
1645 619.0
1646 299.0
1647 79.31911
1648 218.11139
1649 227.3339
1650 262.43756
1651 293.62988
1652 299.0
1653 1054.9036
1654 297.08194
1655 299.0
1656 582.81757
1657 299.0
1658 763.0
1659 105.13916
1660 298.45367
1661 246.73071
1662 239.00652
1663 134.71902
1664 233.91675
1665 438.9196
1666 109.354065
1667 619.0
1668 145.14069
1669 282.66336
1670 65.82158
1671 763.6
1672 70.086815
1673 299.0
1674 298.6252
1675 281.07944
1676 32.267323
1677 763.0
1678 583.1469
1679 143.61174
1680 284.37708
1681 299.10977
1682 279.6113
1683 270.34155
1684 290.47974
1685 546.3191
1686 71.14823
1687 105.465744
1688 93.86388
1689 243.27995
1690 827.5393
1691 235.029
1692 292.08792
1693 246.53337
1694 763.0
1695 299.6
1696 299.0
1697 619.0
1698 156.323
1699 296.47375
1700 44.6351
1701 235.49715
1702 273.26614
1703 496.16437
1704 494.34854
1705 491.89853
1706 396.10654
1707 593.4409
1708 590.64526
1709 506.795
1710 483.84106
1711 497.8862
1712 491.7672
1713 495.899
1714 494.50058
1715 564.47675
1716 290.02765
1717 574.51685
1718 489.26913
1719 405.9855
1720 498.16467
1721 334.1704
1722 349.17126
1723 159.3989
1724 481.49344
1725 635.0
1726 483.10883
1727 495.73514
1728 483.5091
1729 176.21791
1730 507.0
1731 203.0
1732 383.54935
1733 490.30722
1734 454.58524
1735 488.27948
1736 507.42117
1737 304.2906
1738 506.61978
1739 493.5603
1740 292.6739
1741 299.07718
1742 502.32114
1743 140.18103
1744 479.2922
1745 502.75336
1746 228.0
1747 476.69055
1748 497.43512
1749 204.134
1750 207.58263
1751 506.60138
1752 483.83536
1753 203.0
1754 258.86038
1755 350.50848
1756 250.45659
1757 500.9464
1758 937.4987
1759 439.20352
1760 711.09564
1761 115.98848
1762 274.6334
1763 499.38086
1764 635.0
1765 175.55406
1766 485.9718
1767 416.819
1768 307.91803
1769 603.0
1770 496.63382
1771 203.0
1772 121.96678
1773 479.92548
1774 504.84402
1775 505.1
1776 56.71274
1777 493.178
1778 492.68436
1779 203.0
1780 506.46506
1781 57.574345
1782 481.2308
1783 132.70848
1784 203.0
1785 484.0766
1786 497.1549
1787 324.3296
1788 93.12191
1789 138.67159
1790 505.54974
1791 482.73837
1792 502.82162
1793 302.4729
1794 501.82507
1795 494.44666
1796 332.91028
1797 203.0
1798 490.75604
1799 109.64845
1800 507.0
1801 319.11472
1802 280.37207
1803 347.0
1804 971.0
1805 299.0
1806 626.8613
1807 347.0
1808 880.54663
1809 971.0
1810 578.2132
1811 513.3143
1812 779.1861
1813 249.04277
1814 341.8796
1815 224.78276
1816 299.0
1817 267.0
1818 268.134
1819 541.0986
1820 604.7345
1821 633.0653
1822 862.468
1823 645.8102
1824 858.25183
1825 827.0
1826 549.8673
1827 267.0
1828 645.0539
1829 971.0
1830 875.0
1831 875.0
1832 112.9353
1833 624.59766
1834 627.3387
1835 347.0
1836 267.0
1837 783.14575
1838 812.50854
1839 267.0
1840 651.21924
1841 822.3554
1842 299.0
1843 209.12125
1844 614.7128
1845 299.0
1846 459.5897
1847 267.0
1848 792.36224
1849 299.0
1850 569.4704
1851 645.2727
1852 623.21783
1853 300.134
1854 263.54572
1855 971.0
1856 292.0
1857 876.2
1858 788.17316
1859 605.71564
1860 299.0
1861 574.05994
1862 250.6174
1863 229.88597
1864 574.5208
1865 808.0887
1866 825.1071
1867 299.0
1868 702.70074
1869 267.0
1870 277.02457
1871 646.7014
1872 802.9
1873 143.03851
1874 245.96571
1875 48.291336
1876 637.57
1877 971.0
1878 828.2
1879 267.0
1880 785.4652
1881 876.2
1882 680.8386
1883 160.05287
1884 622.0884
1885 134.23148
1886 299.0
1887 632.20917
1888 299.0
1889 267.0
1890 267.0
1891 146.1324
1892 299.0
1893 662.73193
1894 541.89026
1895 907.0
1896 347.0
1897 963.9585
1898 241.07497
1899 197.61859
1900 403.84055
1901 231.84239
1902 794.9251
1903 171.0
1904 475.0
1905 411.0
1906 379.0
1907 251.00075
1908 379.0
1909 171.0
1910 380.134
1911 172.134
1912 842.1128
1913 251.0
1914 651.0
1915 172.134
1916 171.0
1917 171.0
1918 555.0
1919 573.66003
1920 475.0
1921 252.134
1922 523.0
1923 641.03815
1924 380.134
1925 251.0
1926 379.0
1927 133.91675
1928 379.0
1929 251.0
1930 251.0
1931 251.0
1932 379.0
1933 103.27578
1934 171.0
1935 811.0
1936 577.9886
1937 380.134
1938 379.0
1939 251.0
1940 171.0
1941 411.0
1942 251.0
1943 379.0
1944 171.0
1945 379.0
1946 555.0
