1 104.00625
2 32.0
3 104.00625
4 32.0
5 104.00625
6 104.00625
7 104.00625
8 104.00625
9 180.3962
10 0.0
11 180.3962
12 104.00625
13 180.3962
14 104.00625
15 32.0
16 180.3962
17 180.3962
18 32.0
19 32.0
20 32.0
21 180.3962
22 180.3962
23 32.0
24 32.0
25 32.0
26 180.3962
27 180.3962
28 32.0
29 32.0
30 32.0
31 180.3962
32 180.3962
33 32.0
34 220.134
35 32.0
36 220.134
37 180.3962
38 32.0
39 32.0
40 220.134
41 220.134
42 220.134
43 219.0
44 219.0
45 219.0
46 220.134
47 220.134
48 32.0
49 219.0
50 32.0
51 220.134
52 220.134
53 220.134
54 32.0
55 219.0
56 220.134
57 220.134
58 220.134
59 32.0
60 220.134
61 220.134
62 220.134
63 220.134
64 32.0
65 220.134
66 220.134
67 220.134
68 220.134
69 220.134
70 220.134
71 220.134
72 220.134
73 220.134
74 220.134
75 220.134
76 220.134
77 220.134
78 104.00625
79 220.134
80 104.00625
81 220.134
82 220.134
83 220.134
84 220.134
85 220.134
86 220.134
87 220.134
88 32.0
89 220.134
90 32.0
91 220.134
92 220.134
93 104.00625
94 32.0
95 32.0
96 220.134
97 220.134
98 220.134
99 220.134
100 104.00625
101 220.134
102 220.134
103 32.0
104 220.134
105 220.134
106 220.134
107 220.134
108 220.134
109 32.0
110 220.134
111 220.134
112 220.134
113 32.0
114 32.0
115 32.0
116 220.134
117 220.134
118 220.134
119 220.134
120 220.134
121 220.134
122 220.134
123 32.0
124 220.134
125 220.134
126 220.134
127 220.134
128 220.134
129 220.134
130 220.134
131 220.134
132 220.134
133 220.134
134 220.134
135 220.134
136 220.134
137 220.134
138 220.134
139 32.0
140 220.134
141 220.134
142 220.134
143 104.00625
144 104.00625
145 32.0
146 220.134
147 220.134
148 104.00625
149 220.134
150 104.00625
151 220.134
152 220.134
153 220.134
154 32.0
155 220.134
156 220.134
157 220.134
158 220.134
159 220.134
160 220.134
161 220.134
162 220.134
163 220.134
164 220.134
165 32.0
166 220.134
167 220.134
168 220.134
169 220.134
170 220.134
171 220.134
172 220.134
173 220.134
174 219.0
175 220.134
176 220.134
177 220.134
178 220.134
179 219.0
180 220.134
181 220.134
182 220.134
183 220.134
184 32.0
185 220.134
186 220.134
187 220.134
188 220.134
189 220.134
190 220.134
191 220.134
192 220.134
193 220.134
194 220.134
195 32.0
196 220.134
197 220.134
198 220.134
199 220.134
200 220.134
201 220.134
202 220.134
203 220.134
204 220.134
205 220.134
206 220.134
207 220.134
208 220.134
209 220.134
210 220.134
211 220.134
212 220.134
213 220.134
214 220.134
215 220.134
216 220.134
217 220.134
218 220.134
219 220.134
220 220.134
221 220.134
222 220.134
223 220.134
224 220.134
225 220.134
226 220.134
227 220.134
228 220.134
229 220.134
230 220.134
231 220.134
232 220.134
233 220.134
234 220.134
235 220.134
236 220.134
237 220.134
238 220.134
239 104.00625
240 220.134
241 220.134
242 220.134
243 220.134
244 220.134
245 220.134
246 220.134
247 220.134
248 220.134
249 220.134
250 220.134
251 220.134
252 220.134
253 220.134
254 220.134
255 32.0
256 220.134
257 220.134
258 220.134
259 220.134
260 220.134
261 220.134
262 220.134
263 220.134
264 220.134
265 220.134
266 220.134
267 220.134
268 220.134
269 220.134
270 220.134
271 220.134
272 220.134
273 220.134
274 220.134
275 220.134
276 220.134
277 220.134
278 220.134
279 220.134
280 220.134
281 220.134
282 220.134
283 220.134
284 220.134
285 220.134
286 220.134
287 220.134
288 220.134
289 220.134
290 220.134
291 220.134
292 220.134
293 220.134
294 220.134
295 220.134
296 220.134
297 220.134
298 220.134
299 220.134
300 220.134
301 220.134
302 220.134
303 220.134
304 220.134
305 220.134
306 220.134
307 220.134
308 220.134
309 220.134
310 220.134
311 220.134
312 220.134
313 220.134
314 220.134
315 220.134
316 220.134
317 220.134
318 220.134
319 220.134
320 220.134
321 220.134
322 220.134
323 220.134
324 220.134
325 220.134
326 220.134
327 220.134
328 220.134
329 220.134
330 220.134
331 220.134
332 220.134
333 220.134
334 220.134
335 220.134
336 220.134
337 220.134
338 220.134
339 220.134
340 220.134
341 220.134
342 220.134
343 220.134
344 220.134
345 220.134
346 220.134
347 220.134
348 220.134
349 220.134
350 220.134
351 220.134
352 220.134
353 220.134
354 220.134
355 220.134
356 220.134
357 220.134
358 220.134
359 220.134
360 220.134
361 220.134
362 220.134
363 220.134
364 220.134
365 220.134
366 220.134
367 220.134
368 220.134
369 220.134
370 220.134
371 220.134
372 220.134
373 220.134
374 220.134
375 220.134
376 220.134
377 220.134
378 220.134
379 220.134
380 220.134
381 220.134
382 220.134
383 220.134
384 220.134
385 220.134
386 220.134
387 220.134
388 220.134
389 220.134
390 220.134
391 220.134
392 220.134
393 220.134
394 220.134
395 220.134
396 220.134
397 220.134
398 220.134
399 220.134
400 220.134
401 220.134
402 220.134
403 220.134
404 220.134
405 220.134
406 220.134
407 220.134
408 220.134
409 220.134
410 32.0
411 220.134
412 220.134
413 220.134
414 32.0
415 220.134
416 220.134
417 220.134
418 220.134
419 220.134
420 220.134
421 220.134
422 220.134
423 220.134
424 220.134
425 220.134
426 220.134
427 220.134
428 220.134
429 220.134
430 220.134
431 220.134
432 220.134
433 220.134
434 220.134
435 220.134
436 220.134
437 220.134
438 220.134
439 220.134
440 220.134
441 220.134
442 220.134
443 220.134
444 220.134
445 220.134
446 220.134
447 220.134
448 220.134
449 220.134
450 220.134
451 220.134
452 220.134
453 220.134
454 220.134
455 220.134
456 220.134
457 220.134
458 220.134
459 220.134
460 220.134
461 220.134
462 220.134
463 220.134
464 220.134
465 220.134
466 220.134
467 220.134
468 220.134
469 220.134
470 220.134
471 220.134
472 220.134
473 220.134
474 220.134
475 220.134
476 220.134
477 220.134
478 220.134
479 220.134
480 220.134
481 220.134
482 220.134
483 220.134
484 220.134
485 220.134
486 220.134
487 220.134
488 220.134
489 220.134
490 220.134
491 220.134
492 220.134
493 220.134
494 220.134
495 220.134
496 220.134
497 220.134
498 220.134
499 220.134
500 220.134
501 220.134
502 220.134
503 220.134
504 220.134
505 220.134
506 220.134
507 220.134
508 220.134
509 220.134
510 220.134
511 220.134
512 220.134
513 220.134
514 220.134
515 220.134
516 220.134
517 220.134
518 220.134
519 220.134
520 220.134
521 220.134
522 220.134
523 220.134
524 220.134
525 220.134
526 220.134
527 220.134
528 220.134
529 220.134
530 220.134
531 220.134
532 220.134
533 220.134
534 220.134
535 220.134
536 220.134
537 220.134
538 220.134
539 220.134
540 220.134
541 220.134
542 220.134
543 220.134
544 220.134
545 220.134
546 220.134
547 220.134
548 220.134
549 220.134
550 220.134
551 220.134
552 220.134
553 220.134
554 220.134
555 220.134
556 220.134
557 220.134
558 220.134
559 220.134
560 220.134
561 220.134
562 220.134
563 220.134
564 220.134
565 220.134
566 220.134
567 220.134
568 220.134
569 220.134
570 220.134
571 220.134
572 220.134
573 220.134
574 220.134
575 220.134
576 220.134
577 220.134
578 220.134
579 220.134
580 220.134
581 220.134
582 220.134
583 220.134
584 220.134
585 220.134
586 220.134
587 220.134
588 220.134
589 220.134
590 220.134
591 220.134
592 220.134
593 220.134
594 220.134
595 220.134
596 220.134
597 220.134
598 220.134
599 220.134
600 220.134
601 220.134
602 220.134
603 220.134
604 220.134
605 220.134
606 220.134
607 220.134
608 220.134
609 220.134
610 220.134
611 220.134
612 220.134
613 220.134
614 220.134
615 220.134
616 220.134
617 220.134
618 220.134
619 220.134
620 220.134
621 220.134
622 220.134
623 220.134
624 220.134
625 220.134
626 220.134
627 220.134
628 220.134
629 220.134
630 220.134
631 220.134
632 220.134
633 220.134
634 220.134
635 220.134
636 220.134
637 220.134
638 220.134
639 220.134
640 220.134
641 220.134
642 220.134
643 220.134
644 220.134
645 220.134
646 220.134
647 220.134
648 220.134
649 220.134
650 220.134
651 220.134
652 220.134
653 220.134
654 220.134
655 220.134
656 220.134
657 220.134
658 220.134
659 220.134
660 220.134
661 220.134
662 220.134
663 220.134
664 220.134
665 220.134
666 220.134
667 220.134
668 220.134
669 220.134
670 220.134
671 220.134
672 220.134
673 220.134
674 220.134
675 220.134
676 220.134
677 220.134
678 220.134
679 220.134
680 220.134
681 220.134
682 220.134
683 220.134
684 220.134
685 220.134
686 220.134
687 220.134
688 220.134
689 220.134
690 220.134
691 220.134
692 220.134
693 220.134
694 220.134
695 220.134
696 220.134
697 220.134
698 220.134
699 220.134
700 220.134
701 220.134
702 220.134
703 220.134
704 220.134
705 220.134
706 220.134
707 220.134
708 220.134
709 220.134
710 220.134
711 220.134
712 220.134
713 220.134
714 220.134
715 220.134
716 220.134
717 220.134
718 220.134
719 220.134
720 220.134
721 220.134
722 220.134
723 220.134
724 220.134
725 220.134
726 220.134
727 220.134
728 220.134
729 220.134
730 220.134
731 220.134
732 220.134
733 220.134
734 220.134
735 220.134
736 220.134
737 220.134
738 220.134
739 220.134
740 220.134
741 220.134
742 220.134
743 220.134
744 220.134
745 220.134
746 220.134
747 220.134
748 220.134
749 220.134
750 220.134
751 220.134
752 220.134
753 220.134
754 220.134
755 220.134
756 220.134
757 220.134
758 220.134
759 220.134
760 220.134
761 220.134
762 220.134
763 220.134
764 220.134
765 220.134
766 220.134
767 220.134
768 220.134
769 220.134
770 220.134
771 220.134
772 220.134
773 220.134
774 220.134
775 220.134
776 220.134
777 220.134
778 220.134
779 220.134
780 220.134
781 220.134
782 220.134
783 220.134
784 220.134
785 220.134
786 220.134
787 220.134
788 220.134
789 220.134
790 104.00625
791 220.134
792 220.134
793 220.134
794 220.134
795 220.134
796 220.134
797 220.134
798 220.134
799 220.134
800 220.134
801 220.134
802 220.134
803 220.134
804 220.134
805 220.134
806 220.134
807 220.134
808 220.134
809 220.134
810 220.134
811 220.134
812 220.134
813 220.134
814 220.134
815 220.134
816 220.134
817 220.134
818 220.134
819 220.134
820 220.134
821 220.134
822 220.134
823 220.134
824 220.134
825 220.134
826 220.134
827 220.134
828 220.134
829 220.134
830 220.134
831 220.134
832 220.134
833 220.134
834 220.134
835 220.134
836 220.134
837 220.134
838 220.134
839 220.134
840 220.134
841 220.134
842 220.134
843 220.134
844 220.134
845 220.134
846 220.134
847 220.134
848 220.134
849 220.134
850 220.134
851 220.134
852 220.134
853 220.134
854 104.00625
855 220.134
856 220.134
857 220.134
858 220.134
859 220.134
860 220.134
861 220.134
862 220.134
863 220.134
864 220.134
865 220.134
866 220.134
867 220.134
868 220.134
869 220.134
870 220.134
871 220.134
872 220.134
873 220.134
874 220.134
875 104.00625
876 220.134
877 220.134
878 220.134
879 220.134
880 220.134
881 220.134
882 220.134
883 220.134
884 220.134
885 220.134
886 220.134
887 220.134
888 220.134
889 220.134
890 220.134
891 220.134
892 220.134
893 220.134
894 220.134
895 220.134
896 220.134
897 220.134
898 220.134
899 220.134
900 104.00625
901 220.134
902 220.134
903 104.00625
904 220.134
905 104.00625
906 220.134
907 220.134
908 220.134
909 220.134
910 220.134
911 220.134
912 220.134
913 220.134
914 220.134
915 220.134
916 220.134
917 220.134
918 220.134
919 220.134
920 220.134
921 220.134
922 220.134
923 220.134
924 220.134
925 220.134
926 220.134
927 220.134
928 220.134
929 220.134
930 104.00625
931 220.134
932 220.134
933 220.134
934 220.134
935 220.134
936 220.134
937 220.134
938 220.134
939 220.134
940 220.134
941 220.134
942 220.134
943 220.134
944 104.00625
945 220.134
946 220.134
947 220.134
948 220.134
949 220.134
950 220.134
951 220.134
952 220.134
953 220.134
954 220.134
955 220.134
956 220.134
957 220.134
958 220.134
959 220.134
960 220.134
961 220.134
962 220.134
963 220.134
964 220.134
965 220.134
966 220.134
967 220.134
968 220.134
969 220.134
970 220.134
971 220.134
972 220.134
973 220.134
974 220.134
975 220.134
976 220.134
977 220.134
978 220.134
979 220.134
980 220.134
981 220.134
982 220.134
983 104.00625
984 220.134
985 104.00625
986 220.134
987 220.134
988 220.134
989 104.00625
990 220.134
991 220.134
992 220.134
993 220.134
994 104.00625
995 220.134
996 220.134
997 220.134
998 220.134
999 220.134
1000 220.134
1001 220.134
1002 220.134
1003 220.134
1004 220.134
1005 220.134
1006 220.134
1007 220.134
1008 220.134
1009 220.134
1010 220.134
1011 220.134
1012 220.134
1013 220.134
1014 220.134
1015 220.134
1016 220.134
1017 220.134
1018 220.134
1019 220.134
1020 220.134
1021 220.134
1022 220.134
1023 220.134
1024 220.134
1025 220.134
1026 220.134
1027 220.134
1028 220.134
1029 220.134
1030 220.134
1031 220.134
1032 220.134
1033 220.134
1034 220.134
1035 104.00625
1036 220.134
1037 220.134
1038 220.134
1039 220.134
1040 220.134
1041 220.134
1042 220.134
1043 220.134
1044 220.134
1045 220.134
1046 220.134
1047 220.134
1048 220.134
1049 220.134
1050 220.134
1051 220.134
1052 220.134
1053 220.134
1054 220.134
1055 220.134
1056 220.134
1057 220.134
1058 220.134
1059 220.134
1060 220.134
1061 220.134
1062 220.134
1063 220.134
1064 220.134
1065 220.134
1066 220.134
1067 220.134
1068 220.134
1069 220.134
1070 220.134
1071 220.134
1072 220.134
1073 220.134
1074 220.134
1075 220.134
1076 220.134
1077 220.134
1078 220.134
1079 220.134
1080 220.134
1081 220.134
1082 220.134
1083 220.134
1084 220.134
1085 220.134
1086 220.134
1087 220.134
1088 104.00625
1089 220.134
1090 220.134
1091 220.134
1092 220.134
1093 220.134
1094 220.134
1095 220.134
1096 220.134
1097 220.134
1098 220.134
1099 220.134
1100 220.134
1101 220.134
1102 220.134
1103 220.134
1104 104.00625
1105 220.134
1106 220.134
1107 220.134
1108 220.134
1109 220.134
1110 220.134
1111 220.134
1112 220.134
1113 220.134
1114 104.00625
1115 220.134
1116 220.134
1117 220.134
1118 220.134
1119 220.134
1120 220.134
1121 220.134
1122 220.134
1123 220.134
1124 220.134
1125 220.134
1126 220.134
1127 220.134
1128 220.134
1129 220.134
1130 220.134
1131 220.134
1132 220.134
1133 220.134
1134 220.134
1135 220.134
1136 220.134
1137 220.134
1138 220.134
1139 220.134
1140 220.134
1141 220.134
1142 220.134
1143 220.134
1144 220.134
1145 220.134
1146 220.134
1147 220.134
1148 220.134
1149 220.134
1150 220.134
1151 220.134
1152 220.134
1153 220.134
1154 220.134
1155 220.134
1156 220.134
1157 220.134
1158 220.134
1159 220.134
1160 220.134
1161 220.134
1162 220.134
1163 220.134
1164 220.134
1165 220.134
1166 220.134
1167 220.134
1168 220.134
1169 220.134
1170 220.134
1171 220.134
1172 220.134
1173 220.134
1174 220.134
1175 220.134
1176 220.134
1177 220.134
1178 220.134
1179 220.134
1180 220.134
1181 220.134
1182 220.134
1183 220.134
1184 220.134
1185 220.134
1186 220.134
1187 220.134
1188 220.134
1189 220.134
1190 220.134
1191 220.134
1192 220.134
1193 220.134
1194 220.134
1195 220.134
1196 220.134
1197 220.134
1198 220.134
1199 220.134
1200 220.134
1201 220.134
1202 220.134
1203 220.134
1204 220.134
1205 220.134
1206 220.134
1207 220.134
1208 220.134
1209 220.134
1210 220.134
1211 220.134
1212 220.134
1213 220.134
1214 220.134
1215 220.134
1216 220.134
1217 220.134
1218 220.134
1219 220.134
1220 220.134
1221 220.134
1222 220.134
1223 220.134
1224 220.134
1225 220.134
1226 220.134
1227 220.134
1228 220.134
1229 220.134
1230 220.134
1231 220.134
1232 220.134
1233 220.134
1234 220.134
1235 220.134
1236 220.134
1237 220.134
1238 220.134
1239 220.134
1240 220.134
1241 220.134
1242 220.134
1243 220.134
1244 220.134
1245 220.134
1246 220.134
1247 220.134
1248 220.134
1249 220.134
1250 220.134
1251 220.134
1252 220.134
1253 220.134
1254 220.134
1255 220.134
1256 220.134
1257 220.134
1258 220.134
1259 220.134
1260 220.134
1261 220.134
1262 220.134
1263 220.134
1264 220.134
1265 220.134
1266 220.134
1267 220.134
1268 220.134
1269 220.134
1270 220.134
1271 220.134
1272 220.134
1273 220.134
1274 220.134
1275 220.134
1276 220.134
1277 220.134
1278 220.134
1279 220.134
1280 220.134
1281 220.134
1282 220.134
1283 220.134
1284 220.134
1285 104.00625
1286 220.134
1287 220.134
1288 220.134
1289 104.00625
1290 220.134
1291 220.134
1292 220.134
1293 220.134
1294 220.134
1295 220.134
1296 220.134
1297 220.134
1298 220.134
1299 220.134
1300 220.134
1301 220.134
1302 220.134
1303 220.134
1304 220.134
1305 220.134
1306 220.134
1307 220.134
1308 220.134
1309 220.134
1310 104.00625
1311 220.134
1312 220.134
1313 220.134
1314 32.0
1315 220.134
1316 220.134
1317 220.134
1318 220.134
1319 220.134
1320 220.134
1321 220.134
1322 220.134
1323 32.0
1324 220.134
1325 32.0
1326 220.134
1327 220.134
1328 220.134
1329 220.134
1330 220.134
1331 220.134
1332 220.134
1333 220.134
1334 220.134
1335 220.134
1336 220.134
1337 220.134
1338 220.134
1339 220.134
1340 220.134
1341 220.134
1342 220.134
1343 220.134
1344 220.134
1345 32.0
1346 220.134
1347 220.134
1348 220.134
1349 220.134
1350 220.134
1351 220.134
1352 220.134
1353 32.0
1354 220.134
1355 32.0
1356 220.134
1357 220.134
1358 220.134
1359 220.134
1360 220.134
1361 220.134
1362 220.134
1363 220.134
1364 220.134
1365 220.134
1366 220.134
1367 220.134
1368 220.134
1369 220.134
1370 220.134
1371 220.134
1372 220.134
1373 220.134
1374 220.134
1375 220.134
1376 220.134
1377 220.134
1378 220.134
1379 220.134
1380 220.134
1381 220.134
1382 220.134
1383 220.134
1384 220.134
1385 220.134
1386 220.134
1387 220.134
1388 220.134
1389 220.134
1390 220.134
1391 220.134
1392 220.134
1393 220.134
1394 220.134
1395 220.134
1396 220.134
1397 220.134
1398 220.134
1399 220.134
1400 220.134
1401 220.134
1402 220.134
1403 220.134
1404 220.134
1405 220.134
1406 220.134
1407 220.134
1408 220.134
1409 220.134
1410 220.134
1411 220.134
1412 220.134
1413 220.134
1414 220.134
1415 220.134
1416 220.134
1417 220.134
1418 220.134
1419 220.134
1420 220.134
1421 220.134
1422 220.134
1423 220.134
1424 220.134
1425 220.134
1426 220.134
1427 220.134
1428 220.134
1429 220.134
1430 220.134
1431 220.134
1432 220.134
1433 220.134
1434 220.134
1435 220.134
1436 220.134
1437 220.134
1438 220.134
1439 220.134
1440 220.134
1441 220.134
1442 220.134
1443 220.134
1444 220.134
1445 220.134
1446 220.134
1447 220.134
1448 220.134
1449 220.134
1450 220.134
1451 220.134
1452 220.134
1453 220.134
1454 220.134
1455 220.134
1456 220.134
1457 220.134
1458 220.134
1459 220.134
1460 220.134
1461 220.134
1462 220.134
1463 220.134
1464 220.134
1465 220.134
1466 220.134
1467 220.134
1468 220.134
1469 220.134
1470 220.134
1471 220.134
1472 220.134
1473 220.134
1474 220.134
1475 220.134
1476 220.134
1477 220.134
1478 220.134
1479 220.134
1480 220.134
1481 220.134
1482 220.134
1483 220.134
1484 220.134
1485 220.134
1486 220.134
1487 220.134
1488 220.134
1489 220.134
1490 220.134
1491 220.134
1492 220.134
1493 220.134
1494 220.134
1495 32.0
1496 220.134
1497 220.134
1498 32.0
1499 220.134
1500 32.0
1501 220.134
1502 220.134
1503 220.134
1504 220.134
1505 220.134
1506 220.134
1507 220.134
1508 220.134
1509 220.134
1510 220.134
1511 220.134
1512 220.134
1513 220.134
1514 220.134
1515 220.134
1516 220.134
1517 220.134
1518 220.134
1519 220.134
1520 220.134
1521 220.134
1522 220.134
1523 220.134
1524 220.134
1525 220.134
1526 220.134
1527 220.134
1528 220.134
1529 220.134
1530 220.134
1531 220.134
1532 220.134
1533 220.134
1534 220.134
1535 220.134
1536 220.134
1537 220.134
1538 220.134
1539 220.134
1540 220.134
1541 220.134
1542 220.134
1543 220.134
1544 220.134
1545 220.134
1546 220.134
1547 220.134
1548 220.134
1549 220.134
1550 220.134
1551 220.134
1552 220.134
1553 220.134
1554 220.134
1555 220.134
1556 220.134
1557 220.134
1558 220.134
1559 220.134
1560 220.134
1561 220.134
1562 220.134
1563 220.134
1564 220.134
1565 220.134
1566 220.134
1567 220.134
1568 220.134
1569 220.134
1570 220.134
1571 220.134
1572 220.134
1573 220.134
1574 220.134
1575 220.134
1576 220.134
1577 220.134
1578 220.134
1579 220.134
1580 220.134
1581 220.134
1582 220.134
1583 220.134
1584 104.00625
1585 220.134
1586 220.134
1587 220.134
1588 220.134
1589 220.134
1590 220.134
1591 220.134
1592 220.134
1593 220.134
1594 220.134
1595 220.134
1596 220.134
1597 220.134
1598 220.134
1599 220.134
1600 220.134
1601 220.134
1602 220.134
1603 104.00625
1604 220.134
1605 104.00625
1606 220.134
1607 220.134
1608 220.134
1609 220.134
1610 220.134
1611 220.134
1612 220.134
1613 220.134
1614 220.134
1615 220.134
1616 220.134
1617 220.134
1618 220.134
1619 220.134
1620 220.134
1621 220.134
1622 220.134
1623 220.134
1624 220.134
1625 220.134
1626 220.134
