1 0.0
2 0.0
3 10.137622
4 34.077263
5 33.134
6 44.264767
7 44.264767
8 61.597748
9 0.0
10 27.463997
11 136.41934
12 47.83416
13 20.01105
14 235.0
15 0.0
16 36.28893
17 54.985912
18 38.850822
19 117.6253
20 0.0
21 86.09506
22 60.207935
23 30.865997
24 153.28972
25 117.58748
26 31.11548
27 27.647478
28 32.0
29 65.65213
30 49.471294
31 26.411585
32 3.5420876
33 164.05276
34 24.815802
35 0.0
36 32.950523
37 141.84537
38 179.51123
39 80.17939
40 0.0
41 0.0
42 55.200737
43 0.0
44 252.68155
45 22.959387
46 19.669235
47 14.2980995
48 15.389077
49 33.009262
50 0.0
