1 0.0
2 0.0
3 339.06174
4 250.71588
5 0.0
6 0.0
7 3.4680002
8 9.111554
9 63.359863
10 76.70424
11 225.06335
12 0.0
13 7.6872597
14 203.0
15 256.63724
16 0.0
17 69.59668
18 18.264912
19 20.121672
20 0.0
21 1.1340001
22 104.12695
23 139.88074
24 50.884823
25 0.0
26 26.849438
27 120.42514
28 27.100664
29 132.41815
30 136.25705
31 7.283855
32 125.06852
33 201.529
34 88.05586
35 150.71347
36 40.432228
37 190.76561
38 35.94909
39 95.853165
40 257.18057
41 203.0
42 18.011637
43 19.061308
44 0.0
45 74.93029
46 203.0
47 0.0
48 47.94864
49 0.0
50 145.33078
51 0.0
52 73.86831
53 104.00912
54 128.65659
55 47.485188
56 114.749725
57 133.17952
58 23.2401
59 206.6429
60 221.41988
61 21.175882
62 0.0
63 82.570786
64 29.273788
65 94.89055
66 34.091736
67 299.0
68 0.0
69 0.0
70 24.148575
