1 25.385368
2 25.385368
3 45.78237
4 30.81372
5 147.52512
6 0.0
7 0.0
8 33.134
9 30.866
10 0.0
11 235.0
12 1.1340001
13 219.0
14 26.519367
15 26.459166
16 0.0
17 0.0
18 0.0
19 0.0
20 29.666
21 30.8
22 60.193043
23 32.0
24 213.11565
25 0.0
26 33.134
27 0.0
28 92.94478
29 142.05429
30 0.0
31 0.0
32 33.134
33 219.0
34 0.0
35 32.0
36 33.134
37 20.01105
38 32.0
39 221.01854
40 13.229903
41 34.334
42 35.21852
43 49.520634
44 0.0
45 31.4
46 0.0
47 25.385368
48 25.149174
49 219.0
50 136.63332
51 32.0
52 30.866
53 0.0
54 32.0
55 43.84075
56 82.32456
57 0.0
58 32.0
59 10.274289
60 0.0
61 49.520634
62 5.628172
63 0.0
64 32.0
65 24.015173
66 219.0
67 0.0
68 104.07553
69 0.0
70 153.05693
71 203.54059
72 0.0
73 191.39326
74 0.0
75 29.731998
76 30.265999
77 233.866
78 87.65119
79 33.134
80 4.4414153
81 0.0
82 60.354965
83 235.0
84 0.0
85 0.0
86 0.0
87 33.733997
88 0.0
89 49.39175
90 2.2680001
91 205.26553
92 0.0
93 32.0
94 219.2019
95 76.75125
96 0.0
97 23.634771
98 147.62895
99 0.0
100 185.34529
101 235.0
102 235.0
103 233.866
104 221.01854
105 219.2019
106 219.0
107 219.0
108 219.0
109 219.0
110 213.11565
111 205.26553
112 203.54059
113 191.39326
114 185.34529
115 153.05693
116 147.62895
117 147.52512
118 142.05429
119 136.63332
120 104.07553
121 92.94478
122 87.65119
123 82.32456
124 76.75125
125 60.354965
126 60.193043
127 49.520634
128 49.520634
129 49.39175
130 45.78237
131 43.84075
132 35.21852
133 34.334
134 33.733997
135 33.134
136 33.134
137 33.134
138 33.134
139 33.134
140 32.0
141 32.0
142 32.0
143 32.0
144 32.0
145 32.0
146 32.0
147 32.0
148 31.4
149 30.866
150 30.866
151 1.1340001
152 25.581102
153 0.0
154 142.02141
155 1.1340001
156 164.29004
157 51.467545
158 1.1340001
159 33.2
160 191.12135
161 219.0
162 30.866
163 147.62897
164 137.0198
165 20.01105
166 109.307
167 142.00809
168 103.947914
169 219.0
170 92.97721
171 0.0
172 34.267998
173 0.0
174 0.6
175 32.6
176 32.0
177 18.770737
178 235.0
179 93.218925
180 0.0
181 38.61463
182 14.714138
183 214.09999
184 44.303658
185 38.61463
186 29.731998
187 43.988956
188 128.43248
189 156.43227
190 235.0
191 32.0
192 0.0
193 60.193043
194 0.0
195 0.0
196 25.385368
197 0.0
198 0.0
199 193.15797
200 219.0
201 235.0
202 235.0
203 235.0
204 235.0
205 233.866
206 221.01854
207 219.2019
208 219.0
209 219.0
210 219.0
211 219.0
212 219.0
213 219.0
214 219.0
215 214.09999
216 213.11565
217 205.26553
218 203.54059
219 193.15797
220 191.39326
221 191.12135
222 185.34529
223 164.29004
224 156.43227
225 153.05693
226 147.62897
227 147.62895
228 147.52512
229 142.05429
230 142.02141
231 142.00809
232 137.0198
233 136.63332
234 128.43248
235 109.307
236 104.07553
237 103.947914
238 93.218925
239 92.97721
240 92.94478
241 87.65119
242 82.32456
243 76.75125
244 60.354965
245 60.193043
246 60.193043
247 51.467545
248 49.520634
249 49.520634
250 49.39175
251 214.66855
252 235.0
253 0.0
254 38.61463
255 219.0
256 71.15961
257 230.03108
258 25.336634
259 49.885864
260 188.23082
261 6.6146307
262 219.0
263 198.31682
264 0.0
265 6.6146307
266 0.0
267 110.173225
268 8.98955
269 0.0
270 32.0
271 154.0278
272 0.0
273 93.218925
274 219.0
275 147.47348
276 0.0
277 147.62895
278 219.0
279 33.668
280 235.0
281 202.20001
282 136.70447
283 25.385368
284 67.10529
285 147.50049
286 0.0
287 98.543495
288 158.85448
289 219.0
290 60.444904
291 51.55413
292 235.0
293 67.25485
294 219.0
295 65.24155
296 40.88263
297 30.8
298 0.0
299 207.80707
300 6.6146307
301 235.0
302 235.0
303 235.0
304 235.0
305 235.0
306 235.0
307 235.0
308 233.866
309 230.03108
310 221.01854
311 219.2019
312 219.0
313 219.0
314 219.0
315 219.0
316 219.0
317 219.0
318 219.0
319 219.0
320 219.0
321 219.0
322 219.0
323 219.0
324 219.0
325 214.66855
326 214.09999
327 213.11565
328 207.80707
329 205.26553
330 203.54059
331 202.20001
332 198.31682
333 193.15797
334 191.39326
335 191.12135
336 188.23082
337 185.34529
338 164.29004
339 158.85448
340 156.43227
341 154.0278
342 153.05693
343 147.62897
344 147.62895
345 147.62895
346 147.52512
347 147.50049
348 147.47348
349 142.05429
350 142.02141
351 43.579533
352 219.0
353 1.1340001
354 180.6022
355 174.75891
356 174.73912
357 83.363525
358 414.37302
359 162.00386
360 93.37531
361 51.180363
362 33.134
363 142.31558
364 236.134
365 219.0
366 219.0
367 163.85744
368 219.0
369 82.15918
370 55.708004
371 0.0
372 219.0
373 212.56075
374 39.74863
375 219.0
376 6.6146307
377 87.51967
378 65.66896
379 219.0
380 48.52308
381 158.69907
382 142.1581
383 0.0
384 175.98595
385 0.0
386 30.866
387 0.0
388 38.61463
389 147.78203
390 219.0
391 6.6146307
392 45.229263
393 32.0
394 143.19766
395 136.92735
396 147.62895
397 159.62831
398 109.7716
399 87.6696
400 25.385368
