1 0.0
2 0.0
3 60.599052
4 114.844025
5 0.0
6 0.0
7 55.900497
8 219.0
9 50.485867
10 43.686424
11 14.479365
12 0.0
13 55.900497
14 0.0
15 142.29099
16 191.41885
17 0.0
18 0.0
19 213.28658
20 0.0
21 37.716824
22 292.12128
23 25.385366
24 32.0
25 33.134
26 0.0
27 169.6359
28 0.0
29 98.71769
30 0.0
31 0.0
32 131.32639
33 0.0
34 0.0
35 195.30426
36 25.149174
37 103.99005
38 32.0
39 0.0
40 32.534
41 30.8
42 0.0
43 32.0
44 32.0
45 38.850822
46 0.0
47 25.385368
48 32.0
49 0.0
50 82.26367
51 29.731998
52 1.1340001
53 0.0
54 235.0
55 49.285866
56 0.0
57 0.0
58 219.0
59 0.0
60 219.0
61 0.0
62 87.51967
63 33.134
64 0.0
65 219.0
66 180.21896
67 1.1340001
68 32.0
69 0.0
70 184.85464
71 0.0
72 3.8069592
73 0.0
74 114.81406
75 33.134
76 25.385368
77 0.0
78 0.0
79 0.0
80 49.65253
81 0.0
82 176.21408
83 39.74863
84 0.0
85 158.78128
86 0.0
87 34.267998
88 32.0
89 0.0
90 33.134
91 0.0
92 31.934
93 87.60242
94 0.0
95 0.0
96 0.0
97 25.385368
98 32.0
99 220.134
100 30.265999
