1 206.47989
2 21.320885
3 163.87607
4 144.60916
5 235.0
6 235.0
7 206.47989
8 235.0
9 51.37154
10 219.0
11 235.0
12 235.0
13 219.0
14 235.0
15 208.93597
16 235.0
17 235.0
18 206.32236
19 220.134
20 219.0
21 235.0
22 235.0
23 219.0
24 235.0
25 166.42944
26 235.0
27 235.0
28 219.0
29 235.0
30 219.0
31 235.0
32 235.0
33 235.0
34 219.0
35 235.0
36 235.0
37 235.0
38 219.0
39 219.0
40 220.134
41 235.0
42 235.0
43 235.0
44 219.0
45 97.84858
46 235.0
47 235.0
48 217.92668
49 219.0
50 219.0
51 235.0
52 235.0
53 219.0
54 37.17959
55 220.134
56 235.0
57 235.0
58 235.0
59 235.0
60 220.134
61 235.0
62 235.0
63 219.0
64 219.0
65 257.55383
66 257.55383
67 235.0
68 235.0
69 122.79046
70 235.0
71 257.55383
72 235.0
73 220.134
74 235.0
75 108.27863
76 257.55383
77 235.0
78 23.421791
79 219.0
80 219.0
81 257.55383
82 235.0
83 219.0
84 235.0
85 103.01318
86 257.55383
87 235.0
88 219.0
89 185.3065
90 219.0
91 257.55383
92 235.0
93 32.721172
94 235.0
95 235.0
96 257.55383
97 235.0
98 219.0
99 219.0
100 219.0
101 257.55383
102 235.0
103 210.70406
104 235.0
105 219.0
106 257.55383
107 235.0
108 26.170546
109 219.0
110 219.0
111 257.55383
112 235.0
113 219.0
114 16.964184
115 185.18797
116 257.55383
117 235.0
118 219.0
119 225.61462
120 219.0
121 257.55383
122 235.0
123 219.0
124 235.0
125 219.0
126 257.55383
127 235.0
128 235.0
129 22.649273
130 219.0
131 257.55383
132 235.0
133 235.0
134 128.3708
135 16.757372
136 257.55383
137 235.0
138 220.134
139 235.0
140 82.648346
141 257.55383
142 235.0
143 236.134
144 109.47776
145 114.29792
146 257.55383
147 236.134
148 219.0
149 43.770576
150 52.213985
151 257.55383
152 236.134
153 236.134
154 83.442085
155 31.641603
156 257.55383
157 236.134
158 73.47035
159 110.72596
160 54.019527
161 257.55383
162 236.134
163 219.0
164 338.75967
165 164.00597
166 338.75967
167 257.55383
168 235.0
169 316.134
170 219.0
171 338.75967
172 316.134
173 235.0
174 219.0
175 235.0
176 338.75967
177 316.134
178 219.0
179 235.0
180 219.0
181 338.75967
182 316.134
183 68.35493
184 219.0
185 33.2
186 338.75967
187 316.134
188 93.097786
189 219.0
190 24.251368
191 338.75967
192 316.134
193 71.478226
194 219.0
195 50.419865
196 338.75967
197 316.134
198 89.975204
199 219.0
200 26.58537
201 338.75967
202 316.134
203 236.134
204 219.0
205 235.0
206 338.75967
207 316.134
208 236.134
209 236.134
210 235.0
211 338.75967
212 316.134
213 205.64119
214 74.22965
215 235.0
216 338.75967
217 316.134
218 219.0
219 236.134
220 220.134
221 338.75967
222 316.134
223 235.0
224 219.0
225 235.0
226 338.75967
227 316.134
228 235.0
229 219.0
230 219.0
231 338.75967
232 316.134
233 219.0
234 235.0
235 235.0
236 338.75967
237 316.134
238 235.0
239 219.0
240 235.0
241 338.75967
242 316.134
243 219.0
244 235.0
245 219.0
246 338.75967
247 316.134
248 235.0
249 235.0
250 315.0
251 338.75967
252 316.134
253 88.87849
254 219.0
255 79.27055
256 338.75967
257 316.134
258 235.0
259 219.0
260 220.134
261 338.75967
262 316.134
263 219.0
264 207.92238
265 147.85799
266 338.75967
267 316.134
268 219.0
269 27.935516
270 200.72641
271 338.75967
272 316.134
273 315.0
274 235.0
275 220.134
276 338.75967
277 316.134
278 235.0
279 226.06514
280 220.134
281 338.75967
282 316.134
283 235.0
284 235.0
285 106.979294
286 338.75967
287 316.134
288 235.0
289 235.0
290 220.134
291 338.75967
292 316.134
293 235.0
294 220.134
295 236.134
296 338.75967
297 316.134
298 236.134
299 240.23016
300 219.0
301 338.75967
302 316.134
303 235.0
304 219.0
305 235.0
306 338.75967
307 316.134
308 50.485867
309 235.0
310 38.438
311 338.75967
312 316.134
313 219.0
314 219.0
315 219.0
316 338.75967
317 316.134
318 235.0
319 235.0
320 219.0
321 338.75967
322 316.134
323 38.398483
324 235.0
325 235.0
326 338.75967
327 316.134
328 236.134
329 235.0
330 0.0
331 338.75967
332 316.134
333 85.39884
334 235.0
335 235.0
336 338.75967
337 316.134
338 236.134
339 219.0
340 22.009762
341 338.75967
342 316.134
343 180.42854
344 235.0
345 107.96384
346 338.75967
347 316.134
348 235.0
349 235.0
350 230.04013
351 338.75967
352 316.134
353 236.134
354 219.0
355 76.95129
356 338.75967
357 316.134
358 236.134
359 219.0
360 219.0
361 338.75967
362 316.134
363 235.0
364 219.0
365 219.0
366 338.75967
367 316.134
368 235.0
369 235.0
370 235.0
371 338.75967
372 316.134
373 219.0
374 220.134
375 163.29861
376 338.75967
377 316.134
378 235.0
379 235.0
380 219.0
381 338.75967
382 316.134
383 235.0
384 246.93901
385 236.134
386 338.75967
387 316.134
388 94.87831
389 219.0
390 60.393616
391 338.75967
392 316.134
393 235.0
394 255.44557
395 235.0
396 338.75967
397 316.134
398 235.0
399 219.0
400 219.0
401 338.75967
402 316.134
403 235.0
404 235.0
405 77.07944
406 338.75967
407 316.134
408 236.134
409 236.134
410 235.0
411 338.75967
412 316.134
413 219.0
414 262.41577
415 235.0
416 338.75967
417 316.134
418 235.0
419 235.0
420 219.0
421 338.75967
422 316.134
423 33.134
424 235.0
425 235.0
426 338.75967
427 316.134
428 219.0
429 235.0
430 235.0
431 338.75967
432 316.134
433 235.0
434 219.0
435 220.134
436 338.75967
437 316.134
438 273.21854
439 235.0
440 60.34034
441 338.75967
442 316.134
443 219.0
444 235.0
445 235.0
446 338.75967
447 316.134
448 219.0
449 219.0
450 219.0
451 338.75967
452 316.134
453 220.134
454 219.0
455 219.0
456 338.75967
457 316.134
458 235.0
459 219.0
460 235.0
461 338.75967
462 316.134
463 62.26062
464 219.0
465 0.0
466 338.75967
467 316.134
468 235.0
469 64.40208
470 199.59323
471 338.75967
472 316.134
473 235.0
474 235.0
475 93.26023
476 338.75967
477 316.134
478 235.0
479 221.761
480 59.5072
481 338.75967
482 316.134
483 235.0
484 246.70233
485 219.0
486 338.75967
487 316.134
488 235.0
489 219.0
490 235.0
491 338.75967
492 316.134
493 315.0
494 219.0
495 220.134
496 338.75967
497 316.134
498 33.068
499 219.0
500 55.104782
501 338.75967
502 316.134
503 235.0
504 22.061775
505 36.34663
506 338.75967
507 316.134
508 220.134
509 270.50256
510 219.0
511 338.75967
512 316.134
513 219.0
514 236.134
515 219.0
516 338.75967
517 316.134
518 219.0
519 219.0
520 93.19102
521 338.75967
522 316.134
523 236.134
524 219.0
525 219.0
526 338.75967
527 316.134
528 220.134
529 236.134
530 235.0
531 338.75967
532 316.134
533 219.0
534 235.0
535 235.0
536 338.75967
537 316.134
538 235.0
539 236.134
540 315.0
541 338.75967
542 316.134
543 236.134
544 219.0
545 235.0
546 338.75967
547 316.134
548 219.0
549 236.134
550 220.134
551 338.75967
552 316.134
553 219.0
554 231.31693
555 41.11904
556 338.75967
557 316.134
558 235.0
559 235.0
560 235.0
561 338.75967
562 316.134
563 273.29218
564 219.0
565 219.0
566 338.75967
567 316.134
568 220.134
569 242.283
570 219.0
571 338.75967
572 316.134
573 220.134
574 235.0
575 39.535057
576 338.75967
577 316.134
578 235.0
579 235.0
580 219.0
581 338.75967
582 316.134
583 235.0
584 219.0
585 236.134
586 338.75967
587 316.134
588 220.134
589 220.134
590 26.277262
591 338.75967
592 316.134
593 220.134
594 219.0
595 236.134
596 338.75967
597 316.134
598 38.61463
599 245.5107
600 219.0
601 338.75967
602 316.134
603 236.134
604 34.571857
605 236.134
606 338.75967
607 316.134
608 235.0
609 200.34715
610 51.130684
611 338.75967
612 316.134
613 219.0
614 235.0
615 94.0262
616 338.75967
617 316.134
618 316.134
619 235.0
620 219.0
621 338.75967
622 316.134
623 34.268
624 48.383972
625 53.578407
626 338.75967
627 316.134
628 74.11189
629 235.0
630 20.49725
631 338.75967
632 316.134
633 220.134
634 235.0
635 235.0
636 338.75967
637 316.134
638 27.463997
639 235.0
640 280.74442
641 338.75967
642 316.134
643 67.29336
644 72.68451
645 235.0
646 338.75967
647 316.134
648 258.92056
649 234.06284
650 10.836203
651 338.75967
652 316.134
653 236.134
654 219.0
655 217.2681
656 338.75967
657 316.134
658 235.0
659 220.134
660 236.134
661 338.75967
662 316.134
663 235.0
664 38.218426
665 219.0
666 338.75967
667 316.134
668 30.865997
669 237.51517
670 153.57097
671 338.75967
672 316.134
673 219.41602
674 219.0
675 213.2118
676 338.75967
677 316.134
678 235.0
679 316.134
680 219.0
681 338.75967
682 316.134
683 236.134
684 219.0
685 235.0
686 338.75967
687 316.134
688 220.134
689 219.0
690 219.0
691 338.75967
692 316.134
693 219.0
694 219.0
695 74.73739
696 338.75967
697 316.134
698 236.134
699 316.134
700 311.59634
701 338.75967
702 316.134
703 235.0
704 219.0
705 235.0
706 338.75967
707 316.134
708 236.134
709 235.0
710 219.0
711 338.75967
712 316.134
713 235.0
714 235.0
715 236.134
716 338.75967
717 316.134
718 220.134
719 219.0
720 254.3129
721 338.75967
722 316.134
723 220.134
724 21.982845
725 190.25801
726 338.75967
727 316.134
728 219.0
729 235.0
730 235.0
731 338.75967
732 316.134
733 219.0
734 219.0
735 0.0
736 338.75967
737 316.134
738 235.0
739 235.0
740 219.0
741 338.75967
742 316.134
743 236.134
744 219.0
745 219.0
746 338.75967
747 316.134
748 236.134
749 235.0
750 219.0
751 338.75967
752 316.134
753 236.134
754 294.25528
755 235.0
756 338.75967
757 316.134
758 235.0
759 235.0
760 219.0
761 338.75967
762 316.134
763 219.0
764 41.858967
765 87.254486
766 338.75967
767 316.134
768 236.134
769 202.50894
770 235.0
771 338.75967
772 316.134
773 220.134
774 73.65532
775 266.15262
776 338.75967
777 316.134
778 236.134
779 235.0
780 316.134
781 338.75967
782 316.134
783 235.0
784 247.65376
785 235.0
786 338.75967
787 316.134
788 235.0
789 219.0
790 219.0
791 338.75967
792 316.134
793 219.0
794 220.134
795 219.0
796 338.75967
797 316.134
798 236.134
799 235.0
800 220.134
801 338.75967
802 316.134
803 235.0
804 219.0
805 219.0
806 338.75967
807 316.134
808 203.02313
809 27.795486
810 201.38496
811 338.75967
812 316.134
813 219.0
814 219.0
815 219.0
816 338.75967
817 316.134
818 88.77544
819 235.0
820 219.0
821 338.75967
822 316.134
823 235.0
824 235.0
825 236.134
826 338.75967
827 316.134
828 47.389946
829 235.0
830 34.61615
831 338.75967
832 316.134
833 220.134
834 31.77013
835 219.0
836 338.75967
837 316.134
838 219.0
839 266.47266
840 94.579544
841 338.75967
842 316.134
843 235.0
844 44.217884
845 225.85086
846 338.75967
847 316.134
848 84.40737
849 0.0
850 69.305984
851 338.75967
852 316.134
853 38.92552
854 242.13332
855 56.9652
856 338.75967
857 316.134
858 235.0
859 219.0
860 235.0
861 338.75967
862 316.134
863 235.0
864 219.0
865 207.73148
866 338.75967
867 316.134
868 106.25598
869 219.0
870 70.013794
871 338.75967
872 316.134
873 235.0
874 235.0
875 95.55031
876 338.75967
877 316.134
878 219.0
879 235.0
880 219.0
881 338.75967
882 316.134
883 19.945452
884 235.0
885 44.33077
886 338.75967
887 316.134
888 274.28714
889 219.0
890 220.134
891 338.75967
892 316.134
893 214.22061
894 219.0
895 235.0
896 338.75967
897 316.134
898 219.0
899 235.0
900 235.0
901 338.75967
902 316.134
903 219.0
904 219.0
905 219.0
906 338.75967
907 316.134
908 94.0551
909 219.0
910 201.04277
911 338.75967
912 316.134
913 38.78439
914 219.0
915 234.75696
916 338.75967
917 316.134
918 235.0
919 235.0
920 21.884789
921 338.75967
922 316.134
923 315.0
924 219.0
925 235.0
926 338.75967
927 316.134
928 103.01123
929 225.61462
930 86.04767
931 338.75967
932 316.134
933 235.0
934 220.134
935 62.461098
936 338.75967
937 316.134
938 219.0
939 236.134
940 219.0
941 338.75967
942 316.134
943 89.01021
944 219.0
945 26.519367
946 338.75967
947 316.134
948 230.62602
949 219.0
950 219.0
951 338.75967
952 316.134
953 220.134
954 236.134
955 44.258205
956 338.75967
957 316.134
958 317.268
959 235.0
960 34.97313
961 338.75967
962 317.268
963 235.0
964 235.0
965 219.0
966 338.75967
967 317.268
968 235.0
969 220.134
970 219.0
971 338.75967
972 317.268
973 123.14288
974 235.0
975 181.6693
976 338.75967
977 317.268
978 219.0
979 236.134
980 220.134
981 338.75967
982 317.268
983 220.134
984 236.134
985 235.0
986 338.75967
987 317.268
988 235.0
989 236.134
990 235.0
991 338.75967
992 317.268
993 220.134
994 235.0
995 219.0
996 338.75967
997 317.268
998 218.67389
999 219.0
1000 34.267998
1001 338.75967
1002 317.268
1003 236.134
1004 219.0
1005 7.984826
1006 338.75967
1007 317.268
1008 219.0
1009 235.0
1010 219.0
1011 338.75967
1012 317.268
1013 89.331
1014 219.0
1015 41.38154
1016 338.75967
1017 317.268
1018 220.134
1019 235.0
1020 235.0
1021 338.75967
1022 317.268
1023 235.0
1024 236.134
1025 219.0
1026 338.75967
1027 317.268
1028 219.0
1029 219.0
1030 236.134
1031 338.75967
1032 317.268
1033 33.2
1034 219.0
1035 67.14422
1036 338.75967
1037 317.268
1038 219.0
1039 219.0
1040 235.0
1041 338.75967
1042 317.268
1043 219.0
1044 219.0
1045 44.09526
1046 338.75967
1047 317.268
1048 45.168377
1049 235.0
1050 55.200497
1051 338.75967
1052 317.268
1053 90.1155
1054 219.0
1055 216.83289
1056 338.75967
1057 317.268
1058 235.0
1059 236.134
1060 219.0
1061 338.75967
1062 317.268
1063 220.134
1064 235.0
1065 236.134
1066 338.75967
1067 317.268
1068 235.0
1069 219.0
1070 236.134
1071 338.75967
1072 317.268
1073 235.0
1074 219.0
1075 236.134
1076 338.75967
1077 317.268
1078 235.0
1079 219.0
1080 220.134
1081 338.75967
1082 317.268
1083 236.134
1084 219.0
1085 205.51302
1086 338.75967
1087 317.268
1088 16.5007
1089 236.134
1090 40.336143
1091 338.75967
1092 317.268
1093 235.0
1094 236.134
1095 219.0
1096 338.75967
1097 317.268
1098 164.16013
1099 235.0
1100 29.731998
1101 338.75967
1102 317.268
1103 236.134
1104 219.0
1105 219.0
1106 338.75967
1107 317.268
1108 235.0
1109 31.829807
1110 235.0
1111 338.75967
1112 317.268
1113 220.134
1114 32.0
1115 235.0
1116 338.75967
1117 317.268
1118 235.0
1119 220.134
1120 235.0
1121 338.75967
1122 317.268
1123 235.0
1124 220.134
1125 235.0
1126 338.75967
1127 317.268
1128 219.0
1129 41.88746
1130 205.91026
1131 338.75967
1132 317.268
1133 235.0
1134 154.47487
1135 235.0
1136 338.75967
1137 317.268
1138 235.0
1139 100.50743
1140 34.83873
1141 338.75967
1142 317.268
1143 218.7342
1144 235.0
1145 219.0
1146 338.75967
1147 317.268
1148 235.0
1149 220.134
1150 81.99944
1151 338.75967
1152 317.268
1153 219.0
1154 219.0
1155 220.134
1156 338.75967
1157 317.268
1158 212.26613
1159 235.0
1160 220.134
1161 338.75967
1162 317.268
1163 27.907782
1164 236.134
1165 0.0
1166 338.75967
1167 317.268
1168 236.134
1169 235.0
1170 219.0
1171 338.75967
1172 317.268
1173 80.862236
1174 219.0
1175 54.785797
1176 338.75967
1177 317.268
1178 219.0
1179 235.0
1180 219.0
1181 338.75967
1182 317.268
1183 33.2
1184 235.0
1185 36.064484
1186 338.75967
1187 317.268
1188 220.134
1189 235.0
1190 235.0
1191 338.75967
1192 317.268
