1 14.515408
2 181.50793
3 250.61234
4 255.9056
5 188.64705
6 203.0
7 203.0
8 37.618225
9 0.0
10 74.317604
11 314.3805
12 113.39026
13 16.94778
14 77.999985
15 0.0
16 25.06438
17 16.290583
18 7.291765
19 0.0
20 24.157381
21 20.87771
22 254.9442
23 78.13676
24 0.0
25 64.81913
26 0.0
27 0.0
28 141.46948
29 12.948974
30 5.7945943
31 83.96285
32 35.159664
33 30.080008
34 91.59673
35 4.28652
36 73.12184
37 43.909924
38 250.18901
39 17.766987
40 0.0
41 47.7916
42 49.221004
43 329.4171
44 0.0
45 136.12555
46 55.404667
47 55.45074
48 0.0
49 0.0
50 1.4322414
51 23.146849
52 203.0
53 77.06175
54 79.55375
55 299.0
56 0.0
57 67.73648
58 8.388483
59 0.0
60 0.40926003
61 331.0
62 219.0
63 198.25072
64 0.0
65 175.60283
66 331.0
67 145.36559
68 219.0
69 121.33601
70 0.0
71 276.0
72 0.0
73 0.0
74 164.0
75 17.437738
76 179.43887
77 0.0
78 214.05101
79 34.82184
80 0.0
81 218.40001
82 64.95508
83 0.0
84 0.0
85 171.1842
86 88.89289
87 0.0
88 0.0
89 153.11403
90 142.28963
91 4.258275
92 0.0
93 0.0
94 18.02265
95 0.0
96 3.3432603
97 136.69006
98 0.0
99 75.62291
100 125.18237
101 18.985794
102 85.956726
103 420.57727
104 0.0
105 9.831434
106 196.12344
107 127.56677
108 137.20277
109 109.626495
110 0.0
111 290.6435
112 180.0
113 22.160583
114 0.0
115 100.69707
116 183.93471
117 154.4
118 0.0
119 219.0
120 119.83943
121 386.37753
122 254.31514
123 226.9132
124 53.261658
125 0.0
126 361.15024
127 166.60251
128 212.51097
129 38.959312
130 231.01254
131 26.519367
132 293.4372
133 40.465622
134 0.0
135 13.759639
136 24.13898
137 0.0
138 267.0
139 0.0
140 320.40686
141 221.19533
142 7.984825
143 269.08835
144 395.38367
145 284.25443
146 15.3221035
147 0.0
148 259.8905
149 0.0
150 0.0
151 439.52536
152 172.09541
153 0.0
154 267.0
155 0.0
156 212.0
157 267.23575
158 261.63412
159 15.226084
160 227.0021
161 0.0
162 94.46911
163 256.249
164 54.98924
165 12.987479
166 332.1126
167 507.0
168 425.91418
169 373.6995
170 46.936443
171 215.468
172 230.50586
173 449.71375
174 240.35371
175 300.43915
176 0.0
177 62.47213
178 298.68747
179 10.9619
180 27.40913
181 251.0
182 251.0
183 28.6632
184 186.78915
185 473.05798
186 460.88718
187 187.46233
188 87.60574
189 74.10877
190 233.54936
191 230.5895
192 70.30413
193 41.02343
194 102.2393
195 57.51111
196 76.64802
197 0.0
198 67.044846
199 25.45137
200 59.05955
201 49.308777
202 118.22795
203 231.69206
204 239.26878
205 122.95039
206 31.036192
207 236.00114
208 224.00818
209 177.98604
210 584.03156
211 236.93088
212 155.27272
213 31.902918
214 124.56487
215 98.29541
216 0.0
217 66.950134
218 32.128647
219 239.24074
220 31.304361
221 25.799046
222 363.0
223 68.13345
224 32.983006
225 211.19745
226 237.4738
227 175.0742
228 13.317901
229 241.23952
230 19.741161
231 57.5748
232 427.6
233 237.6128
234 176.53853
235 78.24817
236 188.69371
237 139.45975
238 23.759342
239 251.0
240 52.226944
241 291.6918
242 465.14587
243 231.26671
244 269.5058
245 203.0
246 203.0
247 203.0
248 316.134
249 204.134
250 203.0
251 4.762119
252 195.87807
253 98.26681
254 36.205273
255 203.0
256 49.911385
257 166.91954
258 130.23997
259 0.0
260 203.0
261 100.56134
262 153.49142
263 203.0
264 203.0
265 426.51718
266 203.0
267 53.871723
268 203.0
269 32.233353
270 203.0
271 204.134
272 203.0
273 91.07656
274 197.31975
275 195.8158
276 603.6
277 427.0
278 63.235275
279 104.25395
280 204.134
281 167.23402
282 203.0
283 198.74812
284 212.04593
285 203.0
286 106.81271
287 165.85042
288 257.23248
289 121.83724
290 86.86926
291 193.90338
292 427.0
293 91.21299
294 204.134
295 142.72241
296 88.65543
297 202.62009
298 203.0
299 142.99393
300 158.22299
301 603.6
302 363.0
303 235.0
304 307.6812
305 230.71165
306 189.29095
307 171.0
308 171.0
309 360.93378
310 155.92403
311 171.0
312 75.19482
313 159.42867
314 220.19131
315 333.93256
316 171.0
317 118.92636
318 172.134
319 126.74771
320 171.0
321 359.73984
322 363.0
323 171.0
324 98.70969
325 171.0
326 62.325836
327 212.75323
328 235.0
329 309.56155
330 363.0
331 539.0
332 83.57716
333 407.88467
334 236.134
335 153.29616
336 108.57252
337 303.3602
338 97.720665
339 235.0
340 35.69398
341 171.0
342 203.61304
343 350.70987
344 171.6
345 171.0
346 211.33769
347 172.134
348 171.0
349 203.0
350 171.0
351 0.0
352 78.528175
353 235.0
354 90.56312
355 9.887282
356 355.84918
357 236.134
358 0.0
359 235.0
360 236.134
361 154.984
362 248.35541
363 219.0
364 311.409
365 217.866
366 105.17821
367 219.0
368 219.0
369 219.0
370 219.0
371 291.0988
372 248.5138
373 169.15578
374 208.0355
375 22.747791
376 219.0
377 219.0
378 315.0
379 219.0
380 219.0
381 230.90636
382 85.28088
383 211.01514
384 217.866
385 293.8501
386 219.0
387 219.0
388 37.188416
389 219.0
390 98.07853
391 54.91465
392 89.89881
393 219.0
394 247.19304
395 283.67346
396 217.866
397 131.2655
398 0.0
399 219.0
400 294.28583
401 284.30588
402 312.5213
403 280.1376
404 52.662323
405 219.0
406 169.71045
407 219.0
408 291.25287
409 219.0
410 116.92695
411 219.0
412 145.49991
413 219.0
414 219.0
415 124.94164
416 217.32138
417 107.432434
418 219.0
419 314.75076
420 219.0
421 39.28674
