1 158.85446
2 0.0
3 30.866
4 32.0
5 49.285866
6 0.0
7 49.285866
8 32.0
9 0.0
10 33.186275
11 235.0
12 32.0
13 38.61463
14 0.0
15 33.134
16 32.0
17 87.904335
18 235.0
19 32.0
20 93.37531
21 98.535385
22 220.134
23 32.6
24 98.60904
25 220.134
26 6.6146307
27 87.59094
28 38.61463
29 219.0
30 33.134
31 32.0
32 92.964134
33 30.866
34 219.0
35 32.0
36 104.00625
37 25.385368
38 0.0
39 0.0
40 32.0
41 0.0
42 32.0
43 175.01588
44 104.07178
45 25.149174
46 30.866
47 43.988956
48 104.07178
49 32.0
50 0.0
51 0.0
52 0.0
53 32.0
54 219.0
55 0.0
56 219.0
57 38.850822
58 104.07178
59 30.866
60 0.0
61 0.0
62 169.5441
63 33.134
64 104.00625
65 169.5441
66 219.0
67 38.61463
68 44.155464
69 32.6
70 219.0
71 1.1340001
72 93.37531
73 32.0
74 0.0
75 6.6146307
76 219.0
77 93.37531
78 38.61463
79 32.0
80 32.0
81 98.60904
82 98.75633
83 30.866
84 219.0
85 235.0
86 32.0
87 92.964134
88 32.0
89 190.39389
90 0.0
91 236.134
92 38.61463
93 49.285866
94 93.37531
95 30.866
96 158.39958
97 43.988956
98 0.0
99 25.385368
100 0.0
101 236.134
102 235.0
103 235.0
104 235.0
105 220.134
106 220.134
107 219.0
108 219.0
109 219.0
110 219.0
111 219.0
112 219.0
113 219.0
114 219.0
115 190.39389
116 175.01588
117 169.5441
118 169.5441
119 158.85446
120 158.39958
121 104.07178
122 104.07178
123 104.07178
124 104.00625
125 104.00625
126 98.75633
127 98.60904
128 98.60904
129 98.535385
130 93.37531
131 93.37531
132 93.37531
133 93.37531
134 92.964134
135 92.964134
136 87.904335
137 87.59094
138 49.285866
139 49.285866
140 49.285866
141 44.155464
142 43.988956
143 43.988956
144 38.850822
145 38.61463
146 38.61463
147 38.61463
148 38.61463
149 38.61463
150 33.186275
151 0.0
152 220.134
153 93.37531
154 0.0
155 30.866
156 32.0
157 315.0
158 32.0
159 236.134
160 6.8508253
161 0.0
162 25.385368
163 38.61463
164 158.85448
165 0.0
166 93.37531
167 219.0
168 158.85446
169 32.0
170 32.0
171 30.866
172 0.0
173 32.0
174 32.6
175 43.988956
176 25.385368
177 38.61463
178 0.0
179 38.61463
180 169.6173
181 0.0
182 0.0
183 87.59094
184 0.0
185 158.39958
186 0.0
187 98.60904
188 32.0
189 0.0
190 38.61463
191 38.61463
192 43.988956
193 43.988956
194 38.850822
195 32.0
196 0.0
197 32.0
198 38.850822
199 169.5441
200 30.866
201 315.0
202 315.0
203 236.134
204 236.134
205 235.0
206 235.0
207 235.0
208 220.134
209 220.134
210 220.134
211 219.0
212 219.0
213 219.0
214 219.0
215 219.0
216 219.0
217 219.0
218 219.0
219 219.0
220 190.39389
221 175.01588
222 169.6173
223 169.5441
224 169.5441
225 169.5441
226 158.85448
227 158.85446
228 158.85446
229 158.39958
230 158.39958
231 104.07178
232 104.07178
233 104.07178
234 104.00625
235 104.00625
236 98.75633
237 98.60904
238 98.60904
239 98.60904
240 98.535385
241 93.37531
242 93.37531
243 93.37531
244 93.37531
245 93.37531
246 93.37531
247 92.964134
248 92.964134
249 87.904335
250 87.59094
251 87.59094
252 219.0
253 0.0
254 0.0
255 0.0
256 219.0
257 0.0
258 219.0
259 32.0
260 235.0
261 202.37502
262 32.0
263 169.5441
264 220.134
265 219.0
266 191.53334
267 219.0
268 219.0
269 33.134
270 0.0
271 32.0
272 191.58641
273 219.0
274 169.6173
275 169.5441
276 158.85448
277 158.85446
278 158.85446
279 164.01741
280 6.8508253
281 0.0
282 219.0
283 87.799866
284 33.134
285 0.0
286 33.2
287 93.37531
288 0.0
289 32.6
290 32.0
291 98.682686
292 219.0
293 93.37531
294 93.37531
295 158.85446
296 158.85448
297 33.2
298 93.37531
299 43.988956
300 30.8
301 219.0
302 315.0
303 236.134
304 236.134
305 235.0
306 235.0
307 235.0
308 235.0
309 220.134
310 220.134
311 220.134
312 220.134
313 219.0
314 219.0
315 219.0
316 219.0
317 219.0
318 219.0
319 219.0
320 219.0
321 219.0
322 219.0
323 219.0
324 219.0
325 219.0
326 219.0
327 219.0
328 219.0
329 219.0
330 219.0
331 219.0
332 202.37502
333 191.58641
334 191.53334
335 190.39389
336 175.01588
337 169.6173
338 169.6173
339 169.5441
340 169.5441
341 169.5441
342 169.5441
343 169.5441
344 164.01741
345 158.85448
346 158.85448
347 158.85448
348 158.85446
349 158.85446
350 158.85446
351 158.85446
352 507.0
353 0.0
354 0.0
355 235.0
356 235.0
357 219.0
358 236.134
359 191.32262
360 235.0
361 32.0
362 220.134
363 0.0
364 0.0
365 235.0
366 32.0
367 0.0
368 38.61463
369 33.134
370 32.0
371 32.0
372 93.37531
373 219.0
374 98.682686
375 219.0
376 235.0
377 219.0
378 209.91966
379 219.0
380 32.0
381 32.0
382 93.37531
383 114.92915
384 49.285866
385 169.6173
386 0.0
387 38.61463
388 136.88106
389 32.0
390 93.37531
391 158.85448
392 169.5441
393 158.85446
394 164.01741
395 0.0
396 158.85448
397 169.6173
398 219.0
399 104.07178
400 104.07178
401 33.134
