1 299.0
2 47.4135
3 184.54623
4 0.0
5 0.0
6 278.94775
7 59.68901
8 65.369774
9 0.0
10 182.87175
11 256.41226
12 85.18501
13 30.238922
14 4.346631
15 45.55451
16 0.0
17 362.5842
18 6.807743
19 104.05338
20 221.89078
21 0.0
22 79.82759
23 11.732636
24 104.47179
25 29.30215
26 299.0
27 63.19388
28 117.14581
29 25.934126
30 30.44719
31 115.70663
32 88.66256
33 164.98337
34 6.3324833
35 203.0
36 36.396328
37 6.0838547
38 367.4861
39 46.60392
40 81.666534
41 136.42502
42 66.29081
43 0.0
44 117.27237
45 11.047418
46 0.0
47 167.7665
48 250.94344
49 0.0
50 1.0817215
51 406.78122
52 69.638756
53 110.05353
54 35.8437
55 1.1340001
56 286.7116
57 0.0
58 33.706017
59 0.0
60 29.797997
61 250.8697
62 102.73702
63 85.84533
64 196.38538
65 47.34347
66 96.88495
67 160.55252
68 0.0
69 0.0
70 97.20527
71 43.119537
72 0.0
73 103.021675
74 0.0
75 6.8508253
76 337.99158
77 203.0
78 217.24355
79 9.14747
80 134.64584
81 253.6476
82 13.768393
83 203.0
84 11.089226
85 179.92285
86 71.1759
87 6.8508253
88 144.95743
89 121.590904
90 18.52607
91 0.0
92 170.1196
93 0.0
94 50.174435
95 0.0
96 0.0
97 63.37887
98 27.810076
99 0.0
100 48.593506
101 298.37973
102 155.0
103 180.47935
104 0.0
105 164.0
106 219.0
107 189.89888
108 326.2245
109 319.04468
110 449.55338
111 421.57416
112 155.0
113 187.0
114 263.36203
115 347.0
116 155.0
117 17.163883
118 155.0
119 217.20184
120 0.0
121 219.0
122 240.88268
123 219.0
124 127.32012
125 0.0
126 219.0
127 22.586554
128 219.0
129 74.00505
130 66.15255
131 144.43376
132 155.0
133 148.78947
134 155.6
135 0.0
136 6.7089367
137 209.46828
138 90.751396
139 65.48482
140 219.0
141 88.833786
142 33.858814
143 140.06737
144 419.6618
145 177.22925
146 25.850391
147 154.466
148 27.584993
149 143.17929
150 77.433815
151 155.0
152 222.69833
153 363.0
154 6.6146307
155 304.05588
156 219.0
157 276.0
158 62.650097
159 0.0
160 37.290924
161 99.44504
162 25.38537
163 219.0
164 331.0
165 0.0
166 219.0
167 28.460295
168 87.686966
169 155.6
170 6.8375206
171 155.0
172 92.297325
173 200.56987
174 155.6
175 0.0
176 123.24565
177 94.67237
178 218.466
179 41.2365
180 0.0
181 247.19304
182 169.59236
183 134.30016
184 306.5492
185 16.448368
186 112.8363
187 0.0
188 81.06787
189 38.800114
190 219.0
191 208.69469
192 1.1012609
193 155.0
194 220.134
195 0.0
196 0.0
197 155.0
198 430.10852
199 0.0
200 410.8183
201 200.21822
202 327.49094
203 381.22195
204 0.0
205 375.11664
206 304.84143
207 35.61477
208 310.0449
209 62.54429
210 306.0531
211 300.2423
212 302.7058
213 267.0
214 85.859924
215 249.26051
216 215.21521
217 289.1663
218 320.6303
219 22.696291
220 474.38483
221 226.19955
222 430.12314
223 173.72183
224 165.85979
225 220.27597
226 353.89746
227 278.06192
228 436.45483
229 258.74722
230 226.59448
231 296.85413
232 96.015076
233 116.26146
234 99.31027
235 271.42526
236 270.61786
237 378.56293
238 218.7745
239 118.82932
240 290.4229
241 47.23319
242 252.63348
243 297.05014
244 260.84973
245 271.66803
246 369.71176
247 267.6
248 224.69849
249 267.0
250 212.6
251 83.316574
252 24.894941
253 268.134
254 123.76381
255 40.71356
256 16.720436
257 118.14544
258 373.70477
259 59.70237
260 0.0
261 334.18402
262 252.44055
263 42.5462
264 0.0
265 357.2
266 13.134169
267 0.6924341
268 0.0
269 373.2358
270 0.0
271 0.0
272 11.881477
273 0.0
274 240.19304
275 238.44304
276 302.17798
277 284.17996
278 293.22473
279 228.2743
280 138.05618
281 4.9991493
282 88.59503
283 312.27316
284 115.609726
285 282.53326
286 267.0
287 13.99984
288 70.45715
289 232.90703
290 236.7443
291 440.71112
292 372.76843
293 2.7069368
294 6.6146307
295 161.11739
296 365.88074
297 21.964342
298 145.15823
299 0.0
300 0.0
301 186.7188
302 427.6
303 168.75598
304 214.26747
305 246.81259
306 31.712292
307 144.08725
308 242.63922
309 239.7821
310 243.9004
311 417.17712
312 215.72134
313 249.57918
314 221.64543
315 564.7844
316 44.744312
317 248.51009
318 141.27316
319 354.9959
320 251.55125
321 441.40396
322 251.0
323 0.0
324 247.57608
325 156.74179
326 165.88004
327 427.0
328 247.49329
329 103.42013
330 245.68208
331 143.43147
332 125.32984
333 52.695175
334 184.92253
335 188.5593
336 213.76717
337 27.323944
338 251.0
339 246.48883
340 249.7806
341 0.0
342 165.77675
343 248.51329
344 251.0
345 241.54807
346 236.51666
347 99.43396
348 46.78488
349 230.94948
350 226.22769
351 251.62065
352 441.6041
353 237.87126
354 0.0
355 0.0
356 28.315695
357 41.800232
358 244.75946
359 131.61684
360 248.10117
361 225.39296
362 80.41254
363 120.14432
364 46.170338
365 0.0
366 0.0
367 363.0
368 117.11848
369 178.40028
370 0.0
371 235.33714
372 133.83679
373 188.72006
374 164.3527
375 183.23901
376 153.16548
377 98.63718
378 12.413324
379 112.02058
380 17.684134
381 118.13196
382 165.71309
383 80.8476
384 729.9565
385 108.531586
386 95.95175
387 23.38869
388 9.955393
389 232.18433
390 444.53952
391 25.907316
392 241.3645
393 230.44092
394 42.945175
395 72.99401
396 182.11555
397 29.334185
398 48.122177
399 72.895966
400 229.52512
401 729.9565
402 203.0
403 172.1692
404 178.01178
405 407.81766
406 123.19327
407 427.0
408 155.34624
409 203.0
410 315.0
411 203.0
412 203.0
413 157.08589
414 203.0
415 159.47536
416 153.4511
417 203.0
418 315.0
419 203.68945
420 198.71347
421 203.0
422 417.39307
423 203.0
424 152.55818
425 270.66162
426 275.42468
427 203.0
428 280.38034
429 203.0
430 203.0
431 203.0
432 203.0
433 203.0
434 97.73361
435 289.73868
436 427.50455
437 60.007004
438 286.88864
439 288.92807
440 228.0
441 315.0
442 203.0
443 168.21103
444 396.51437
445 95.88674
446 249.98756
447 109.03117
448 23.395922
449 143.72095
450 315.0
451 114.30024
452 461.96524
453 180.53697
454 198.12827
455 427.0
456 92.9203
457 292.7329
458 112.72319
459 0.0
460 0.0
461 194.58025
462 203.0
463 54.93079
464 111.54217
465 427.0
466 185.48317
467 203.0
468 151.98602
469 225.90596
470 360.01166
471 272.3146
472 127.79029
473 92.897705
474 186.8773
475 203.0
476 203.0
477 279.53186
478 203.0
479 196.31253
480 203.0
481 183.62733
482 128.69695
483 203.0
484 203.0
485 277.62103
486 246.77127
487 62.10291
488 203.0
489 204.134
490 1.2
491 60.71775
492 108.43574
493 203.0
494 56.372276
495 315.0
496 175.65582
497 62.873516
498 0.0
499 304.6829
500 203.0
501 9.521714
502 363.0
503 171.0
504 235.0
505 397.4309
506 363.0
507 325.49075
508 171.0
509 163.82826
510 235.0
511 363.8613
512 60.90966
513 363.6404
514 171.0
515 132.0616
516 253.89096
517 151.51408
518 127.23846
519 171.0
520 220.75696
521 152.09042
522 171.0
523 159.48056
524 359.57675
525 235.0
526 189.41988
527 236.134
528 358.61603
529 137.27956
530 176.5525
531 171.6
532 299.55133
533 121.79525
534 252.75696
535 363.0
536 235.0
537 171.0
538 235.0
539 172.134
540 171.0
541 171.0
542 235.0
543 235.0
544 235.0
545 171.0
546 171.0
547 353.621
548 73.06559
549 123.721596
550 344.0107
551 225.30508
552 9.015704
553 235.0
554 101.59394
555 11.568115
556 410.5538
557 363.0
558 171.6
559 171.0
560 178.53296
561 79.65932
562 345.11127
563 171.0
564 164.60977
565 95.94533
566 363.0
567 171.0
568 63.42137
569 163.07828
570 235.0
571 172.73401
572 363.0
573 171.0
574 235.0
575 171.0
576 235.0
577 346.35074
578 40.28502
579 77.79589
580 235.0
581 160.448
582 57.296036
583 70.4053
584 203.0
585 147.59924
586 363.0
587 32.379368
588 396.07925
589 0.0
590 171.0
591 125.88666
592 363.0
593 0.0
594 235.0
595 171.0
596 134.0044
597 171.0
598 0.0
599 28.603548
600 539.0
601 2.7513084
602 219.0
603 219.0
604 447.93375
605 315.0
606 219.0
607 315.0
608 296.37982
609 314.6145
610 315.0
611 315.0
612 219.0
613 219.0
614 219.0
615 219.0
616 219.0
617 312.4305
618 459.0
619 134.41592
620 219.0
621 219.0
622 295.3975
623 219.0
624 200.6361
625 300.8419
626 219.0
627 217.8
628 191.40796
629 186.15042
630 144.81042
631 219.0
632 219.0
633 220.134
634 311.14407
635 176.35939
636 240.1814
637 217.866
638 153.04628
639 117.447784
640 288.76205
641 80.01068
642 294.5873
643 110.62699
644 220.134
645 19.00322
646 293.06534
647 219.0
648 187.43593
649 219.0
650 219.0
651 0.0
652 219.0
653 125.90945
654 296.71454
655 219.0
656 0.0
657 219.0
658 219.0
659 315.0
660 315.0
661 219.0
662 91.33293
663 236.75696
664 48.69327
665 219.0
666 126.12852
667 315.0
668 39.100784
669 79.202675
670 173.36377
671 66.85416
672 136.86354
673 155.62326
674 177.49866
675 141.70334
676 175.96655
677 312.732
678 156.95741
679 143.6601
680 121.43847
681 219.0
682 219.0
683 304.3445
684 219.0
685 116.06779
686 213.33664
687 126.51526
688 219.0
689 219.0
690 93.28197
691 117.71034
692 0.0
693 33.134
694 451.80096
695 219.0
696 315.0
697 219.0
698 219.0
699 132.82294
700 315.0
701 315.0
702 245.95279
703 245.5848
704 30.137735
705 264.01025
706 243.8059
707 139.00061
708 39.16985
709 60.599697
710 856.2766
711 242.34232
712 267.0
713 267.0
714 249.57426
715 363.0
716 156.80869
717 62.351974
718 247.53677
719 203.0
720 251.30339
721 259.3112
722 261.95975
723 267.0
724 267.0
725 137.76233
726 256.96774
727 49.230183
728 238.65326
729 261.87726
730 193.97922
731 315.0
732 267.6
733 259.29614
734 203.0
735 256.59882
736 267.0
737 30.891846
738 28.68437
739 267.0
740 85.455315
741 261.70886
742 231.36694
743 17.618145
744 248.70241
745 267.0
746 244.45886
747 237.67392
748 159.26524
749 243.63602
750 193.84706
751 245.52742
752 566.4441
753 203.0
754 254.57611
755 203.0
756 204.134
757 246.23792
758 48.012226
759 249.98195
760 237.61456
761 315.0
762 267.0
763 683.0
764 246.97592
765 242.00354
766 39.100933
767 19.094215
768 117.893196
769 180.0
770 203.0
771 65.99822
772 48.32925
773 235.97266
774 234.05362
775 134.11111
776 347.0
777 203.0
778 28.428654
779 252.68129
780 49.940697
781 240.62059
782 253.00598
783 267.0
784 52.83515
785 245.3347
786 69.04154
787 261.98236
788 59.40721
789 267.0
790 239.86575
791 42.99804
792 203.20189
793 15.079363
794 203.0
795 253.20618
796 0.0
797 185.7826
798 0.0
799 24.788294
800 172.61081
801 147.64563
802 856.2766
803 267.0
804 187.0
805 555.0
806 219.0
807 220.134
808 549.6929
809 277.54324
810 349.7353
811 187.0
812 187.54483
813 219.0
814 425.5899
815 170.61462
816 553.6222
817 548.2931
818 267.0
819 1275.0
820 181.37695
821 187.0
822 203.2336
823 174.73541
824 555.0
825 267.0
826 349.8575
827 141.4027
828 534.47577
829 219.0
830 187.0
831 267.0
832 190.80696
833 225.61462
834 415.62857
835 125.94058
836 555.0
837 219.0
838 267.0
839 219.0
840 159.39879
841 417.17426
842 143.62607
843 191.12953
844 65.79023
845 33.134
846 219.0
847 220.91478
848 552.35626
849 555.0
850 555.0
851 0.0
852 43.96141
853 10.842664
854 76.86577
855 433.8119
856 1200.549
857 88.3193
858 555.0
859 286.56158
860 261.63132
861 315.85867
862 219.0
863 103.53938
864 267.0
865 555.0
866 164.0
867 219.0
868 31.933998
869 555.0
870 24.77879
871 58.462753
872 219.0
873 79.29737
874 219.0
875 187.0
876 49.45981
877 635.0
878 555.0
879 555.0
880 219.0
881 22.94946
882 205.84756
883 187.0
884 39.450825
885 181.8165
886 175.9492
887 219.0
888 319.34366
889 341.36453
890 64.80222
891 172.14566
892 219.0
893 267.0
894 55.164753
895 0.0
896 553.6713
897 555.27313
898 187.0
899 187.0
900 262.868
901 45.849564
902 0.0
903 1275.0
904 219.0
905 811.0
906 220.134
907 219.0
908 247.64728
909 315.0
910 219.0
911 219.0
912 296.28384
913 443.0
914 164.97823
915 523.0
916 315.0
917 315.0
918 219.0
919 220.134
920 523.0
921 523.0
922 487.4391
923 219.0
924 110.43856
925 219.0
926 220.134
927 219.0
928 312.7015
929 443.0
930 219.5965
931 315.0
932 220.134
933 64.306854
934 161.61986
935 763.0
936 315.0
937 219.0
938 102.38757
939 443.0
940 182.46976
941 154.16714
942 4.1639714
943 0.0
944 219.0
945 315.0
946 219.0
947 649.8456
948 99.328285
949 315.0
950 219.0
951 219.0
952 219.0
953 516.3854
954 315.0
955 523.0
956 219.0
957 219.0
958 219.0
959 315.0
960 523.0
961 63.122353
962 315.0
963 85.12542
964 127.14881
965 523.6
966 219.0
967 219.0
968 40.94863
969 219.0
970 337.37518
971 523.0
972 290.40195
973 214.14236
974 113.18148
975 144.03749
976 219.0
977 26.59094
978 219.0
979 219.0
980 219.0
981 219.0
982 169.74599
983 118.39855
984 98.45463
985 92.127144
986 247.31197
987 202.72664
988 315.0
989 36.749386
990 219.0
991 219.0
992 219.0
993 71.31965
994 53.2391
995 63.06011
996 219.0
997 219.0
998 82.84792
999 444.134
1000 219.0
1001 219.0
1002 99.39993
1003 219.0
1004 340.7667
1005 300.58624
1006 332.07642
1007 298.2154
1008 344.32745
1009 307.78427
1010 295.32416
1011 339.35413
1012 322.08868
1013 302.30246
1014 325.6773
1015 335.71027
1016 323.05182
1017 336.5241
1018 171.0
1019 172.134
1020 171.0
1021 306.62686
1022 302.73602
1023 353.46967
1024 287.5381
1025 294.20837
1026 303.7221
1027 427.0
1028 300.09222
1029 369.47153
1030 287.70856
1031 172.134
1032 395.9029
1033 252.65283
1034 170.99905
1035 296.1702
1036 323.64908
1037 324.31866
1038 351.10443
1039 303.5476
1040 171.0
1041 346.48328
1042 323.10095
1043 329.12683
1044 172.134
1045 131.25041
1046 345.5807
1047 299.55954
1048 309.72552
1049 171.0
1050 171.0
1051 171.0
1052 172.134
1053 206.24529
1054 334.34152
1055 171.0
1056 324.46887
1057 310.20508
1058 300.527
1059 272.18048
1060 0.0
1061 171.0
1062 312.91882
1063 184.46548
1064 171.0
1065 114.664345
1066 306.6792
1067 301.9632
1068 171.0
1069 0.0
1070 297.60422
1071 0.0
1072 303.39847
1073 330.9168
1074 194.73177
1075 171.0
1076 345.75296
1077 314.07083
1078 171.0
1079 247.70091
1080 321.38306
1081 314.02374
1082 354.6204
1083 390.42868
1084 171.0
1085 256.9518
1086 225.07832
1087 291.69965
1088 298.23352
1089 320.6524
1090 171.0
1091 185.23395
1092 326.7091
1093 171.0
1094 137.7874
1095 99.51764
1096 342.92075
1097 349.5292
1098 218.44775
1099 171.0
1100 328.58566
1101 172.134
1102 123.18165
1103 317.38873
1104 267.0
1105 267.0
1106 267.0
1107 397.59302
1108 429.87018
1109 267.0
1110 267.0
1111 480.69864
1112 267.0
1113 267.0
1114 480.05682
1115 267.0
1116 267.0
1117 487.51764
1118 267.0
1119 267.0
1120 497.26956
1121 433.9212
1122 256.6951
1123 268.134
1124 267.0
1125 267.0
1126 267.0
1127 267.0
1128 267.0
1129 267.0
1130 267.0
1131 412.5757
1132 426.39014
1133 267.0
1134 267.0
1135 267.0
1136 252.49947
1137 268.134
1138 267.0
1139 268.134
1140 267.0
1141 267.0
1142 268.134
1143 235.5992
1144 267.0
1145 267.0
1146 267.0
1147 155.19124
1148 267.0
1149 267.0
1150 267.0
1151 267.0
1152 452.57782
1153 38.822826
1154 268.134
1155 499.83298
1156 267.0
1157 131.4175
1158 267.0
1159 267.0
1160 453.307
1161 474.66818
1162 267.0
1163 0.0
1164 168.8348
1165 488.00775
1166 267.0
1167 267.0
1168 121.25802
1169 267.0
1170 267.0
1171 264.97318
1172 194.24738
1173 258.9278
1174 203.0
1175 267.0
1176 159.25165
1177 413.60507
1178 20.023808
1179 267.0
1180 302.8855
1181 267.0
1182 267.0
1183 267.0
1184 267.0
1185 415.7565
1186 267.0
1187 267.0
1188 267.0
1189 268.134
1190 267.0
1191 267.0
1192 117.85397
1193 20.795721
1194 267.0
1195 486.2566
1196 268.134
1197 198.01668
1198 243.81245
1199 267.0
1200 20.71849
1201 268.134
1202 267.0
1203 88.777245
1204 505.02356
1205 217.8
1206 571.00684
1207 219.0
1208 344.50232
1209 392.61844
1210 272.87753
1211 321.6916
1212 220.134
1213 380.48062
1214 340.0144
1215 213.21431
1216 281.09222
1217 353.2948
1218 440.8604
1219 276.97012
1220 392.88354
1221 219.0
1222 349.34808
1223 397.9843
1224 432.65277
1225 222.468
1226 440.80957
1227 343.2951
1228 365.41586
1229 650.66974
1230 299.0
1231 219.0
1232 217.8
1233 320.3793
1234 368.0865
1235 219.0
1236 468.0301
1237 268.7126
1238 3.9812484
1239 276.04025
1240 283.8596
1241 415.50873
1242 281.97006
1243 206.36093
1244 707.03235
1245 508.12592
1246 329.14368
1247 329.60388
1248 288.982
1249 400.9012
1250 290.4041
1251 336.7211
1252 372.02927
1253 219.0
1254 219.0
1255 105.90368
1256 219.7251
1257 151.84532
1258 219.0
1259 511.798
1260 219.0
1261 298.6927
1262 219.0
1263 279.96063
1264 144.10005
1265 362.81598
1266 265.3676
1267 115.07506
1268 230.82077
1269 341.59198
1270 220.134
1271 219.0
1272 208.98796
1273 412.19238
1274 684.9809
1275 220.134
1276 504.62823
1277 279.9139
1278 280.6813
1279 411.6999
1280 335.35754
1281 268.5561
1282 264.23236
1283 717.15686
1284 0.0
1285 219.0
1286 288.39975
1287 349.85587
1288 3.0151658
1289 422.40512
1290 273.44183
1291 344.48093
1292 220.134
1293 185.42957
1294 272.85043
1295 266.50473
1296 286.76947
1297 299.6
1298 336.21732
1299 220.134
1300 168.00356
1301 216.73201
1302 603.79956
1303 219.0
1304 558.92303
1305 286.8495
1306 282.25742
1307 391.9549
1308 221.86801
1309 499.92822
1310 556.22894
1311 395.0
1312 221.80927
1313 366.34326
1314 315.6
1315 363.0
1316 379.87717
1317 315.0
1318 254.32393
1319 315.0
1320 369.8745
1321 537.5099
1322 306.4282
1323 543.655
1324 363.0
1325 395.0
1326 256.9843
1327 550.602
1328 228.94118
1329 395.0
1330 292.37814
1331 290.96564
1332 267.89093
1333 314.4
1334 387.44986
1335 315.0
1336 283.40152
1337 316.2
1338 294.14722
1339 244.10956
1340 544.78613
1341 220.2
1342 364.134
1343 220.134
1344 304.36798
1345 549.2683
1346 278.80112
1347 561.5156
1348 557.2175
1349 302.29755
1350 290.91776
1351 180.48317
1352 228.04294
1353 303.42877
1354 363.6
1355 285.72223
1356 375.6358
1357 391.08173
1358 395.0
1359 236.43317
1360 223.81738
1361 313.43497
1362 225.41234
1363 219.6
1364 161.43767
1365 390.13974
1366 219.0
1367 189.87215
1368 0.0
1369 393.87183
1370 315.0
1371 320.34116
1372 394.22604
1373 219.0
1374 291.79434
1375 559.37024
1376 337.56094
1377 377.58005
1378 326.58472
1379 217.17418
1380 399.11212
1381 270.7074
1382 26.847775
1383 363.0
1384 330.5684
1385 537.6986
1386 395.0
1387 561.62317
1388 194.60324
1389 217.8
1390 395.0
1391 159.20366
1392 308.38538
1393 220.134
1394 553.3358
1395 537.6286
1396 210.90887
1397 395.0
1398 218.51967
1399 221.26799
1400 223.98897
1401 0.0
1402 233.42284
1403 239.45222
1404 379.0
1405 388.94122
1406 147.63565
1407 515.9301
1408 348.54395
1409 203.0
1410 299.0
1411 480.50546
1412 504.60898
1413 571.0
1414 562.1011
1415 379.0
1416 487.25958
1417 571.0
1418 354.813
1419 332.036
1420 566.47565
1421 291.0126
1422 404.61206
1423 379.0
1424 403.06134
1425 389.16025
1426 571.98047
1427 299.0
1428 779.7134
1429 485.99283
1430 568.87274
1431 249.5004
1432 202.74727
1433 379.0
1434 201.91507
1435 264.49835
1436 203.0
1437 347.86478
1438 366.95642
1439 398.50366
1440 379.0
1441 571.0
1442 203.0
1443 300.134
1444 315.99142
1445 333.43988
1446 563.2421
1447 379.0
1448 307.38693
1449 266.80173
1450 630.4082
1451 536.1552
1452 379.0
1453 453.92102
1454 372.65076
1455 268.9448
1456 379.0
1457 379.0
1458 299.0
1459 395.43262
1460 563.8159
1461 571.0
1462 379.0
1463 379.0
1464 379.0
1465 560.8567
1466 379.0
1467 506.2704
1468 379.0
1469 367.23404
1470 379.0
1471 379.0
1472 207.19894
1473 492.73254
1474 624.00073
1475 379.0
1476 630.9786
1477 244.27267
1478 351.8335
1479 571.0
1480 379.0
1481 203.0
1482 379.0
1483 299.0
1484 203.0
1485 203.0
1486 375.42984
1487 365.03378
1488 203.0
1489 625.9918
1490 203.0
1491 203.0
1492 198.18546
1493 234.34431
1494 203.0
1495 266.68765
1496 400.05588
1497 299.0
1498 392.27173
1499 348.03696
1500 41.59717
1501 379.0
1502 203.0
1503 392.56985
1504 203.0
1505 340.83487
1506 189.0668
1507 123.88287
1508 267.0
1509 155.0
1510 363.0
1511 363.0
1512 203.0
1513 203.0
1514 201.97217
1515 203.0
1516 350.13818
1517 116.59999
1518 203.0
1519 203.0
1520 203.0
1521 203.0
1522 203.0
1523 203.0
1524 203.0
1525 204.134
1526 203.0
1527 283.0
1528 155.0
1529 156.134
1530 155.0
1531 363.0
1532 155.0
1533 416.8091
1534 204.134
1535 155.0
1536 357.1861
1537 155.0
1538 155.0
1539 352.77625
1540 203.0
1541 203.0
1542 203.0
1543 155.0
1544 155.0
1545 167.7761
1546 155.0
1547 203.0
1548 203.0
1549 203.0
1550 203.0
1551 203.0
1552 151.07094
1553 363.0
1554 203.0
1555 155.0
1556 203.0
1557 155.0
1558 351.587
1559 155.0
1560 203.0
1561 358.11594
1562 203.0
1563 155.0
1564 203.0
1565 203.0
1566 360.6999
1567 155.0
1568 203.0
1569 203.0
1570 203.0
1571 198.2245
1572 203.0
1573 203.0
1574 203.0
1575 155.0
1576 149.55763
1577 203.0
1578 203.0
1579 155.0
1580 203.0
1581 203.0
1582 203.0
1583 203.0
1584 203.0
1585 156.134
1586 203.0
1587 155.0
1588 203.0
1589 939.5266
1590 203.0
1591 203.0
1592 200.732
1593 342.96738
1594 155.0
1595 155.0
1596 96.431335
1597 155.0
1598 203.0
1599 150.41714
1600 155.0
1601 283.0
1602 135.17186
1603 436.51624
1604 217.39474
1605 234.97548
1606 438.65424
1607 239.11253
1608 299.6
1609 299.0
1610 299.0
1611 270.12485
1612 299.0
1613 259.29034
1614 801.439
1615 763.0
1616 293.05322
1617 287.743
1618 299.0
1619 122.06683
1620 299.0
1621 797.23706
1622 1102.1997
1623 593.8469
1624 299.6
1625 298.0354
1626 299.0
1627 276.03952
1628 289.53104
1629 286.38895
1630 296.48303
1631 619.0
1632 297.94186
1633 299.0
1634 294.02023
1635 32.955254
1636 763.0
1637 298.78345
1638 233.99915
1639 291.6505
1640 282.10983
1641 223.08572
1642 291.78204
1643 284.89432
1644 763.0
1645 255.90298
1646 299.6
1647 292.6949
1648 763.0
1649 274.5997
1650 763.0
1651 939.0
1652 298.0202
1653 299.58167
1654 282.0481
1655 287.97363
1656 287.49652
1657 295.41605
1658 763.0
1659 297.5812
1660 299.0
1661 294.07913
1662 763.0
1663 268.7051
1664 235.71799
1665 299.6
1666 299.0
1667 299.0
1668 299.0
1669 79.06185
1670 289.15814
1671 296.13898
1672 285.56012
1673 279.8699
1674 299.0
1675 299.0
1676 299.0
1677 299.0
1678 277.32285
1679 299.67807
1680 296.74768
1681 299.0
1682 296.58862
1683 298.66464
1684 268.80167
1685 21.839354
1686 763.6
1687 238.17294
1688 103.89469
1689 266.93124
1690 619.0
1691 481.0557
1692 296.63046
1693 763.0
1694 299.0
1695 299.0
1696 298.875
1697 275.34326
1698 799.717
1699 299.0
1700 299.0
1701 292.30908
1702 299.0
1703 285.41193
1704 507.73822
1705 402.39902
1706 477.5017
1707 916.4417
1708 507.0
1709 715.0
1710 490.9594
1711 506.61716
1712 928.8231
1713 507.0
1714 489.57474
1715 492.00848
1716 497.49606
1717 725.7406
1718 507.0
1719 583.92755
1720 484.9219
1721 203.0
1722 580.573
1723 496.72577
1724 603.0
1725 309.76804
1726 919.8993
1727 931.6762
1728 930.3346
1729 603.0
1730 507.0
1731 507.0
1732 78.060165
1733 507.0
1734 507.0
1735 507.0
1736 498.09534
1737 491.0802
1738 507.0
1739 495.856
1740 501.2227
1741 488.04108
1742 203.0
1743 484.99042
1744 507.0
1745 507.0
1746 466.28864
1747 486.00156
1748 486.829
1749 203.0
1750 587.84143
1751 203.0
1752 488.02548
1753 203.0
1754 279.69455
1755 203.0
1756 0.0
1757 507.56055
1758 504.87836
1759 682.46216
1760 502.4903
1761 507.0
1762 482.68433
1763 340.27716
1764 507.0
1765 489.44962
1766 494.19742
1767 95.95343
1768 502.83707
1769 316.59372
1770 142.38309
1771 489.99576
1772 468.23843
1773 487.27338
1774 69.59682
1775 507.0
1776 507.0
1777 87.13258
1778 507.0
1779 491.03674
1780 507.0
1781 507.0
1782 87.565155
1783 934.0713
1784 930.04803
1785 76.89352
1786 485.96634
1787 489.40985
1788 507.6
1789 491.90347
1790 381.53088
1791 487.52148
1792 203.0
1793 923.5803
1794 507.6
1795 507.6
1796 507.0
1797 488.34952
1798 501.8027
1799 937.5767
1800 939.0
1801 502.17953
1802 244.85857
1803 203.0
1804 299.534
1805 624.8589
1806 907.0
1807 267.0
1808 964.8657
1809 268.134
1810 622.2551
1811 640.1175
1812 268.134
1813 794.86456
1814 1515.0
1815 797.503
1816 654.5694
1817 299.0
1818 638.614
1819 299.0
1820 849.15906
1821 267.0
1822 971.0
1823 802.5999
1824 798.1807
1825 299.0
1826 625.3369
1827 796.0605
1828 875.0
1829 860.134
1830 299.0
1831 626.7505
1832 891.0
1833 859.0
1834 949.41437
1835 784.0928
1836 267.0
1837 299.0
1838 971.6
1839 267.0
1840 347.0
1841 300.134
1842 347.0
1843 796.2737
1844 891.0
1845 892.134
1846 628.022
1847 347.0
1848 656.9249
1849 621.88916
1850 347.0
1851 0.0
1852 299.0
1853 790.6146
1854 141.33774
1855 629.8206
1856 875.0
1857 299.0
1858 971.0
1859 299.0
1860 299.0
1861 907.0
1862 267.0
1863 792.2017
1864 268.134
1865 347.0
1866 348.134
1867 92.55113
1868 808.46796
1869 347.6
1870 267.0
1871 339.2144
1872 598.64
1873 875.0
1874 347.0
1875 355.48273
1876 828.73395
1877 808.4076
1878 798.60516
1879 891.0
1880 966.54834
1881 859.0
1882 804.9309
1883 299.0
1884 795.1253
1885 267.0
1886 907.0
1887 971.0
1888 636.6139
1889 299.0
1890 623.51495
1891 646.2722
1892 813.3272
1893 953.08954
1894 859.0
1895 124.46464
1896 792.0596
1897 789.96765
1898 299.0
1899 891.0
1900 347.0
1901 0.0
1902 299.0
1903 827.0
1904 1515.0
1905 939.0
1906 380.134
1907 379.0
1908 555.0
1909 201.18527
1910 251.0
1911 524.134
1912 171.0
1913 411.0
1914 251.0
1915 171.0
1916 411.0
1917 811.0
1918 379.0
1919 619.0
1920 251.0
1921 193.8949
1922 555.0
1923 939.0
1924 379.0
1925 1259.0
1926 251.0
1927 379.0
1928 379.0
1929 251.0
1930 317.66473
1931 379.0
1932 171.0
1933 555.0
1934 379.0
1935 379.0
1936 412.134
1937 699.0
1938 380.134
1939 251.0
1940 1212.134
1941 379.0
1942 178.11821
1943 251.0
1944 251.0
1945 251.0
1946 379.0
1947 475.0
1948 251.0
1949 171.0
1950 411.0
1951 476.134
1952 171.0
1953 251.0
1954 379.0
1955 379.0
1956 251.0
1957 251.0
1958 251.0
1959 171.0
1960 379.0
1961 379.0
1962 171.0
1963 171.0
1964 171.0
1965 69.493225
1966 252.134
1967 251.0
1968 251.0
1969 171.0
1970 252.134
1971 159.45506
1972 179.29546
1973 379.0
1974 699.0
1975 555.0
1976 171.0
1977 172.134
1978 252.134
1979 95.30748
1980 555.0
1981 379.0
1982 379.0
1983 620.134
1984 251.0
1985 251.0
1986 162.29076
1987 379.0
1988 523.0
1989 379.0
1990 379.0
1991 619.0
1992 188.52061
1993 619.0
1994 251.0
1995 379.0
1996 251.0
1997 171.0
1998 251.0
1999 380.134
2000 251.0
2001 171.0
2002 251.0
2003 251.0
2004 251.0
2005 563.9884
2006 545.0021
2007 472.77698
2008 577.38055
2009 289.05524
2010 527.3208
2011 463.7989
2012 531.6528
2013 395.0
2014 351.72943
2015 516.5256
2016 395.0
2017 559.00354
2018 487.56003
2019 546.7053
2020 530.60443
2021 471.01495
2022 281.28635
2023 462.70352
2024 533.0983
2025 509.09912
2026 269.145
2027 587.0
2028 587.0
2029 468.20093
2030 486.83853
2031 344.07373
2032 479.09277
2033 461.2532
2034 365.4208
2035 490.5593
2036 340.26285
2037 395.0
2038 354.00137
2039 531.551
2040 552.32983
2041 456.2011
2042 457.56912
2043 475.11566
2044 327.30145
2045 532.35284
2046 474.448
2047 486.61087
2048 271.47076
2049 377.38
2050 520.0563
2051 483.94702
2052 543.4531
2053 389.6619
2054 204.28888
2055 523.1381
2056 479.00134
2057 475.94553
2058 331.975
2059 319.72424
2060 515.7812
2061 0.0
2062 548.0273
2063 416.0976
2064 311.03964
2065 368.27527
2066 481.65536
2067 479.34085
2068 337.72995
2069 533.0934
2070 345.36795
2071 268.5081
2072 251.0
2073 533.76337
2074 416.4345
2075 339.05515
2076 457.68625
2077 481.43546
2078 479.42767
2079 521.3834
2080 487.2413
2081 395.0
2082 458.02194
2083 451.62375
2084 370.03735
2085 519.36646
2086 378.3925
2087 395.0
2088 531.1606
2089 285.56393
2090 234.76097
2091 340.47662
2092 359.26398
2093 482.25916
2094 486.81232
2095 343.80444
2096 583.0034
2097 517.38654
2098 506.82117
2099 366.49042
2100 367.59674
2101 357.65854
2102 503.44208
2103 516.20135
2104 147.47597
2105 202.29628
2106 501.71417
2107 642.41284
2108 235.6
2109 347.6296
2110 198.51575
2111 671.09406
2112 193.63297
2113 195.46733
2114 344.95917
2115 747.0
2116 508.49915
2117 509.50375
2118 500.44873
2119 343.71045
2120 235.0
2121 170.35742
2122 502.49265
2123 402.64777
2124 237.334
2125 346.53488
2126 390.79892
2127 653.55853
2128 391.60083
2129 502.68527
2130 510.59875
2131 447.44092
2132 389.03317
2133 391.64352
2134 98.12502
2135 235.0
2136 424.65955
2137 494.4745
2138 395.27847
2139 236.134
2140 390.36978
2141 676.9335
2142 397.10327
2143 412.86734
2144 731.4076
2145 416.95728
2146 418.40134
2147 235.0
2148 490.0212
2149 522.82117
2150 405.90445
2151 208.25726
2152 406.50726
2153 691.6591
2154 238.65594
2155 606.7573
2156 736.7483
2157 348.1946
2158 512.1919
2159 713.54895
2160 221.49869
2161 167.31401
2162 126.218285
2163 242.69728
2164 747.0
2165 735.8529
2166 740.0931
2167 502.53387
2168 499.68967
2169 331.0
2170 433.21008
2171 331.0
2172 491.70544
2173 391.89212
2174 235.0
2175 235.0
2176 470.0706
2177 627.12134
2178 496.57504
2179 702.7184
2180 235.0317
2181 229.32458
2182 194.97517
2183 539.0
2184 331.0
2185 196.81204
2186 492.25522
2187 493.9273
2188 405.70688
2189 331.0
2190 503.58517
2191 510.74646
2192 503.07513
2193 510.04083
2194 214.17801
2195 410.23895
2196 199.88062
2197 510.81177
2198 514.28766
2199 227.63353
2200 124.99038
2201 236.2
2202 193.43301
2203 45.99708
2204 418.15283
2205 373.22025
2206 156.134
2207 358.42056
2208 155.0
2209 232.35417
2210 155.0
2211 187.0
2212 287.6581
2213 156.134
2214 388.35788
2215 155.0
2216 431.47104
2217 329.6843
2218 180.0
2219 155.0
2220 155.0
2221 320.7817
2222 357.8335
2223 155.0
2224 155.0
2225 251.11246
2226 203.20058
2227 328.0141
2228 156.134
2229 338.78586
2230 316.29367
2231 155.0
2232 237.2464
2233 155.0
2234 155.0
2235 187.0
2236 155.0
2237 155.0
2238 239.11592
2239 208.7671
2240 316.5877
2241 320.16757
2242 367.23932
2243 187.0
2244 304.5503
2245 368.4149
2246 382.30142
2247 229.80553
2248 187.0
2249 444.9283
2250 393.9228
2251 431.8877
2252 102.048965
2253 409.94247
2254 155.0
2255 365.10358
2256 187.0
2257 319.2144
2258 155.0
2259 155.0
2260 156.134
2261 156.134
2262 246.22021
2263 156.134
2264 333.70786
2265 97.67191
2266 187.0
2267 187.0
2268 180.0
2269 155.0
2270 155.0
2271 322.5464
2272 155.0
2273 155.0
2274 155.0
2275 434.27228
2276 362.65717
2277 316.43442
2278 155.0
2279 155.0
2280 98.46027
2281 180.0
2282 334.32257
2283 155.0
2284 317.44043
2285 238.81229
2286 235.67407
2287 155.0
2288 345.03888
2289 317.60025
2290 317.7128
2291 195.6878
2292 242.9123
2293 185.48653
2294 155.0
2295 325.3546
2296 381.22702
2297 311.78366
2298 251.679
2299 187.0
2300 155.0
2301 413.11978
2302 101.65844
2303 353.2338
2304 156.134
2305 315.6
2306 449.82416
2307 286.72348
2308 315.0
2309 461.70367
2310 219.0
2311 395.22015
2312 285.34766
2313 283.6
2314 219.0
2315 275.0966
2316 219.0
2317 430.2854
2318 281.66632
2319 219.0
2320 463.6465
2321 291.244
2322 206.26306
2323 219.6
2324 242.03395
2325 344.54373
2326 283.6
2327 219.6
2328 388.87762
2329 247.5408
2330 164.19107
2331 219.6
2332 219.0
2333 286.34326
2334 219.6
2335 315.0
2336 219.0
2337 219.0
2338 427.44833
2339 154.77664
2340 219.0
2341 183.32799
2342 219.0
2343 219.0
2344 219.0
2345 181.96428
2346 217.8
2347 218.94772
2348 219.6
2349 219.0
2350 396.21173
2351 219.0
2352 430.02072
2353 219.0
2354 219.0
2355 141.06305
2356 307.73105
2357 314.98578
2358 301.82556
2359 219.0
2360 160.92033
2361 295.05426
2362 480.0599
2363 410.5379
2364 219.0
2365 219.0
2366 216.25673
2367 207.99733
2368 309.80368
2369 296.15973
2370 241.66264
2371 236.59041
2372 179.87357
2373 219.6
2374 458.18155
2375 398.66013
2376 219.0
2377 177.39655
2378 277.4437
2379 215.65672
2380 287.63678
2381 431.4625
2382 219.6
2383 174.90395
2384 304.24075
2385 259.69293
2386 219.0
2387 250.34566
2388 280.68033
2389 98.66885
2390 286.21854
2391 182.56177
2392 309.5596
2393 328.4683
2394 397.7748
2395 323.35004
2396 210.20178
2397 219.6
2398 174.63757
2399 315.6
2400 249.34406
2401 208.27902
2402 219.0
2403 201.6
2404 314.94034
2405 271.38162
2406 292.75125
2407 315.0
2408 414.67752
2409 319.95255
2410 302.77454
2411 279.4514
2412 306.69296
2413 693.6421
2414 302.69696
2415 373.52682
2416 315.0
2417 416.5312
2418 315.6
2419 315.0
2420 315.6
2421 430.46802
2422 315.0
2423 320.55252
2424 315.0
2425 295.8992
2426 385.3921
2427 307.2204
2428 395.81204
2429 507.6
2430 315.6
2431 433.20142
2432 315.6
2433 218.65044
2434 345.9907
2435 515.8532
2436 299.70245
2437 507.0
2438 315.0
2439 369.13745
2440 305.15866
2441 315.0
2442 308.401
2443 315.6
2444 315.0
2445 339.29843
2446 315.0
2447 382.84344
2448 340.3577
2449 315.0
2450 315.0
2451 315.0
2452 507.0
2453 315.6
2454 294.78903
2455 235.0
2456 318.34326
2457 311.12857
2458 676.9404
2459 373.47186
2460 370.71713
2461 315.6
2462 323.71878
2463 338.52783
2464 315.0
2465 235.0
2466 399.1271
2467 313.8
2468 313.8
2469 315.0
2470 315.0
2471 315.0
2472 345.1341
2473 322.7868
2474 299.84686
2475 307.5801
2476 224.63939
2477 247.26193
2478 283.51108
2479 326.8423
2480 315.0
2481 328.2479
2482 302.1286
2483 320.07727
2484 336.99323
2485 222.4974
2486 280.8001
2487 381.27597
