1 0.0
2 0.0
3 0.0
4 11.026091
5 0.0
6 0.0
7 219.3234
8 17.45905
9 60.674656
10 64.94263
11 87.13846
12 0.6
13 39.291847
14 14.48175
15 0.0
16 21.684263
17 249.85504
18 142.10071
19 203.6843
20 57.42071
21 5.673743
22 203.0
23 124.19427
24 108.56836
25 5.736
26 97.185844
27 162.19296
28 0.0
29 21.051828
30 91.24832
31 0.0
32 0.0
33 39.930256
34 0.0
35 0.0
36 0.065999985
37 5.151955
38 0.0
39 0.0
40 119.88314
41 4.064483
42 28.95661
43 26.55876
44 123.05793
45 35.849846
46 60.57453
47 2.01852
48 0.0
49 0.0
50 40.474033
51 364.46613
52 129.33557
53 68.19821
54 0.0
55 1.1340001
56 0.0
57 82.23088
58 39.04975
59 0.0
60 35.59214
61 0.0
62 402.49185
63 54.795086
64 19.986307
65 203.0
66 0.6
67 0.0
68 334.409
69 55.96838
70 18.028122
71 0.0
72 6.8508253
73 168.51471
74 123.97552
75 9.927935
76 55.128025
77 1.0689569
78 0.0
79 0.0
80 17.274153
81 0.0
82 155.0
83 220.134
84 155.0
85 143.42015
86 125.78523
87 11.013185
88 155.0
89 363.0
90 219.6
91 108.0996
92 0.0
93 52.49105
94 0.0
95 0.0
96 8.881873
97 40.623543
98 0.0
99 127.45541
100 0.0
101 153.866
102 219.0
103 67.99928
104 444.93124
105 155.6
106 0.0
107 389.87573
108 57.249546
109 154.71729
110 89.56621
111 290.6072
112 8.793935
113 155.0
114 363.0
115 196.66675
116 155.0
117 155.0
118 35.064674
119 86.04183
120 29.54618
121 72.871216
122 219.0
123 180.60002
124 116.03469
125 155.0
126 0.0
127 0.0
128 48.849735
129 258.98483
130 107.076675
131 121.07512
132 220.134
133 0.0
134 113.08429
135 196.62889
136 0.0
137 0.0
138 81.7517
139 155.0
140 0.0
141 155.0
142 164.0
143 248.78719
144 219.0
145 80.085785
146 153.45103
147 187.0
148 4.7520638
149 0.0
150 0.0
151 155.6
152 154.934
153 14.854022
154 338.3096
155 71.98834
156 0.0
157 76.75987
158 202.04549
159 0.0
160 27.100042
161 233.33438
162 0.0
163 399.95575
164 141.69861
165 263.29208
166 385.23444
167 310.87875
168 392.07434
169 143.83713
170 382.94116
171 390.46448
172 322.5402
173 26.938105
174 0.0
175 134.65312
176 426.25742
177 71.71576
178 0.0
179 224.92555
180 266.466
181 159.19594
182 262.8575
183 17.652527
184 281.80905
185 313.2823
186 268.134
187 328.07788
188 55.44116
189 294.51196
190 12.461793
191 259.69055
192 340.54782
193 372.73868
194 267.53403
195 17.194687
196 248.73067
197 308.0826
198 8.657684
199 389.1744
200 430.9629
201 0.0
202 337.74954
203 267.0
204 412.2024
205 0.0
206 297.0154
207 -0.028383434
208 461.57413
209 57.34481
210 28.349617
211 124.872826
212 290.0771
213 387.029
214 255.05258
215 267.0
216 336.09097
217 80.649605
218 391.1685
219 403.43344
220 6.6146307
221 267.0
222 129.86917
223 67.30788
224 267.0
225 267.0
226 279.76077
227 232.20734
228 19.25429
229 0.0
230 448.11652
231 0.0
232 0.0
233 160.13223
234 152.62665
235 366.0043
236 383.35477
237 86.60071
238 383.23865
239 382.59717
240 233.90276
241 213.24873
242 239.18365
243 499.53137
244 120.249626
245 139.4309
246 234.09956
247 251.0
248 467.49344
249 140.18654
250 228.65665
251 161.0134
252 251.0
253 190.63657
254 9.452675
255 232.0628
256 221.0547
257 251.0
258 51.498253
259 399.35132
260 244.03387
261 115.643456
262 251.0
263 182.5738
264 245.99048
265 224.06535
266 153.20413
267 241.38664
268 79.19596
269 428.134
270 223.04518
271 229.77525
272 77.65873
273 33.088657
274 465.13278
275 251.0
276 49.479885
277 71.10331
278 143.021
279 241.78014
280 60.947975
281 251.0
282 251.0
283 139.84938
284 251.0
285 162.54164
286 244.72798
287 229.44159
288 109.214264
289 77.70652
290 244.55672
291 46.850204
292 237.16685
293 83.67428
294 240.24529
295 42.92535
296 93.46759
297 218.5857
298 45.311512
299 44.901108
300 168.78818
301 247.04552
302 78.965675
303 236.34967
304 223.98105
305 230.72186
306 26.615091
307 85.1503
308 12.405389
309 235.46992
310 103.50748
311 111.55455
312 59.089096
313 239.52643
314 83.856926
315 244.66599
316 241.88068
317 24.280561
318 156.10611
319 230.2576
320 138.0883
321 427.6
322 398.23056
323 98.71122
324 307.40506
325 203.0
326 76.95003
327 466.4916
328 182.77362
329 269.09848
330 147.0752
331 177.8
332 447.77322
333 203.0
334 133.00659
335 204.134
336 203.0
337 235.0
338 427.0
339 173.55301
340 175.40498
341 139.17139
342 98.883026
343 243.85043
344 129.34235
345 315.0
346 315.0
347 730.5585
348 422.6902
349 204.134
350 204.134
351 164.61665
352 347.44965
353 427.0
354 114.29523
355 161.50894
356 427.0
357 50.132908
358 172.34216
359 143.48988
360 426.0899
361 68.769165
362 160.49779
363 6.6865206
364 281.0265
365 204.134
366 0.0
367 268.85736
368 105.96107
369 1.7340001
370 252.72623
371 474.3119
372 427.0
373 167.95676
374 81.13115
375 200.22244
376 112.94106
377 0.0
378 107.47037
379 89.848015
380 161.15424
381 72.05153
382 204.134
383 102.35644
384 170.25186
385 70.696175
386 120.70128
387 164.89062
388 251.39424
389 203.0
390 141.78531
391 203.0
392 33.09107
393 188.0
394 198.40376
395 109.16583
396 116.94516
397 90.236946
398 6.969078
399 0.0
400 408.63315
401 730.5585
402 171.0
403 171.0
404 539.0
405 343.79272
406 355.3656
407 235.0
408 138.4658
409 363.0
410 349.59036
411 148.27068
412 235.0
413 108.70548
414 235.0
415 131.21413
416 167.18149
417 385.36978
418 352.4122
419 169.866
420 235.0
421 235.0
422 104.42569
423 171.0
424 172.134
425 362.4
426 363.0
427 171.0
428 0.0
429 171.0
430 171.0
431 235.0
432 332.27203
433 235.0
434 350.77042
435 174.468
436 165.58612
437 40.46483
438 423.59192
439 360.26105
440 169.866
441 87.49744
442 363.0
443 63.961407
444 38.788033
445 172.134
446 181.19519
447 58.358818
448 235.0
449 363.08823
450 235.0
451 235.0
452 346.5219
453 175.08127
454 171.0
455 171.6
456 362.7913
457 514.24866
458 52.859386
459 235.0
460 361.8
461 167.54573
462 110.74647
463 171.0
464 252.2861
465 172.134
466 80.30004
467 171.0
468 417.36258
469 74.841965
470 149.62285
471 235.0
472 168.14574
473 355.8342
474 15.236881
475 168.11874
476 96.209
477 177.65105
478 226.50392
479 341.8841
480 45.653275
481 1.2
482 308.99084
483 219.0
484 247.34035
485 315.0
486 315.0
487 219.0
488 315.0
489 291.7557
490 219.0
491 220.134
492 219.0
493 129.49062
494 219.0
495 219.0
496 315.0
497 166.25116
498 48.318428
499 602.5747
500 141.27786
501 134.00978
502 459.0
503 128.96349
504 160.16002
505 219.0
506 220.134
507 219.0
508 219.0
509 219.0
510 152.51242
511 88.25307
512 219.0
513 93.270706
514 220.134
515 205.06207
516 305.31366
517 276.95148
518 300.20074
519 247.21349
520 289.07593
521 166.55176
522 212.38538
523 136.81158
524 219.0
525 277.71014
526 219.0
527 95.93701
528 177.22404
529 219.0
530 0.0
531 207.42867
532 292.69412
533 210.649
534 303.14322
535 236.35956
536 219.0
537 34.350864
538 219.0
539 459.0
540 219.0
541 198.5996
542 33.66136
543 307.29715
544 315.0
545 143.67825
546 220.134
547 232.28032
548 243.47166
549 129.38695
550 213.65092
551 315.0
552 134.6045
553 135.70793
554 217.26599
555 280.40137
556 18.136887
557 32.54716
558 219.0
559 219.0
560 315.6
561 193.65967
562 96.30254
563 251.63765
564 363.0
565 239.58344
566 246.07367
567 250.39534
568 252.48334
569 267.0
570 211.16098
571 113.9788
572 11.89371
573 247.26317
574 154.80885
575 82.411514
576 174.224
577 242.93353
578 249.45926
579 267.0
580 248.11568
581 266.4
582 244.35347
583 203.0
584 185.37895
585 98.28899
586 253.6474
587 109.445854
588 189.18501
589 191.54257
590 240.31299
591 18.779606
592 246.20782
593 267.0
594 22.830088
595 258.15204
596 98.557014
597 203.0
598 158.53162
599 249.9232
600 267.0
601 245.56589
602 261.5192
603 157.81215
604 74.82393
605 96.89793
606 267.0
607 267.0
608 81.102554
609 0.0
610 179.52773
611 249.54721
612 558.7761
613 259.59378
614 262.0432
615 229.62077
616 180.0
617 267.0
618 241.42601
619 267.6
620 75.64563
621 209.14828
622 255.77835
623 238.76797
624 155.30002
625 229.51237
626 114.97024
627 243.69708
628 262.5474
629 242.17918
630 251.64784
631 46.10366
632 170.32051
633 254.6822
634 27.711071
635 252.0305
636 180.0
637 109.41413
638 86.39605
639 0.0
640 30.20414
641 262.38147
642 160.69186
643 250.39825
644 168.47046
645 267.0
646 158.82416
647 545.05536
648 555.0
649 267.0
650 466.88773
651 219.0
652 102.99928
653 546.71375
654 187.0
655 219.0
656 555.0
657 219.0
658 547.29144
659 41.11882
660 270.52646
661 187.0
662 462.07184
663 153.34633
664 0.0
665 76.63117
666 279.1542
667 111.83133
668 544.48975
669 267.0
670 187.0
671 219.0
672 0.0
673 416.34888
674 158.4812
675 164.0
676 168.8232
677 31.195656
678 220.134
679 99.88974
680 25.490019
681 26.326565
682 105.411385
683 150.82663
684 76.184814
685 354.2575
686 307.6573
687 269.28177
688 170.8727
689 522.32947
690 180.38939
691 462.69373
692 207.06616
693 128.45853
694 182.62518
695 202.11597
696 86.24294
697 122.75497
698 207.60419
699 148.70241
700 164.0
701 151.16708
702 219.0
703 21.079453
704 453.36615
705 164.0
706 46.962284
707 154.09085
708 34.7135
709 111.95391
710 219.0
711 19.000854
712 544.44867
713 130.91133
714 69.77825
715 267.0
716 116.18162
717 158.95538
718 60.208576
719 22.664589
720 36.100704
721 402.73563
722 120.218
723 763.0
724 523.0
725 443.0
726 148.02081
727 315.0
728 220.134
729 91.91027
730 219.0
731 120.62334
732 623.1384
733 429.905
734 219.0
735 219.0
736 207.63237
737 219.0
738 125.945274
739 763.0
740 315.0
741 189.03491
742 61.420265
743 219.0
744 274.66107
745 220.134
746 267.95395
747 219.0
748 391.00113
749 444.134
750 126.99773
751 104.1269
752 219.0
753 315.0
754 153.16316
755 220.134
756 0.0
757 219.0
758 443.0
759 70.3405
760 219.0
761 315.0
762 219.0
763 763.0
764 315.0
765 55.128258
766 315.0
767 329.5717
768 67.1931
769 316.134
770 219.0
771 86.93204
772 219.0
773 811.0
774 219.0
775 315.0
776 85.06869
777 98.54181
778 1.1340001
779 219.0
780 523.0
781 316.134
782 315.0
783 163.91948
784 99.64154
785 220.134
786 764.134
787 86.59756
788 217.866
789 0.0
790 219.0
791 220.134
792 219.0
793 315.0
794 219.0
795 219.0
796 236.75696
797 315.0
798 731.0
799 18.739546
800 191.09976
801 55.274105
