1 32.0
2 32.0
3 32.0
4 32.0
5 0.0
6 0.0
7 87.59094
8 235.0
9 32.0
10 0.0
11 0.0
12 147.77332
13 0.0
14 0.0
15 0.0
16 0.0
17 32.0
18 0.0
19 1.1340001
20 32.0
21 235.0
22 32.0
23 32.0
24 32.0
25 32.0
26 0.0
27 1.2
28 32.0
29 104.00625
30 0.0
31 32.0
32 1.1340001
33 87.59094
34 32.0
35 0.0
36 0.0
37 219.0
38 1.1340001
39 6.8508253
40 32.0
41 32.0
42 32.0
43 32.0
44 32.0
45 0.0
46 32.0
47 32.0
48 32.0
49 180.3962
50 0.0
51 32.0
52 32.0
53 220.134
54 6.6146307
55 0.0
56 32.0
57 87.59094
58 32.0
59 32.0
60 0.0
61 71.184265
62 32.0
63 1.2
64 32.0
65 0.0
66 0.0
67 32.0
68 174.65689
69 32.0
70 32.0
71 32.0
72 0.0
73 32.0
74 32.0
75 32.0
76 6.6146307
77 32.0
78 32.0
79 0.0
80 0.0
81 32.0
82 32.0
83 220.134
84 104.00625
85 0.0
86 0.0
87 180.3962
88 87.59094
89 87.59094
90 32.0
91 104.00625
92 104.00625
93 236.134
94 32.0
95 32.0
96 32.0
97 0.0
98 32.0
99 0.0
100 0.0
101 236.134
102 235.0
103 235.0
104 220.134
105 220.134
106 219.0
107 180.3962
108 180.3962
109 174.65689
110 147.77332
111 104.00625
112 104.00625
113 104.00625
114 104.00625
115 87.59094
116 87.59094
117 87.59094
118 87.59094
119 87.59094
120 71.184265
121 32.0
122 32.0
123 32.0
124 32.0
125 32.0
126 32.0
127 32.0
128 32.0
129 32.0
130 32.0
131 32.0
132 32.0
133 32.0
134 32.0
135 32.0
136 32.0
137 32.0
138 32.0
139 32.0
140 32.0
141 32.0
142 32.0
143 32.0
144 32.0
145 32.0
146 32.0
147 32.0
148 32.0
149 32.0
150 32.0
151 32.0
152 315.0
153 0.0
154 32.0
155 220.134
156 219.0
157 180.3962
158 32.0
159 87.59094
160 32.0
161 1.2
162 32.0
163 32.0
164 104.00625
165 87.59094
166 87.59094
167 159.22543
168 87.59094
169 32.0
170 71.184265
171 87.59094
172 32.0
173 87.59094
174 32.0
175 6.6146307
176 32.0
177 32.0
178 0.0
179 87.59094
180 32.0
181 32.0
182 0.0
183 32.0
184 32.0
185 32.0
186 163.89404
187 219.0
188 32.0
189 32.0
190 32.0
191 0.0
192 32.0
193 32.0
194 32.0
195 32.0
196 220.134
197 0.0
198 32.0
199 32.0
200 87.59094
