1 17.285864
2 219.0
3 0.0
4 0.0
5 30.866
6 0.0
7 0.0
8 32.0
9 1.1340001
10 0.0
11 219.0
12 6.6146307
13 0.0
14 93.37531
15 32.0
16 33.134
17 60.985767
18 18.877048
19 33.134
20 39.98482
21 220.134
22 38.61463
23 153.3368
24 0.0
25 160.11597
26 7.8772697
27 33.134
28 33.134
29 57.01374
30 315.0
31 218.50491
32 0.0
33 0.0
34 215.37352
35 1.1340001
36 211.74219
37 25.149174
38 213.01494
39 31.4
40 220.134
41 45.229263
42 33.134
43 0.0
44 30.8
45 190.77927
46 0.0
47 0.0
48 0.0
49 0.0
50 197.41869
51 32.0
52 235.0
53 0.0
54 0.0
55 0.0
56 142.46603
57 0.0
58 104.13014
59 32.0
60 31.4
61 24.185368
62 33.134
63 32.534
64 103.940704
65 32.0
66 49.53514
67 26.64625
68 24.185368
69 37.293888
70 32.0
71 32.0
72 147.62895
73 163.8208
74 0.0
75 25.385366
76 33.068
77 70.3551
78 207.89067
79 77.03679
80 235.0
81 33.134
82 0.0
83 0.0
84 104.13014
85 0.0
86 0.0
87 220.134
88 6.6146307
89 45.229263
90 33.134
91 0.0
92 32.6
93 27.998
94 147.62897
95 202.35048
96 30.866
97 0.0
98 0.0
99 0.0
100 235.0
