1 45.229263
2 0.0
3 29.132
4 0.0
5 219.0
6 87.60242
7 98.682686
8 147.72708
9 32.0
10 0.0
11 0.0
12 38.850822
13 93.145256
14 0.0
15 236.134
16 219.0
17 11.473073
18 126.09991
19 33.134
20 25.385368
21 37.41463
22 24.185368
23 174.73897
24 219.0
25 131.22772
26 0.0
27 30.866
28 6.6146307
29 12.697633
30 219.0
31 235.0
32 32.0
33 158.7768
34 218.55727
35 32.0
36 0.0
37 33.134
38 0.0
39 33.134
40 0.0
41 38.61463
42 30.81372
43 0.0
44 32.0
45 219.0
46 220.134
47 0.0
48 109.713264
49 98.79711
50 87.60242
51 131.14088
52 0.0
53 0.0
54 9.892754
55 235.0
56 142.1062
57 38.61463
58 219.0
59 0.0
60 121.79158
61 0.0
62 35.21852
63 117.32904
64 0.0
65 218.73624
66 235.0
67 38.61463
68 235.0
69 136.69162
70 1.1340001
71 0.0
72 6.6146307
73 219.0
74 0.0
75 0.0
76 32.0
77 0.0
78 0.0
79 193.57124
80 33.134
81 49.285866
82 0.0
83 0.0
84 218.7398
85 114.76474
86 0.0
87 219.0
88 14.714138
89 235.0
90 30.866
91 16.990389
92 25.385368
93 6.6146307
94 32.0
95 219.0
96 44.155464
97 0.0
98 76.725746
99 56.017876
100 220.134
101 236.134
102 235.0
103 235.0
104 235.0
105 235.0
106 235.0
107 220.134
108 220.134
109 219.0
110 219.0
111 219.0
112 219.0
113 219.0
114 219.0
115 219.0
116 219.0
117 219.0
118 218.7398
119 218.73624
120 218.55727
121 193.57124
122 174.73897
123 158.7768
124 147.72708
125 142.1062
126 136.69162
127 131.22772
128 131.14088
129 126.09991
130 121.79158
131 117.32904
132 114.76474
133 109.713264
134 98.79711
135 98.682686
136 93.145256
137 87.60242
138 87.60242
139 76.725746
140 56.017876
141 49.285866
142 45.229263
143 44.155464
144 38.850822
145 38.61463
146 38.61463
147 38.61463
148 37.41463
149 35.21852
150 33.134
151 196.62167
152 38.58544
153 65.65739
154 219.0
155 163.824
156 235.0
157 219.0
158 219.0
159 219.0
160 158.81789
161 196.32353
162 87.8733
163 158.57036
164 191.2318
165 219.0
166 219.78474
167 32.0
168 55.010456
169 218.71135
170 197.0072
171 20.01105
172 25.385368
173 0.0
174 219.0
175 26.459166
176 64.8022
177 0.0
178 54.988728
179 146.61694
180 163.93967
181 219.0
182 0.0
183 0.0
184 196.08185
185 0.0
186 94.099525
187 0.0
188 33.134
189 38.61463
190 54.857044
191 25.385368
192 45.229263
193 1.1340001
194 0.0
195 45.701645
196 76.846
197 207.94237
198 32.0
199 0.0
200 0.0
201 236.134
202 235.0
203 235.0
204 235.0
205 235.0
206 235.0
207 235.0
208 220.134
209 220.134
210 219.78474
211 219.0
212 219.0
213 219.0
214 219.0
215 219.0
216 219.0
217 219.0
218 219.0
219 219.0
220 219.0
221 219.0
222 219.0
223 219.0
224 219.0
225 219.0
226 219.0
227 218.7398
228 218.73624
229 218.71135
230 218.55727
231 207.94237
232 197.0072
233 196.62167
234 196.32353
235 196.08185
236 193.57124
237 191.2318
238 174.73897
239 163.93967
240 163.824
241 158.81789
242 158.7768
243 158.57036
244 147.72708
245 146.61694
246 142.1062
247 136.69162
248 131.22772
249 131.14088
250 126.09991
251 30.8
252 33.134
253 32.0
254 217.14174
255 108.51775
256 219.0
257 26.694832
258 158.75778
259 219.0
260 219.0
261 220.134
262 86.378105
263 219.0
264 0.0
265 219.0
266 235.0
267 157.36588
268 235.0
269 202.3028
270 30.8
271 0.0
272 28.927834
273 37.48063
274 219.0
275 163.93513
276 0.0
277 131.4918
278 185.43604
279 215.95961
280 175.2052
281 14.637445
282 0.0
283 219.0
284 219.0
285 32.0
286 12.939233
287 127.2956
288 33.186275
289 91.98273
290 235.0
291 39.98482
292 33.186275
293 98.48766
294 175.84222
295 220.134
296 109.48092
297 0.0
298 180.50357
299 219.0
300 148.86108
301 236.134
302 235.0
303 235.0
304 235.0
305 235.0
306 235.0
307 235.0
308 235.0
309 235.0
310 235.0
311 220.134
312 220.134
313 220.134
314 220.134
315 219.78474
316 219.0
317 219.0
318 219.0
319 219.0
320 219.0
321 219.0
322 219.0
323 219.0
324 219.0
325 219.0
326 219.0
327 219.0
328 219.0
329 219.0
330 219.0
331 219.0
332 219.0
333 219.0
334 219.0
335 219.0
336 219.0
337 219.0
338 219.0
339 219.0
340 219.0
341 218.7398
342 218.73624
343 218.71135
344 218.55727
345 217.14174
346 215.95961
347 207.94237
348 202.3028
349 197.0072
350 196.62167
351 117.04065
352 219.0
353 174.72768
354 131.46051
355 148.31232
356 235.0
357 32.0
358 235.0
359 45.229263
360 32.0
361 236.134
362 147.62895
363 219.0
364 315.0
365 213.1791
366 219.0
367 219.0
368 136.84514
369 0.0
370 0.0
371 219.0
372 143.48048
373 38.58544
374 49.765446
375 0.0
376 214.54431
377 220.134
378 38.61463
379 219.0
380 219.0
381 76.680534
382 119.38118
383 32.0
384 61.912987
385 219.0
386 25.385368
387 235.0
388 0.0
389 98.82617
390 220.134
391 219.0
392 125.673256
393 235.0
394 14.71414
395 37.540825
396 0.0
397 219.0
398 219.0
399 38.61463
400 109.71298
