1 5.274083
2 172.4509
3 34.508385
4 155.0
5 0.0
6 0.0
7 86.049324
8 110.3731
9 51.765247
10 22.33597
11 84.129524
12 1.1340001
13 83.07787
14 12.482339
15 116.28112
16 203.0
17 163.62704
18 0.0
19 59.30722
20 9.447148
21 15.423347
22 0.0
23 22.17136
24 125.71051
25 0.0
26 88.93322
27 0.0
28 115.54229
29 94.13281
30 203.0
31 107.84577
32 0.0
33 184.04868
34 184.95944
35 0.0
36 0.0
37 102.00492
38 12.785622
39 112.59442
40 5.283577
41 59.35784
42 0.0
43 0.0
44 41.621147
45 0.0
46 60.773182
47 278.29224
48 39.260994
49 251.42664
50 0.0
51 13.170876
52 252.1009
53 203.0
54 98.002594
55 172.33366
56 0.7994351
57 30.042892
58 138.94514
59 296.38147
60 88.338036
61 63.82157
62 185.28217
63 60.861275
64 160.03186
65 89.11593
66 92.459496
67 67.421036
68 50.687733
69 259.8192
70 16.178524
71 86.604904
72 2.2680001
73 11.562551
74 29.678022
75 182.83847
76 222.53989
77 0.0
78 28.128624
79 0.0
80 119.99262
81 0.0
82 141.72899
83 15.26866
84 132.82738
85 87.473495
86 32.15866
87 34.53419
88 0.0
89 460.9891
90 0.0
91 0.0
92 0.0
93 13.234392
94 1.682817
95 30.310425
96 71.03807
97 10.939294
98 2.334
99 27.52502
100 0.0
101 0.0
102 219.0
103 144.71677
104 211.81534
105 0.0
106 113.78663
107 153.8
108 219.0
109 81.35442
110 213.37209
111 0.0
112 0.0
113 4.4409366
114 114.39963
115 276.0
116 324.54315
117 21.023544
118 13.168392
119 205.65149
120 0.0
121 127.980255
122 153.8
123 0.0
124 18.46385
125 106.2305
126 0.0
127 114.247986
128 63.792706
129 19.489399
130 0.0
131 77.10335
132 0.0
133 210.52274
134 11.920653
135 73.735855
136 49.841652
137 0.0
138 125.28697
139 76.55308
140 137.4821
141 74.54208
142 92.846085
143 0.0
144 0.0
145 0.0
146 120.3095
147 363.0
148 52.49653
149 220.25874
150 258.07977
151 363.6
152 219.0
153 219.0
154 229.9061
155 69.23282
156 81.647995
157 219.0
158 219.0
159 63.527195
160 155.0
161 114.04963
162 135.07414
163 219.6
164 72.959526
165 155.0
166 114.90802
167 155.0
168 155.0
169 0.0
170 144.69513
171 0.0
172 200.35582
173 219.0
174 0.0
175 143.24997
176 57.579773
177 44.5186
178 0.0
179 276.0
180 0.0
181 0.0
182 217.866
183 219.0
184 2.7450001
185 3.1387
186 0.0
187 96.05084
188 0.0
189 134.8421
190 0.0
191 0.0
192 0.0
193 155.6
194 133.74942
195 504.35928
196 307.09784
197 0.0
198 18.895124
199 0.0
200 126.8296
201 55.388622
202 290.74008
203 306.06076
204 317.74448
205 56.720337
206 9.786102
207 218.4541
208 3.399641
209 47.927105
210 399.7276
211 109.35211
212 371.1001
213 179.73073
214 1.8931162
215 38.739372
216 391.8185
217 96.04831
218 82.12248
219 167.2293
220 133.54756
221 267.6
222 0.0
223 117.85976
224 98.581
225 105.26085
226 143.9739
227 0.0
228 267.0
229 0.0
230 123.6633
231 230.0532
232 0.0
233 315.44824
234 14.368393
235 0.0
236 197.30103
237 267.6
238 29.97587
239 135.23601
240 65.1182
241 19.311749
242 108.75354
243 39.80759
244 383.5224
245 169.80734
246 37.662148
247 89.834366
248 256.27713
249 258.88095
250 372.72876
251 12.037217
252 28.193039
253 254.47905
254 249.35951
255 244.04614
256 5.4533353
257 191.99411
258 155.59502
259 224.25504
260 294.90466
261 212.0
262 267.6
263 218.61472
264 80.58709
265 19.253204
266 64.37852
267 117.55862
268 288.9162
269 267.0
270 290.97543
271 237.63646
272 236.3113
273 390.61942
274 175.78154
275 91.667206
276 20.705639
277 314.43494
278 28.318544
279 296.9504
280 0.0
281 267.6
282 332.34973
283 277.89258
284 140.46109
285 86.140495
286 155.46178
287 461.66266
288 267.0
289 11.175031
290 163.78929
291 267.0
292 115.05713
293 249.1273
294 0.0
295 351.3314
296 0.0
297 0.0
298 186.27223
299 17.566977
300 362.08807
301 22.325594
302 65.859215
303 158.59624
304 14.42289
305 91.45858
306 65.088974
307 29.731998
308 20.732338
309 251.0
310 73.26333
311 121.347885
312 90.27209
313 92.97099
314 151.59175
315 43.66547
316 0.0
317 34.21262
318 185.80185
319 128.18808
320 85.79778
321 68.31169
322 2.7706494
323 181.97003
324 251.0
325 154.49039
326 222.80853
327 17.285864
328 227.98454
329 358.71106
330 245.77902
331 0.0
332 136.83224
333 44.226746
334 102.45048
335 103.61829
336 196.57875
337 59.57509
338 143.54102
339 216.7947
340 144.64679
341 173.06494
342 251.0
343 0.0
344 163.41621
345 111.598236
346 168.93253
347 234.24718
348 246.45976
349 224.09691
350 153.23396
351 29.728258
352 92.553925
353 78.65774
354 247.23889
355 95.30555
356 130.48238
357 51.55699
358 428.50668
359 0.0
360 208.93431
361 60.950912
362 85.63782
363 49.45582
364 0.0
365 226.59828
366 0.0
367 176.2903
368 0.0
369 239.55682
370 52.01947
371 60.230984
372 0.0
373 154.48921
374 6.6146307
375 250.4
376 234.47011
377 57.336666
378 8.00546
379 247.18533
380 144.76492
381 476.6146
382 25.186672
383 251.0
384 238.0033
385 145.3984
386 39.419952
387 55.89852
388 162.75716
389 243.00006
390 0.0
391 228.33275
392 223.76805
393 0.0
394 0.0
395 71.68777
396 63.318146
397 80.76377
398 215.09584
399 0.0
400 0.13931137
401 203.0
402 178.62366
403 203.0
404 6.6506743
405 156.65213
406 103.46862
407 72.7964
408 110.40773
409 17.285864
410 67.88669
411 203.0
412 62.630043
413 137.27261
414 193.77913
415 127.71428
416 443.94733
417 0.0
418 203.0
419 142.48987
420 36.7569
421 204.134
422 216.68802
423 175.7285
424 78.31954
425 56.7977
426 0.0
427 184.30194
428 116.200485
429 152.50342
430 75.08444
431 0.0
432 69.11614
433 109.52851
434 203.0
435 6.6865206
436 134.6522
437 94.71724
438 204.134
439 203.0
440 0.0
441 126.3848
442 184.3133
443 60.892544
444 203.0
445 203.0
446 203.0
447 173.4061
448 147.30968
449 186.61127
450 203.0
451 203.0
452 172.49634
453 161.13327
454 0.0
455 66.78786
456 10.751003
457 421.18112
458 191.95285
459 0.0
460 188.0
461 0.0
462 270.4082
463 0.6
464 416.7688
465 203.0
466 310.16632
467 152.41891
468 155.50879
469 84.207535
470 142.33353
471 127.240005
472 191.36258
473 110.70732
474 79.00127
475 203.0
476 427.0
477 121.723206
478 0.0
479 79.66845
480 420.3956
481 203.0
482 203.0
483 235.0
484 184.53154
485 203.0
486 147.4478
487 158.18466
488 5.3755016
489 61.149303
490 203.0
491 203.0
492 203.0
493 86.70095
494 0.0
495 202.10506
496 185.45844
497 112.85953
498 190.23665
499 221.89096
500 39.909264
501 129.78394
502 235.0
503 390.36383
504 80.817444
505 386.78064
506 235.0
507 171.0
508 171.0
509 63.42295
510 171.0
511 88.72058
512 363.0
513 150.57945
514 169.33693
515 235.0
516 90.76217
517 161.47534
518 146.17412
519 94.215775
520 236.134
521 143.24994
522 171.0
523 172.134
524 0.0
525 172.134
526 167.56628
527 171.0
528 97.261635
529 95.71689
530 114.706726
531 0.0
532 105.55096
533 38.97577
534 0.0
535 94.67547
536 363.0
537 140.83234
538 73.47325
539 0.0
540 171.0
541 171.0
542 171.0
543 165.451
544 152.57954
545 235.0
546 171.0
547 363.0
548 171.0
549 235.0
550 189.89096
551 164.38538
552 236.134
553 188.75696
554 5.882302
555 363.0
556 171.0
557 175.34662
558 171.0
559 171.0
560 203.0
561 59.698303
562 171.0
563 363.0
564 43.846462
565 103.65994
566 343.07782
567 46.75984
568 171.0
569 171.0
570 363.0
571 188.72954
572 138.65935
573 45.180943
574 48.518433
575 42.509922
576 180.5451
577 10.527935
578 381.30396
579 28.891459
580 186.89044
581 172.134
582 164.96179
583 171.0
584 172.134
585 30.04319
586 171.0
587 171.0
588 235.0
589 171.0
590 221.07352
591 190.21559
592 105.449196
593 166.48315
594 147.04997
595 171.0
596 125.00256
597 235.0
598 171.0
599 169.65347
600 235.0
601 182.95572
602 219.0
603 49.063778
604 171.00436
605 219.0
606 219.0
607 83.04461
608 245.99304
609 182.37544
610 198.88292
611 219.0
612 219.0
613 219.0
614 220.134
615 220.134
616 31.544214
617 182.33385
618 74.88095
619 219.0
620 128.17744
621 219.0
622 117.59889
623 48.319485
624 93.932274
625 195.0995
626 0.0
627 212.38538
628 201.87096
629 118.005936
630 189.81755
631 27.65337
632 6.8508253
633 295.40274
634 219.0
635 169.1154
636 219.0
637 220.134
638 298.86877
639 220.134
640 81.03407
641 219.0
642 76.60079
643 165.74287
644 219.0
645 127.92907
646 219.0
647 216.31154
648 219.0
649 219.0
650 284.53574
651 111.799675
652 220.134
653 220.134
654 219.0
655 219.0
656 185.70923
657 219.0
658 287.75476
659 315.0
660 219.0
661 219.0
662 253.80766
663 236.28587
664 219.0
665 0.0
666 219.0
667 219.0
668 219.0
669 28.193039
670 209.2446
671 46.973343
672 4.835473
673 305.43982
674 25.414562
675 6.6146307
676 0.0
677 97.98947
678 57.102554
679 255.04669
680 219.0
681 61.62173
682 219.0
683 471.42664
684 219.0
685 315.0
686 219.0
687 295.19287
688 99.0035
689 153.55493
690 37.71821
691 143.62198
692 87.933044
693 121.59394
694 89.843704
695 26.225246
696 219.0
697 153.17975
698 9.649108
699 219.0
700 101.05299
701 250.61198
702 237.48253
703 109.87557
704 252.01581
705 79.20761
706 246.71977
707 267.0
708 199.31975
709 23.123436
710 186.53496
711 147.48073
712 202.21815
713 25.316996
714 240.0884
715 143.3868
716 267.63077
717 244.14864
718 216.34473
719 236.92899
720 243.17772
721 219.82936
722 39.530544
723 34.26211
724 203.0
725 257.9131
726 252.72417
727 149.15463
728 267.0
729 0.0
730 233.36049
731 189.3776
732 203.0
733 261.9358
734 60.463055
735 180.0
736 35.71744
737 252.708
738 114.43497
739 55.09472
740 203.0
741 219.57655
742 18.831623
743 265.08392
744 145.02052
745 248.54005
746 98.46457
747 126.85197
748 315.0
749 235.85526
750 240.75627
751 255.73097
752 0.0
753 237.50412
754 50.18138
755 248.2415
756 257.29462
757 141.9697
758 250.94716
759 249.18062
760 172.01479
761 207.97655
762 103.99659
763 76.61138
764 64.58328
765 24.251368
766 261.5304
767 266.11026
768 0.0
769 250.66576
770 267.0
771 61.059986
772 155.59114
773 267.0
774 193.54729
775 258.87128
776 114.832214
777 254.66493
778 248.35542
779 151.89035
780 36.064484
781 155.48009
782 76.06573
783 53.774773
784 15.750893
785 16.538326
786 53.15899
787 203.0
788 267.6
789 21.19284
790 161.84967
791 16.189665
792 60.486485
793 251.53177
794 165.25235
795 9.145499
796 255.6464
797 71.50738
798 78.6422
799 30.700611
800 267.0689
801 535.08453
802 219.0
803 547.8135
804 71.818
805 51.370388
806 194.53583
807 546.0547
808 555.0
809 7.988132
810 219.0
811 539.86365
812 987.0
813 152.83618
814 219.0
815 14.783374
816 0.0
817 32.684963
818 267.0
819 219.0
820 555.0
821 38.138256
822 215.79042
823 170.1731
824 3.3690636
825 220.134
826 73.46537
827 25.164085
828 507.12653
829 133.75877
830 117.531906
831 75.731834
832 267.0
833 0.0
834 219.0
835 189.6242
836 315.76624
837 59.356094
838 555.0
839 6.217018
840 265.8
841 32.332344
842 220.134
843 302.13428
844 273.0654
845 221.268
846 63.55076
847 137.82924
848 427.35886
849 554.5087
850 54.898327
851 220.134
852 811.0
853 0.0
854 555.0
855 987.0
856 212.3008
857 137.99791
858 0.0
859 555.0
860 94.42292
861 123.40153
862 145.50871
863 555.8966
864 76.747215
865 71.22438
866 187.0
867 30.820381
868 547.73804
869 652.71265
870 201.09636
871 241.81664
872 30.6265
873 28.865608
874 537.14703
875 433.08444
876 200.84775
877 19.145838
878 145.79915
879 555.0
880 267.0
881 219.0
882 235.27777
883 187.0
884 768.3754
885 197.47047
886 536.5877
887 220.134
888 3.5056467
889 236.75696
890 24.306885
891 0.0
892 457.22705
893 219.0
894 57.35284
895 36.345634
896 30.917473
897 143.52876
898 555.4743
899 202.06427
900 34.202
901 54.868248
902 82.263405
903 523.0
904 197.6035
905 316.134
906 88.719
907 443.0
908 219.0
909 302.96234
910 219.0
911 25.112045
912 315.0
913 219.0
914 219.0
915 315.0
916 57.782288
917 109.40753
918 316.134
919 316.134
920 44.003254
921 219.0
922 273.02963
923 54.90052
924 19.822943
925 523.0
926 116.88834
927 315.0
928 219.0
929 219.0
930 136.78392
931 524.134
932 219.0
933 147.85176
934 185.93806
935 316.134
936 219.0
937 315.0
938 316.134
939 339.34427
940 315.0
941 425.39764
942 219.0
943 444.134
944 443.0
945 220.134
946 219.0
947 315.0
948 219.0
949 219.0
950 443.0
951 160.82492
952 763.0
953 93.20806
954 219.0
955 316.134
956 811.0
957 732.134
958 37.732483
959 219.0
960 42.315304
961 623.1106
962 220.134
963 315.0
964 219.0
965 87.54227
966 219.0
967 219.0
968 219.0
969 131.5583
970 31.290218
971 443.0
972 523.0
973 443.0
974 219.0
975 71.27307
976 315.0
977 220.134
978 219.0
979 504.401
980 97.25884
981 253.08237
982 92.80447
983 252.85054
984 355.05832
985 135.74205
986 87.704315
987 81.66168
988 524.134
989 214.68617
990 510.67435
991 219.0
992 219.0
993 210.4531
994 38.953568
995 70.42225
996 219.0
997 126.4648
998 70.72419
999 94.1654
1000 107.63343
1001 289.1867
1002 178.22052
1003 173.268
1004 352.92276
1005 300.37228
1006 371.6499
1007 313.46185
1008 171.0
1009 309.4403
1010 196.79593
1011 285.7622
1012 329.22922
1013 177.33247
1014 319.43982
1015 306.614
1016 198.14299
1017 70.52485
1018 172.134
1019 331.20047
1020 313.51212
1021 306.3563
1022 171.0
1023 334.39102
1024 142.61682
1025 331.147
1026 292.69507
1027 309.18958
1028 301.8008
1029 338.18628
1030 302.60165
1031 171.0
1032 32.170696
1033 292.0373
1034 171.0
1035 333.20944
1036 334.28864
1037 297.80835
1038 302.79617
1039 354.4366
1040 311.4216
1041 322.51703
1042 171.0
1043 309.49457
1044 72.018036
1045 198.50502
1046 171.0
1047 346.47516
1048 172.134
1049 309.43127
1050 126.2372
1051 309.3152
1052 388.23636
1053 307.3823
1054 307.1925
1055 15.442709
1056 317.75232
1057 371.54578
1058 193.92924
1059 289.33456
1060 171.0
1061 0.0
1062 223.862
1063 294.96313
1064 312.0628
1065 374.0373
1066 307.20157
1067 171.0
1068 309.85022
1069 83.39641
1070 300.37216
1071 349.79886
1072 323.76935
1073 171.0
1074 335.41727
1075 166.38225
1076 171.0
1077 344.8093
1078 57.353603
1079 153.8943
1080 289.68896
1081 319.46906
1082 71.25923
1083 302.74216
1084 303.7136
1085 321.23785
1086 369.72968
1087 317.51752
1088 300.67584
1089 171.0
1090 172.134
1091 171.0
1092 321.06155
1093 298.79413
1094 321.85333
1095 256.8317
1096 233.0689
1097 251.77234
1098 240.94518
1099 245.7704
1100 350.12744
1101 267.0
1102 472.5954
1103 267.0
1104 267.0
1105 411.91986
1106 191.2992
1107 413.3683
1108 0.0
1109 268.134
1110 267.0
1111 413.96463
1112 267.0
1113 267.0
1114 267.0
1115 267.0
1116 267.0
1117 267.0
1118 267.0
1119 267.0
1120 267.0
1121 267.0
1122 267.0
1123 267.0
1124 185.27203
1125 174.95242
1126 267.0
1127 268.134
1128 140.9347
1129 281.51617
1130 267.0
1131 268.134
1132 267.0
1133 412.39572
1134 267.0
1135 251.0
1136 267.0
1137 268.134
1138 267.0
1139 268.134
1140 313.28683
1141 267.0
1142 266.466
1143 267.0
1144 267.0
1145 267.0
1146 267.0
1147 416.07938
1148 124.11003
1149 267.0
1150 268.134
1151 267.0
1152 267.0
1153 268.134
1154 267.0
1155 79.7651
1156 267.0
1157 267.0
1158 303.52728
1159 267.0
1160 411.53732
1161 268.134
1162 267.0
1163 268.134
1164 267.0
1165 153.62123
1166 267.0
1167 267.0
1168 418.64944
1169 267.0
1170 267.0
1171 267.0
1172 267.0
1173 267.0
1174 267.0
1175 267.0
1176 12.17048
1177 267.0
1178 463.83755
1179 267.0
1180 267.0
1181 267.0
1182 268.134
1183 267.0
1184 267.0
1185 267.0
1186 267.0
1187 267.0
1188 267.0
1189 267.0
1190 267.0
1191 267.0
1192 267.0
1193 267.0
1194 261.6924
1195 267.0
1196 257.09454
1197 78.92664
1198 267.0
1199 137.29337
1200 267.0
1201 219.0
1202 274.79645
1203 219.0
1204 266.5684
1205 678.01996
1206 279.11523
1207 694.55615
1208 219.0
1209 313.55304
1210 219.0
1211 373.96478
1212 370.6463
1213 133.88329
1214 397.91077
1215 274.4932
1216 220.134
1217 220.134
1218 294.7614
1219 220.134
1220 219.0
1221 337.9127
1222 219.0
1223 278.157
1224 220.134
1225 270.91074
1226 612.6146
1227 271.3163
1228 219.0
1229 219.0
1230 340.0888
1231 405.56558
1232 357.12646
1233 219.0
1234 275.54413
1235 517.5507
1236 271.15433
1237 268.44498
1238 219.0
1239 285.7958
1240 185.9153
1241 219.0
1242 284.14285
1243 334.36337
1244 219.0
1245 219.0
1246 219.0
1247 220.134
1248 281.47348
1249 219.0
1250 219.0
1251 219.0
1252 219.0
1253 340.8275
1254 220.134
1255 6.6146307
1256 116.13019
1257 341.00226
1258 299.0
1259 219.0
1260 344.62012
1261 286.97775
1262 717.74713
1263 459.98773
1264 219.0
1265 219.0
1266 299.6
1267 219.0
1268 219.0
1269 288.96786
1270 380.5854
1271 219.0
1272 714.7466
1273 220.134
1274 285.7025
1275 430.23218
1276 270.60825
1277 220.134
1278 463.73523
1279 219.0
1280 219.0
1281 688.67267
1282 269.18832
1283 219.0
1284 219.0
1285 475.0
1286 220.134
1287 310.19928
1288 79.4083
1289 219.0
1290 170.09738
1291 219.0
1292 219.0
1293 62.389404
1294 3.9432602
1295 527.07074
1296 343.52457
1297 54.15245
1298 220.134
1299 190.64659
1300 92.08748
1301 315.0
1302 305.47662
1303 319.8801
1304 395.0
1305 395.0
1306 438.7261
1307 219.0
1308 325.52792
1309 363.0
1310 293.74423
1311 105.38241
1312 382.03195
1313 395.0
1314 287.8848
1315 375.00323
1316 413.7238
1317 315.0
1318 229.41644
1319 290.55756
1320 297.34998
1321 219.0
1322 291.75873
1323 219.0
1324 364.734
1325 233.9707
1326 264.95068
1327 315.0
1328 315.0
1329 544.47375
1330 395.0
1331 269.16064
1332 214.71347
1333 284.49664
1334 302.78592
1335 295.67773
1336 283.15158
1337 273.90387
1338 219.6
1339 395.0
1340 395.0
1341 363.0
1342 363.0
1343 264.60876
1344 363.0
1345 315.0
1346 231.18405
1347 219.0
1348 395.6
1349 395.6
1350 381.1227
1351 203.93965
1352 331.5442
1353 156.84286
1354 395.0
1355 389.7005
1356 274.91122
1357 699.4643
1358 453.56808
1359 366.402
1360 393.3779
1361 140.30865
1362 315.6
1363 321.08655
1364 395.7087
1365 194.59587
1366 495.57025
1367 425.44708
1368 363.0
1369 150.37372
1370 170.17993
1371 478.07797
1372 370.95853
1373 238.82639
1374 549.3712
1375 367.65427
1376 277.74603
1377 315.0
1378 395.0
1379 244.54994
1380 269.86432
1381 269.22446
1382 315.6
1383 229.52794
1384 109.61508
1385 330.97852
1386 309.4246
1387 171.9147
1388 219.0
1389 44.18713
1390 257.72202
1391 315.0
1392 395.6
1393 219.0
1394 223.06447
1395 391.99326
1396 272.99847
1397 219.0
1398 153.45457
1399 250.15956
1400 328.7338
1401 285.56644
1402 379.6
1403 379.0
1404 374.52274
1405 299.0
1406 500.16245
1407 351.9074
1408 251.36632
1409 364.00003
1410 203.0
1411 351.0315
1412 379.0
1413 371.21582
1414 379.0
1415 379.0
1416 94.31606
1417 299.0
1418 130.61388
1419 401.15036
1420 215.15547
1421 203.0
1422 203.0
1423 204.134
1424 136.42937
1425 203.0
1426 619.66833
1427 203.0
1428 571.0
1429 203.0
1430 203.0
1431 379.0
1432 203.0
1433 100.115204
1434 181.40895
1435 351.47574
1436 334.3196
1437 214.95026
1438 203.0
1439 379.0
1440 253.04773
1441 153.74336
1442 203.0
1443 379.0
1444 364.16742
1445 299.0
1446 562.749
1447 379.0
1448 379.0
1449 204.134
1450 379.0
1451 379.0
1452 379.0
1453 204.134
1454 231.6625
1455 142.22908
1456 366.32
1457 203.0
1458 299.0
1459 114.86861
1460 379.0
1461 376.27332
1462 379.0
1463 379.0
1464 405.20743
1465 339.84137
1466 299.0
1467 571.0
1468 106.08057
1469 256.5636
1470 379.6
1471 157.90947
1472 571.0
1473 332.83548
1474 203.0
1475 571.9385
1476 366.97372
1477 394.0336
1478 379.0
1479 557.6205
1480 379.6
1481 203.0
1482 196.46143
1483 203.0
1484 153.18503
1485 379.6
1486 203.0
1487 379.0
1488 379.0
1489 29.509691
1490 405.69547
1491 25.779867
1492 380.734
1493 406.13974
1494 203.0
1495 339.4528
1496 358.60004
1497 490.5462
1498 299.0
1499 391.96985
1500 203.68779
1501 265.8
1502 203.0
1503 155.0
1504 156.134
1505 203.0
1506 283.0
1507 155.0
1508 155.0
1509 57.87895
1510 203.0
1511 203.0
1512 204.134
1513 203.0
1514 155.0
1515 155.0
1516 155.0
1517 134.44702
1518 363.0
1519 155.0
1520 358.0816
1521 148.38538
1522 203.0
1523 203.0
1524 203.0
1525 203.0
1526 126.94354
1527 155.0
1528 155.0
1529 156.18628
1530 155.0
1531 283.0
1532 203.0
1533 78.167595
1534 130.59378
1535 155.0
1536 350.34207
1537 334.88272
1538 201.81372
1539 204.134
1540 225.83423
1541 155.0
1542 203.0
1543 155.0
1544 155.0
1545 357.25366
1546 319.68695
1547 155.0
1548 155.0
1549 53.045204
1550 203.0
1551 204.134
1552 181.95058
1553 203.0
1554 79.051895
1555 203.0
1556 155.0
1557 347.3965
1558 155.0
1559 203.0
1560 195.97002
1561 203.0
1562 203.0
1563 203.0
1564 203.0
1565 226.01317
1566 363.0
1567 75.88286
1568 217.42924
1569 3.004695
1570 176.56831
1571 204.134
1572 203.0
1573 155.0
1574 209.61462
1575 71.58142
1576 363.0
1577 155.0
1578 203.0
1579 203.0
1580 332.04095
1581 155.0
1582 363.0
1583 29.599072
1584 354.6588
1585 155.0
1586 156.134
1587 203.0
1588 155.0
1589 203.0
1590 143.76369
1591 267.0
1592 363.0
1593 204.134
1594 155.0
1595 203.0
1596 203.0
1597 203.0
1598 143.89404
1599 155.0
1600 283.0
1601 203.0
1602 293.05075
1603 142.30501
1604 257.87442
1605 72.954704
1606 297.6282
1607 75.03183
1608 803.5244
1609 290.16626
1610 762.3588
1611 284.66467
1612 271.5776
1613 94.84283
1614 447.74326
1615 289.41934
1616 299.0
1617 93.62497
1618 81.688644
1619 45.99945
1620 292.07565
1621 253.43756
1622 298.5743
1623 251.84982
1624 583.5643
1625 299.6
1626 133.43864
1627 269.82242
1628 174.52724
1629 295.13007
1630 298.09756
1631 164.0944
1632 292.8917
1633 64.57719
1634 299.0
1635 121.71813
1636 239.34717
1637 284.4964
1638 792.6812
1639 298.5398
1640 162.15736
1641 292.15152
1642 43.225483
1643 119.73372
1644 177.28397
1645 299.11597
1646 180.0
1647 269.09354
1648 252.3411
1649 284.7852
1650 295.67932
1651 522.9751
1652 158.10147
1653 64.72107
1654 299.0
1655 299.0
1656 296.732
1657 208.933
1658 566.8797
1659 299.0
1660 292.67303
1661 295.76868
1662 276.03568
1663 118.66448
1664 289.3479
1665 763.0
1666 763.0
1667 267.7734
1668 287.03647
1669 46.599453
1670 273.81244
1671 274.94043
1672 273.51755
1673 61.181477
1674 280.79507
1675 292.4687
1676 223.2894
1677 56.533348
1678 61.44902
1679 298.53033
1680 277.5734
1681 56.292618
1682 273.72205
1683 263.57114
1684 763.0
1685 299.0
1686 296.98514
1687 78.1028
1688 299.8514
1689 299.0
1690 299.0
1691 195.6184
1692 292.62857
1693 298.24536
1694 281.26392
1695 277.88367
1696 292.50003
1697 282.1132
1698 619.0
1699 286.9129
1700 294.85852
1701 299.0
1702 932.092
1703 54.861877
1704 48.581696
1705 203.0
1706 916.6507
1707 203.0
1708 274.37448
1709 381.52127
1710 203.0
1711 491.01624
1712 482.34488
1713 507.0
1714 203.0
1715 66.42686
1716 382.18173
1717 203.0
1718 507.0
1719 507.0
1720 487.9656
1721 480.0269
1722 507.0
1723 677.19464
1724 1275.0
1725 490.8003
1726 483.8334
1727 169.49557
1728 203.0
1729 380.10825
1730 492.42303
1731 476.87415
1732 634.0242
1733 414.73
1734 203.0
1735 507.0
1736 505.48215
1737 507.0
1738 204.134
1739 603.0
1740 581.6266
1741 132.40256
1742 72.34492
1743 501.4356
1744 499.4003
1745 501.15878
1746 499.75082
1747 492.29333
1748 630.75336
1749 203.0
1750 46.382755
1751 44.07114
1752 71.041664
1753 500.08478
1754 35.57959
1755 486.42813
1756 494.75882
1757 481.73032
1758 302.56863
1759 203.0
1760 486.5343
1761 203.0
1762 60.41067
1763 66.35145
1764 485.7832
1765 203.0
1766 492.4607
1767 486.57822
1768 561.5211
1769 498.81732
1770 996.95667
1771 504.45102
1772 203.0
1773 497.47626
1774 505.4703
1775 489.7546
1776 502.32202
1777 203.0
1778 489.48544
1779 496.90012
1780 493.49435
1781 480.1346
1782 499.2461
1783 495.4731
1784 472.04407
1785 502.55374
1786 316.38504
1787 382.86908
1788 384.24338
1789 487.2456
1790 203.0
1791 42.571384
1792 335.04846
1793 312.51184
1794 296.7657
1795 203.0
1796 494.44528
1797 507.0
1798 507.0
1799 203.0
1800 471.69162
1801 284.67108
1802 232.68967
1803 267.0
1804 800.5688
1805 291.1965
1806 267.0
1807 971.0
1808 827.0
1809 267.0
1810 299.0
1811 299.0
1812 267.0
1813 298.93777
1814 285.91153
1815 967.2302
1816 267.0
1817 115.84715
1818 299.0
1819 971.0
1820 299.0
1821 643.39246
1822 267.0
1823 267.0
1824 908.2
1825 130.02632
1826 859.0
1827 142.35962
1828 948.36237
1829 415.76343
1830 347.0
1831 50.116642
1832 657.9269
1833 583.1074
1834 267.0
1835 891.0
1836 267.0
1837 216.26175
1838 30.4307
1839 299.0
1840 35.243073
1841 296.39212
1842 267.0
1843 267.0
1844 827.0
1845 290.68167
1846 971.0
1847 436.31537
1848 299.0
1849 280.43768
1850 299.0
1851 299.0
1852 466.3404
1853 800.24963
1854 907.0
1855 150.02408
1856 628.12115
1857 347.6
1858 347.0
1859 299.0
1860 268.134
1861 342.17484
1862 268.134
1863 267.0
1864 801.3045
1865 299.0
1866 590.8473
1867 827.6
1868 634.3008
1869 185.68835
1870 267.0
1871 347.0
1872 612.94305
1873 347.0
1874 59.243973
1875 659.6208
1876 875.0
1877 789.44476
1878 347.0
1879 660.3588
1880 827.0
1881 1083.2539
1882 267.0
1883 891.6
1884 299.0
1885 971.0
1886 971.0
1887 791.66376
1888 908.134
1889 267.0
1890 678.19543
1891 267.0
1892 166.1227
1893 347.0
1894 299.0
1895 765.32245
1896 641.18097
1897 356.79785
1898 587.4189
1899 347.0
1900 545.47626
1901 268.134
1902 171.0
1903 379.0
1904 28.007807
1905 172.134
1906 171.0
1907 233.32126
1908 379.0
1909 252.134
1910 109.53663
1911 251.0
1912 251.0
1913 1211.6
1914 251.0
1915 251.0
1916 171.0
1917 251.0
1918 171.0
1919 251.0
1920 251.0
1921 171.0
1922 251.0
1923 379.0
1924 173.21213
1925 252.134
1926 171.0
1927 251.0
1928 171.0
1929 225.33574
1930 172.134
1931 251.0
1932 251.0
1933 172.134
