1 0.0
2 1.1340001
3 0.0
4 11.934616
5 8.440462
6 68.65964
7 0.0
8 25.302643
9 0.0
10 36.29435
11 43.130764
12 211.3743
13 104.73946
14 6.6865206
15 76.949646
16 63.690865
17 20.793192
18 0.0
19 0.0
20 63.29494
21 0.0
22 299.0
23 57.786194
24 65.18714
25 69.99685
26 75.89964
27 62.51391
28 1.1340001
29 56.73475
30 23.982035
31 0.0
32 0.0
33 203.0
34 23.900497
35 53.25282
36 175.04068
37 15.7353945
38 90.29974
39 0.0
40 0.0
41 3.3447254
42 0.0
43 256.3714
44 0.0
45 77.0278
46 337.77692
47 55.909256
48 348.94296
49 0.0
50 82.87157
51 3.4680002
52 10.866572
53 0.0
54 0.0
55 26.100588
56 0.0
57 99.50227
58 0.0
59 0.0
60 0.0
61 142.16765
62 299.0
63 0.0
64 109.28185
65 122.88288
66 69.0155
67 0.0
68 0.0
69 0.0
70 36.063244
71 7.1841965
72 85.4869
73 132.96101
74 19.8914
75 0.0
76 0.0
77 64.460785
78 0.0
79 75.120186
80 107.61822
81 0.0
82 18.41131
83 89.45275
84 169.94902
85 25.201385
86 48.88705
87 62.536335
88 11.501676
89 137.74205
90 39.581196
91 44.801258
92 100.23836
93 126.88285
94 38.3909
95 19.917194
96 88.24491
97 0.53400004
98 203.0
99 82.40447
100 200.11331
101 257.6146
102 219.0
103 218.74876
104 155.0
105 431.7553
106 219.6
107 93.47093
108 141.3141
109 93.49066
110 4.064483
111 171.13809
112 0.0
113 80.07783
114 203.57991
115 0.0
116 112.56776
117 155.0
118 48.897976
119 76.27201
120 129.99707
121 283.0
122 103.04274
123 0.0
124 52.0163
125 13.646477
126 104.82987
127 6.349242
128 0.0
129 0.0
130 109.53603
131 155.0
132 31.625309
133 219.6
134 14.233218
135 44.88142
136 136.5778
137 0.0
138 180.14914
139 13.662546
140 28.352482
141 0.0
142 136.38776
143 73.02767
144 32.963936
145 0.0
146 118.31007
147 187.0
148 155.6
149 54.394123
150 0.065999985
151 183.39351
152 65.37988
153 95.55168
154 82.18655
155 0.0
156 164.0
157 53.48755
158 164.0
159 126.397644
160 0.0
161 187.0
162 98.749016
163 126.04863
164 170.61462
165 18.116241
166 12.919869
167 183.91191
168 134.76068
169 0.0
170 127.62082
171 219.0
172 137.4221
173 414.23798
174 0.0
175 37.004658
176 0.0
177 155.0
178 65.41681
179 164.0
180 297.9542
181 92.83879
182 219.0
183 202.79192
184 64.845505
185 0.0
186 1.1340001
187 1.1340001
188 98.84057
189 0.0
190 0.0
191 0.0
192 72.99809
193 9.817342
194 429.18805
195 0.0
196 29.090729
197 110.92628
198 153.8
199 0.0
200 15.5888815
201 375.3649
202 323.0636
203 296.8863
204 150.30171
205 288.23047
206 267.0
207 380.07724
208 304.1608
209 463.63577
210 373.95352
211 212.0
212 498.37024
213 313.64667
214 236.33128
215 62.780834
216 250.6069
