1 98.485146
2 219.0
3 30.265999
4 220.134
5 0.0
6 38.61463
7 0.0
8 235.0
9 19.844534
10 158.85446
11 98.682686
12 0.0
13 25.385368
14 104.13014
15 0.0
16 0.0
17 76.86981
18 106.31145
19 93.39352
20 1.1340001
21 0.0
22 0.0
23 33.134
24 120.19183
25 87.60242
26 0.0
27 0.0
28 158.78128
29 14.714136
30 0.0
31 3.8069592
32 219.0
33 33.134
34 0.0
35 33.134
36 38.61463
37 175.17621
38 38.61463
39 219.0
40 235.0
41 25.414562
42 0.0
43 59.229267
44 50.60359
45 41.484356
46 0.0
47 219.0
48 30.8
49 219.0
50 28.483011
51 158.78947
52 219.0
53 219.0
54 219.0
55 219.0
56 0.0
57 30.81372
58 6.6146307
59 149.1883
60 175.2052
61 0.0
62 38.61463
63 1.1340001
64 147.82523
65 33.733997
66 0.0
67 29.731998
68 39.814632
69 104.07178
70 12.155465
71 0.0
72 0.0
73 0.0
74 0.0
75 176.52711
76 0.0
77 191.26465
78 126.133484
79 32.0
80 0.0
81 29.132
82 71.48957
83 26.88244
84 19.69634
85 0.0
86 171.70715
87 25.385368
88 35.402
89 32.534
90 32.0
91 0.0
92 0.0
93 220.134
94 315.0
95 30.866
96 71.18303
97 32.0
98 219.0
99 98.61714
100 32.0
