1 6.68063
2 49.817947
3 1.2520547
4 82.745705
5 0.0
6 10.579735
7 0.0
8 203.0
9 176.1262
10 0.0
11 21.245338
12 66.46492
13 81.42292
14 204.134
15 112.0414
16 0.0
17 19.508865
18 21.913282
19 58.045135
20 0.0
21 38.300358
22 204.134
23 84.5488
24 0.0
25 59.0159
26 167.76701
27 2.01852
28 42.77106
29 49.30392
30 0.0
31 140.39632
32 101.89401
33 58.64929
34 0.0
35 300.2
36 0.0
37 4.175502
38 203.0
39 0.0
40 113.87808
41 0.6
42 333.97882
43 314.76904
44 204.134
45 52.696587
46 0.0
47 0.0
48 11.927685
49 152.46945
50 0.0
51 0.0
52 203.0
53 0.0
54 6.6146307
55 61.661335
56 98.43701
57 0.0
58 0.0
59 74.182846
60 28.574923
61 15.301673
62 240.73592
63 75.20858
64 246.0544
65 6.584675
66 175.5737
67 0.0
68 41.367706
69 19.038778
70 29.49151
71 20.896006
72 0.0
73 203.0
74 1.1135392
75 0.0
76 141.28473
77 73.8498
78 0.0
79 38.928482
80 0.0
81 8.351855
82 27.705814
83 0.0
84 5.1825724
85 45.21317
86 99.95754
87 68.51054
88 61.668392
89 37.83368
90 3.3687327
91 59.720707
92 62.847828
93 162.649
94 162.42255
95 31.757399
96 0.0
97 141.40475
98 0.0
99 100.606155
100 76.15439
101 411.83398
102 315.22256
103 0.0
104 219.6
105 181.99132
106 149.18855
107 185.866
108 331.0
109 155.0
110 311.61646
111 73.83188
112 219.0
113 217.26599
114 41.330017
115 46.5099
116 155.6
117 219.0
118 149.65874
119 89.092476
120 18.654633
121 30.35607
122 112.52029
123 117.873764
124 73.74776
125 145.52164
126 213.13689
127 219.0
128 155.0
129 0.0
130 155.0
131 105.47655
132 95.75003
133 193.79968
134 9.084519
135 33.934135
136 126.2783
137 0.0
138 34.21129
139 0.0
140 72.30261
141 37.972603
142 0.0
143 0.0
144 136.45952
145 0.0
146 0.0
147 0.0
148 164.0
149 10.19521
150 0.0
151 10.159959
152 195.9912
153 0.0
154 219.6
155 112.55483
156 155.0
157 164.0
158 116.96915
159 347.0
160 219.0
161 0.0
162 196.79684
163 15.094702
164 20.622332
165 155.0
166 155.0
167 185.8
168 126.37237
169 0.0
170 134.27667
171 38.619545
172 111.8585
173 155.6
174 0.0
175 73.29822
176 363.0
177 0.0
178 283.0
179 219.0
180 282.41156
181 0.0
182 153.8
183 182.71165
184 257.7136
185 216.06953
186 0.0
187 0.0
188 155.0
189 17.80483
190 85.23321
191 124.672554
192 126.80696
193 155.0
194 155.0
195 0.0
196 12.636491
197 0.0
198 289.68652
199 15.940799
200 45.342346
201 304.28784
202 375.25638
203 390.67294
204 267.0
205 334.60413
206 215.7822
207 58.145294
208 245.04572
209 300.03394
210 140.6584
211 373.0728
212 300.09402
213 317.52884
214 367.44904
215 219.2673
216 82.55649
217 266.04947
218 228.93971
219 75.313446
220 260.31348
221 267.0
222 73.72373
223 34.188828
224 249.69571
225 378.1074
226 49.520634
227 229.07066
228 219.95012
229 223.53542
230 228.49702
231 256.23492
232 267.0
233 39.100784
234 9.68976
235 44.264767
236 267.6
237 267.0
238 0.0
239 228.29758
240 53.01461
241 264.666
242 372.2136
243 197.17786
244 118.684425
245 109.77549
246 220.08006
247 212.24948
248 83.13098
249 93.23257
250 0.0
251 441.72168
252 291.88776
253 254.55191
254 280.63657
255 48.39837
256 369.70007
257 250.80667
258 267.0
259 297.987
260 212.0
261 343.35617
262 247.05478
263 39.5979
264 291.72226
265 158.35094
266 209.43835
267 244.687
268 17.745186
269 1.1340001
270 214.61612
271 214.74327
272 267.0
273 196.76082
274 156.94064
275 182.1601
276 10.405832
277 267.0
278 267.0
279 0.0
280 246.85301
281 285.2225
282 282.48282
283 8.12646
284 84.95722
285 0.0
286 0.0
287 257.8941
288 267.0
289 240.24089
290 78.80839
291 0.5602
292 117.78506
293 230.25262
294 52.971268
295 139.41022
296 267.0
297 221.92957
298 69.50404
299 0.0
300 358.97162
301 0.0
302 230.44643
303 192.8716
304 218.7768
305 446.89426
306 236.32181
307 247.532
308 246.076
309 22.840591
310 236.88535
311 248.92003
312 251.0
313 21.687426
314 251.6
315 327.63892
316 233.70209
317 233.62926
318 225.30087
319 363.2208
320 251.6
321 151.69394
322 173.83836
323 354.2742
324 107.204544
325 94.537415
326 97.354675
327 43.077072
328 133.68198
329 251.0
330 127.12496
331 95.53396
332 0.0
333 251.6
334 129.07776
335 0.0
336 29.890438
337 251.3929
338 251.0
339 49.018845
340 236.34187
341 241.0833
342 26.184612
343 34.927155
344 72.46509
345 121.613625
346 109.02844
347 76.845215
348 249.38596
349 139.54634
350 17.485247
351 241.15573
352 181.21515
353 224.6204
354 63.480564
355 226.55824
356 121.962715
357 250.4
358 49.476963
359 33.477993
360 216.14404
361 251.0
362 53.62196
363 61.021408
364 251.24072
365 186.79102
366 0.0
367 109.989456
368 237.1563
369 131.74097
370 204.98761
371 30.142197
372 180.23729
373 250.99188
374 141.33434
375 251.0
376 238.38362
377 251.0
378 78.841415
379 92.47379
380 251.0
381 33.786274
382 0.0
383 251.0
384 0.0
385 15.254722
386 0.0
387 0.0
388 34.920277
389 18.779007
390 42.82094
391 169.24042
392 87.37651
393 54.816418
394 134.34138
395 1.1340001
396 126.717964
397 88.96097
398 97.404335
399 168.01979
400 243.3503
401 203.0
402 203.0
403 150.32852
404 413.20197
405 177.47458
406 203.0
407 252.53278
408 203.0
409 90.9527
410 434.2941
411 59.897995
412 203.0
413 65.62647
414 203.0
415 113.33789
416 148.8529
417 203.0
418 241.91988
419 203.0
420 94.89038
421 203.0
422 159.25606
423 302.49194
424 421.109
425 69.44381
426 203.0
427 80.76374
428 203.0
429 203.0
430 203.0
431 166.4588
432 203.0
433 295.79602
434 427.0
435 228.0
436 133.55412
437 152.27457
438 120.0112
439 201.866
440 203.0
441 143.26054
442 65.801956
443 81.833534
444 143.05956
445 203.0
446 89.63126
447 63.574574
448 203.0
449 263.47656
450 203.0
451 203.0
452 31.036781
453 118.93042
454 203.0
455 203.0
456 1.1340001
457 132.35307
458 203.0
459 203.0
460 178.1738
461 169.54872
462 787.7994
463 203.0
464 203.0
465 185.4249
466 203.0
467 184.91653
468 203.0
469 116.99852
470 163.36655
471 48.39667
472 85.42227
473 16.045074
474 175.42247
475 171.42741
476 53.064983
477 58.977036
478 316.134
479 118.1454
480 0.0
481 88.9428
482 25.654957
483 198.12419
484 203.0
485 285.41388
486 203.0
487 96.69777
488 203.0
489 190.01682
490 235.0
491 203.0
492 86.36665
493 100.194855
494 116.187805
495 203.0
496 203.0
497 204.134
498 71.728096
499 64.67129
500 178.2744
501 579.3401
502 402.19385
503 384.74936
504 363.0
505 342.3975
506 408.4062
507 211.51886
508 141.49168
509 76.06987
510 233.56866
511 235.0
512 157.48279
513 171.0
514 302.10034
515 203.0
516 40.40002
517 235.0
518 92.54227
519 7.184675
520 172.134
521 235.0
522 90.54169
523 245.7273
524 171.0
525 300.1855
526 172.134
527 17.068056
528 277.04077
529 171.0
530 171.0
531 38.979786
532 82.41113
533 171.0
534 171.0
535 354.5772
536 158.69147
537 172.134
538 126.63379
539 178.38657
540 83.9224
541 190.69044
542 171.0
543 171.0
544 235.0
545 166.18262
546 348.1496
547 0.0
548 166.33553
549 171.0
550 156.93015
551 54.323036
552 235.0
553 235.0
554 235.0
555 172.134
556 177.61462
557 236.134
558 171.0
559 171.0
560 89.90658
561 363.0
562 171.0
563 171.0
564 188.14665
565 363.0
566 32.343937
567 171.0
568 363.0
569 172.134
570 42.410774
571 39.483154
572 80.04923
573 84.44085
574 171.0
575 171.0
576 235.0
577 170.85992
578 119.831436
579 31.710138
580 171.0
581 151.37155
582 0.0
583 167.7815
584 62.781395
585 110.37662
586 235.0
587 171.0
588 1.1340001
589 166.80571
590 127.97011
591 236.134
592 0.0
593 120.3416
594 171.0
595 114.520485
596 347.55582
597 44.81893
598 171.0
599 235.0
600 143.23277
601 58.752857
602 219.0
603 482.7718
604 219.0
605 111.069534
606 219.0
607 298.3276
608 283.92242
609 219.0
610 210.11244
611 97.55935
612 315.6
613 220.134
614 296.45587
615 53.649754
616 220.134
617 219.0
618 219.0
619 298.64383
620 219.0
621 219.0
622 219.0
623 0.0
624 219.0
625 119.03407
626 54.774967
627 219.0
628 219.0
629 219.0
630 220.134
631 444.9075
632 302.80557
633 255.59677
634 219.0
635 219.0
636 315.0
637 128.05717
638 214.94836
639 112.87177
640 131.2321
641 219.0
642 219.0
643 315.34988
644 220.134
645 315.1752
646 315.0
647 114.13309
648 229.86566
649 219.0
650 219.0
651 248.54498
652 219.0
653 108.16161
654 219.0
655 315.0
656 219.0
657 140.75024
658 207.7755
659 109.50339
660 156.98203
661 76.974144
662 435.19412
663 270.4885
664 125.27757
665 66.02792
666 219.0
667 219.0
668 219.0
669 153.45856
670 156.31404
671 89.85826
672 219.0
673 313.54166
674 180.19489
675 54.65978
676 71.550835
677 186.7417
678 219.0
679 169.64117
680 219.0
681 219.0
682 219.0
683 219.0
684 219.0
685 139.83752
686 178.9465
687 219.0
688 219.0
689 95.26713
690 219.0
691 34.319973
692 219.0
693 98.39348
694 80.1477
695 219.0
696 308.74738
697 249.79721
698 219.0
699 52.28826
700 219.0
701 272.9803
702 267.0
703 231.64612
704 204.134
705 248.02933
706 72.7117
707 253.93892
708 258.79907
709 233.61336
710 245.90445
711 28.281158
712 252.27818
713 265.8435
714 203.0
715 257.70837
716 257.03134
717 236.96703
718 138.12202
719 251.06218
720 239.38792
721 233.55363
722 209.29263
723 248.93564
724 242.82803
725 75.54604
726 195.67221
727 238.15797
728 247.58565
729 203.0
730 35.95298
731 267.0
732 218.442
733 347.0
734 245.33841
735 243.57947
736 58.560528
737 57.342587
738 252.86465
739 246.12404
740 143.92537
741 173.90152
742 175.82251
743 244.29741
744 132.56325
745 257.77377
746 172.56448
747 67.23655
748 249.18
749 65.766594
750 253.53421
751 58.00295
752 254.81908
753 203.0
754 254.8139
755 238.15022
756 42.52204
757 59.45696
758 363.0
759 248.67422
760 65.275024
761 58.528275
762 252.018
763 190.88763
764 267.88254
765 241.20892
766 203.0
767 252.4574
768 206.98485
769 235.69612
770 113.70767
771 214.52016
772 68.83527
773 267.0
774 235.87596
775 240.00156
776 315.0
777 203.0
778 240.7851
779 205.268
780 244.58484
781 11.291761
782 114.929436
783 76.74768
784 36.45551
785 90.69311
786 94.45404
787 61.110214
788 267.0
789 235.03368
790 48.251896
791 249.69357
792 140.36154
793 243.69354
794 142.00948
795 255.09793
796 37.581173
797 65.70443
798 126.67289
799 244.44528
800 142.16644
801 26.227415
802 68.84794
803 82.930855
804 187.6
805 229.67125
806 285.35394
807 987.0
808 268.134
809 158.89557
810 267.0
811 72.54911
812 219.0
813 445.4713
814 198.72139
815 555.0
816 530.73364
817 219.0
818 219.0
819 219.0
820 219.0
821 191.44681
822 71.37965
823 254.35484
824 219.0
825 160.85983
826 304.9063
827 94.88386
828 219.0
829 220.134
830 109.423225
831 61.641846
832 811.0
833 32.533997
834 987.0
835 54.825787
836 267.0
837 219.0
838 219.0
839 220.134
840 409.9333
841 282.5438
842 144.27116
843 204.75696
844 37.48406
845 635.0
846 176.62593
847 99.94571
848 220.134
849 485.24228
850 127.559715
851 43.836338
852 555.6
853 69.31002
854 187.0
855 187.0
856 542.55835
857 187.0
858 32.978428
859 15.703276
860 397.49088
861 171.02724
862 75.61232
863 164.0
864 555.6
865 544.269
866 219.0
867 219.0
868 196.58238
869 159.89394
870 219.0
871 114.79903
872 59.70964
873 51.606144
874 113.82247
875 223.7299
876 16.519913
877 267.0
878 219.0
879 219.0
880 85.8696
881 635.0
882 54.56221
883 29.64826
884 187.0
885 151.19504
886 555.0
887 555.0
888 187.0
889 105.002396
890 162.0709
891 225.22028
892 411.7008
893 81.56256
894 171.46758
895 541.63794
896 40.093117
897 219.0
898 101.01579
899 81.72403
900 212.38538
901 37.135994
