1 138.55002
2 138.55002
3 138.55002
4 138.55002
5 138.55002
6 143.1301
7 143.1301
8 143.1301
9 143.1301
10 143.1301
11 13.510201
12 13.510201
13 13.510201
14 13.510201
15 13.510201
16 6.0838547
17 6.0838547
18 6.0838547
19 6.0838547
20 6.0838547
21 3.4520917
22 3.4520917
23 3.4520917
24 3.4520917
25 3.4520917
26 29.245016
27 29.245016
28 29.245016
29 29.245016
30 29.245016
31 21.518812
32 92.82535
33 21.518812
34 92.82535
35 21.518812
36 162.22002
37 162.22002
38 162.22002
39 162.22002
40 162.22002
41 3.4680002
42 3.4680002
43 3.4680002
44 3.4680002
45 3.4680002
46 252.39816
47 252.39816
48 252.39816
49 252.39816
50 252.39816
51 14.904023
52 14.904023
53 14.904023
54 14.904023
55 14.904023
56 254.93488
57 254.93488
58 254.93488
59 254.93488
60 254.93488
61 17.400541
62 17.400541
63 17.400541
64 17.400541
65 17.400541
66 0.0
67 0.0
68 0.0
69 0.0
70 0.0
71 168.03795
72 168.03795
73 168.03795
74 168.03795
75 168.03795
76 0.0
77 0.0
78 0.0
79 0.0
80 0.0
81 234.04663
82 234.04663
83 234.04663
84 234.04663
85 234.04663
86 1.1340001
87 1.1340001
88 1.1340001
89 1.1340001
90 1.1340001
91 24.088413
92 24.088413
93 24.088413
94 24.088413
95 24.088413
96 16.106903
97 16.106903
98 16.106903
99 16.106903
100 16.106903
101 210.50322
102 210.50322
103 210.50322
104 210.50322
105 210.50322
106 0.0
107 0.0
108 0.0
109 0.0
110 0.0
111 254.6041
112 254.6041
113 254.6041
114 254.6041
115 254.6041
116 19.795887
117 19.795887
118 19.795887
119 19.795887
120 19.795887
121 16.324587
122 16.324587
123 16.324587
124 16.324587
125 16.324587
126 50.23555
127 50.23555
128 50.23555
129 50.23555
130 50.23555
131 0.0
132 0.0
133 0.0
134 0.0
135 0.0
136 0.0
137 0.0
138 0.0
139 0.0
140 0.0
141 13.300393
142 13.300393
143 13.300393
144 13.300393
145 13.300393
146 123.96944
147 123.96944
148 123.96944
149 123.96944
150 123.96944
151 0.0
152 0.0
153 0.0
154 0.0
155 0.0
156 2.2680001
157 2.2680001
158 2.2680001
159 2.2680001
160 2.2680001
161 0.0
162 0.0
163 0.0
164 0.0
165 0.0
166 25.23084
167 25.23084
168 25.23084
169 25.23084
170 25.23084
171 0.0
172 0.0
173 0.0
174 0.0
175 0.0
176 203.0
177 203.0
178 203.0
179 203.0
180 203.0
181 0.0
182 0.0
183 0.0
184 0.0
185 0.0
186 108.4571
187 108.4571
188 108.4571
189 108.4571
190 108.4571
191 5.8603606
192 5.8603606
193 5.8603606
194 5.8603606
195 5.8603606
196 132.11984
197 132.11984
198 132.11984
199 132.11984
200 132.11984
201 296.76547
202 296.76547
203 296.76547
204 296.76547
205 296.76547
206 276.0
207 276.0
208 276.0
209 276.0
210 276.0
211 0.0
212 0.0
213 0.0
214 0.0
215 0.0
216 46.11305
217 46.11305
218 46.11305
219 46.11305
220 46.11305
221 57.47821
222 57.47821
223 57.47821
224 57.47821
225 57.47821
226 58.35115
227 58.35115
228 58.35115
229 58.35115
230 58.35115
231 32.18026
232 32.18026
233 32.18026
234 32.18026
235 32.18026
236 63.589573
237 63.589573
238 63.589573
239 63.589573
240 63.589573
241 89.42107
242 89.42107
243 89.42107
244 89.42107
245 89.42107
246 111.01992
247 111.01992
248 111.01992
249 111.01992
250 111.01992
251 0.0
252 0.0
253 0.0
254 0.0
255 0.0
256 4.180277
257 4.180277
258 4.180277
259 4.180277
260 4.180277
261 53.193314
262 53.193314
263 53.193314
264 53.193314
265 53.193314
266 13.899462
267 13.899462
268 13.899462
269 13.899462
270 13.899462
271 33.01057
272 33.01057
273 33.01057
274 33.01057
275 33.01057
276 13.30115
277 13.30115
278 13.30115
279 13.30115
280 13.30115
281 0.0
282 0.0
283 0.0
284 0.0
285 0.0
286 48.838493
287 48.838493
288 48.838493
289 48.838493
290 48.838493
291 0.0
292 0.0
293 0.0
294 0.0
295 0.0
296 151.05043
297 151.05043
298 151.05043
299 151.05043
300 151.05043
301 219.6
302 219.6
303 219.6
304 219.6
305 219.6
306 155.0
307 155.0
308 155.0
309 155.0
310 155.0
311 330.01614
312 330.01614
313 330.01614
314 330.01614
315 330.01614
316 219.0
317 219.0
318 219.0
319 219.0
320 219.0
321 219.6
322 219.6
323 219.6
324 219.6
325 219.6
326 144.49113
327 147.17267
328 147.17267
329 147.17267
330 147.17267
331 301.6759
332 301.6759
333 301.6759
334 301.6759
335 301.6759
336 219.0
337 219.0
338 219.0
339 219.0
340 219.0
341 219.0
342 219.0
343 219.0
344 219.0
345 219.0
346 27.882828
347 27.882828
348 27.882828
349 27.882828
350 27.882828
351 164.0
352 164.0
353 164.0
354 164.0
355 164.0
356 63.06938
357 63.06938
358 63.06938
359 63.06938
360 63.06938
361 101.88619
362 101.88619
363 101.88619
364 101.88619
365 101.88619
366 0.0
367 0.0
368 0.0
369 0.0
370 0.0
371 3.2185202
372 3.2185202
373 3.2185202
374 3.2185202
375 3.2185202
376 331.0
377 5.3842487
378 5.3842487
379 5.3842487
380 5.3842487
381 312.5446
382 312.5446
383 312.5446
384 312.5446
385 312.5446
386 183.85587
387 183.85587
388 183.85587
389 183.85587
390 183.85587
391 77.173515
392 77.173515
393 77.173515
394 77.173515
395 77.173515
396 0.0
397 0.0
398 0.0
399 0.0
400 0.0
401 219.0
402 219.0
403 219.0
404 219.0
405 219.0
406 219.0
407 219.0
408 219.0
409 219.0
410 219.0
411 155.0
412 155.0
413 155.0
414 155.0
415 155.0
416 0.0
417 0.0
418 0.0
419 0.0
420 0.0
421 0.0
422 0.0
423 0.0
424 0.0
425 0.0
426 27.295675
427 27.295675
428 27.295675
429 27.295675
430 27.295675
431 126.61102
432 126.61102
433 126.61102
434 126.61102
435 126.61102
436 0.0
437 0.0
438 0.0
439 0.0
440 0.0
441 316.60294
442 316.60294
443 316.60294
444 316.60294
445 316.60294
446 155.0
447 155.0
448 155.0
449 155.0
450 155.0
451 155.6
452 155.6
453 155.6
454 155.6
455 155.6
456 0.0
457 0.0
458 0.0
459 0.0
460 0.0
461 219.0
462 219.0
463 219.0
464 219.0
465 219.0
466 431.0858
467 431.0858
468 431.0858
469 431.0858
470 431.0858
471 0.0
472 0.0
473 0.0
474 0.0
475 0.0
476 23.96414
477 23.96414
478 23.96414
479 23.96414
480 23.96414
481 139.73508
482 139.73508
483 139.73508
484 139.73508
485 139.73508
486 179.88263
487 179.88263
488 179.88263
489 179.88263
490 179.88263
491 58.68101
492 58.68101
493 58.68101
494 58.68101
495 58.68101
496 0.0
497 0.0
498 0.0
499 0.0
500 0.0
501 138.74533
502 138.74533
503 138.74533
504 138.74533
505 138.74533
506 181.2
507 181.2
508 181.2
509 181.2
510 181.2
511 135.41698
512 135.41698
513 135.41698
514 135.41698
515 135.41698
516 187.6
517 187.6
518 187.6
519 187.6
520 187.6
521 219.0
522 420.03033
523 219.0
524 420.03033
525 219.0
526 0.0
527 0.0
528 0.0
529 0.0
530 0.0
531 137.71413
532 137.71413
533 137.71413
534 137.71413
535 137.71413
536 133.53737
537 133.53737
538 133.53737
539 133.53737
540 133.53737
541 97.16733
542 97.16733
543 97.16733
544 97.16733
545 97.16733
546 199.5237
547 199.5237
548 199.5237
549 199.5237
550 199.5237
551 219.0
552 219.0
553 219.0
554 219.0
555 219.0
556 121.69291
557 121.69291
558 121.69291
559 121.69291
560 121.69291
561 187.0
562 187.0
563 187.0
564 187.0
565 187.0
566 164.0
567 164.0
568 164.0
569 164.0
570 164.0
571 359.87906
572 359.87906
573 359.87906
574 359.87906
575 359.87906
576 33.783497
577 33.783497
578 33.783497
579 33.783497
580 33.783497
581 9.471659
582 9.471659
583 9.471659
584 9.471659
585 9.471659
586 144.77339
587 144.77339
588 144.77339
589 144.77339
590 144.77339
591 276.0
592 276.0
593 276.0
594 276.0
595 276.0
596 95.96616
597 95.96616
598 95.96616
599 95.96616
600 95.96616
601 392.2454
602 392.2454
603 392.2454
604 392.2454
605 392.2454
606 384.09955
607 384.09955
608 384.09955
609 384.09955
610 384.09955
611 443.6913
612 443.6913
613 443.6913
614 443.6913
615 443.6913
616 134.97198
617 134.97198
618 134.97198
619 134.97198
620 134.97198
621 234.2272
622 234.2272
623 234.2272
624 234.2272
625 234.2272
626 282.4505
627 282.4505
628 282.4505
629 282.4505
630 282.4505
631 320.73154
632 320.73154
633 320.73154
634 320.73154
635 320.73154
636 399.82544
637 399.82544
638 399.82544
639 399.82544
640 399.82544
641 320.00986
642 320.00986
643 320.00986
644 320.00986
645 320.00986
646 266.80252
647 266.80252
648 266.80252
649 266.80252
650 266.80252
651 39.2734
652 39.2734
653 39.2734
654 39.2734
655 39.2734
656 44.526184
657 44.526184
658 44.526184
659 44.526184
660 44.526184
661 21.649845
662 21.649845
663 21.649845
664 21.649845
665 21.649845
666 108.63252
667 108.63252
668 108.63252
669 108.63252
670 108.63252
671 180.71729
672 180.71729
673 180.71729
674 180.71729
675 180.71729
676 66.02843
677 66.02843
678 66.02843
679 66.02843
680 66.02843
681 12.155465
682 12.155465
683 12.155465
684 12.155465
685 12.155465
686 311.96973
687 311.96973
688 311.96973
689 311.96973
690 311.96973
691 82.35681
692 89.92088
693 89.92088
694 89.92088
695 89.92088
696 15.692673
697 15.692673
698 15.692673
699 15.692673
700 15.692673
701 68.20863
702 68.20863
703 68.20863
704 68.20863
705 68.20863
706 101.26529
707 101.26529
708 101.26529
709 101.26529
710 101.26529
711 397.88144
712 397.88144
713 397.88144
714 397.88144
715 397.88144
716 267.6
717 267.6
718 267.6
719 267.6
720 267.6
721 175.55713
722 175.55713
723 175.55713
724 175.55713
725 175.55713
726 33.510258
727 33.510258
728 33.510258
729 33.510258
730 33.510258
731 131.25426
732 131.25426
733 131.25426
734 131.25426
735 131.25426
736 204.57164
737 204.57164
738 204.57164
739 204.57164
740 204.57164
741 281.81723
742 281.81723
743 281.81723
744 281.81723
745 281.81723
746 44.74584
747 44.74584
748 44.74584
749 44.74584
750 44.74584
751 273.57416
752 273.57416
753 273.57416
754 273.57416
755 273.57416
756 240.16357
757 240.16357
758 240.16357
759 240.16357
760 240.16357
761 45.186954
762 45.186954
763 45.186954
764 45.186954
765 45.186954
766 29.75237
767 29.75237
768 29.75237
769 29.75237
770 29.75237
771 260.12137
772 260.12137
773 260.12137
774 260.12137
775 260.12137
776 289.79666
777 289.79666
778 289.79666
779 289.79666
780 289.79666
781 351.79807
782 351.79807
783 351.79807
784 351.79807
785 351.79807
786 375.8924
787 375.8924
788 375.8924
789 375.8924
790 375.8924
791 292.4025
792 292.4025
793 292.4025
794 292.4025
795 292.4025
796 256.5224
797 256.5224
798 256.5224
799 256.5224
800 256.5224
801 258.5672
802 258.5672
803 258.5672
804 258.5672
805 258.5672
806 235.49765
807 235.49765
808 235.49765
809 235.49765
810 235.49765
811 377.97208
812 415.2289
813 415.2289
814 415.2289
815 415.2289
816 267.6
817 267.6
818 267.6
819 267.6
820 267.6
821 285.10117
822 285.10117
823 285.10117
824 285.10117
825 285.10117
826 388.45856
827 388.45856
828 388.45856
829 388.45856
830 388.45856
831 17.109943
832 17.109943
833 17.109943
834 17.109943
835 17.109943
836 304.13174
837 304.13174
838 304.13174
839 304.13174
840 304.13174
841 267.0
842 267.0
843 267.0
844 267.0
845 267.0
846 72.54107
847 72.54107
848 72.54107
849 72.54107
850 72.54107
851 98.383705
852 98.383705
853 98.383705
854 98.383705
855 98.383705
856 369.4783
857 369.4783
858 369.4783
859 369.4783
860 369.4783
861 369.90457
862 369.90457
863 369.90457
864 369.90457
865 369.90457
866 357.8523
867 357.8523
868 357.8523
869 357.8523
870 357.8523
871 726.0853
872 726.0853
873 726.0853
874 726.0853
875 726.0853
876 267.0
877 267.0
878 267.0
879 267.0
880 267.0
881 223.14987
882 223.14987
883 223.14987
884 223.14987
885 223.14987
886 284.58868
887 284.58868
888 284.58868
889 284.58868
890 284.58868
891 326.7911
892 326.7911
893 326.7911
894 326.7911
895 326.7911
896 268.134
897 268.134
898 268.134
899 268.134
900 268.134
901 726.0853
902 363.0
903 363.0
904 363.0
905 363.0
906 363.0
907 363.0
908 363.0
909 363.0
910 363.0
911 363.0
912 464.4061
913 464.4061
914 464.4061
915 464.4061
916 464.4061
917 139.16153
918 76.43981
919 139.16153
920 76.43981
921 139.16153
922 235.54243
923 235.54243
924 235.54243
925 235.54243
926 235.54243
927 251.0
928 251.0
929 251.0
930 251.0
931 251.0
932 224.59071
933 224.59071
934 224.59071
935 224.59071
936 224.59071
937 58.283382
938 58.283382
939 58.283382
940 58.283382
941 58.283382
942 238.78091
943 238.78091
944 238.78091
945 238.78091
946 238.78091
947 160.0294
948 160.0294
949 160.0294
950 160.0294
951 160.0294
952 37.737137
953 37.737137
954 37.737137
955 37.737137
956 37.737137
957 64.05519
958 64.05519
959 64.05519
960 64.05519
961 64.05519
962 41.18636
963 41.18636
964 41.18636
965 41.18636
966 41.18636
967 229.4878
968 229.4878
969 229.4878
970 229.4878
971 229.4878
972 84.46405
973 84.46405
974 84.46405
975 84.46405
976 84.46405
977 37.568474
978 37.568474
979 37.568474
980 37.568474
981 37.568474
982 102.671906
983 102.671906
984 102.671906
985 102.671906
986 102.671906
987 28.398624
988 0.0
989 28.398624
990 0.0
991 28.398624
992 127.77036
993 126.94294
994 126.94294
995 126.94294
996 126.94294
997 15.907449
998 15.907449
999 15.907449
1000 15.907449
1001 15.907449
1002 79.08048
1003 79.08048
1004 79.08048
1005 79.08048
1006 79.08048
1007 227.76477
1008 227.76477
1009 227.76477
1010 227.76477
1011 227.76477
1012 15.450668
1013 15.450668
1014 15.450668
1015 15.450668
1016 15.450668
1017 25.048042
1018 25.048042
1019 25.048042
1020 25.048042
1021 25.048042
1022 240.91301
1023 240.91301
1024 240.91301
1025 240.91301
1026 240.91301
1027 16.280834
1028 16.280834
1029 16.280834
1030 16.280834
1031 16.280834
1032 251.0
1033 251.0
1034 251.0
1035 251.0
1036 251.0
1037 218.81299
1038 218.81299
1039 218.81299
1040 218.81299
1041 218.81299
1042 78.30484
1043 78.30484
1044 78.30484
1045 78.30484
1046 78.30484
1047 47.088364
1048 47.088364
1049 47.088364
1050 47.088364
1051 47.088364
1052 216.94641
1053 216.94641
1054 216.94641
1055 216.94641
1056 216.94641
1057 77.126945
1058 77.126945
1059 77.126945
1060 77.126945
1061 77.126945
1062 103.28012
1063 103.28012
1064 103.28012
1065 103.28012
1066 103.28012
1067 251.0
1068 251.0
1069 251.0
1070 251.0
1071 251.0
1072 251.0
1073 251.0
1074 251.0
1075 251.0
1076 251.0
1077 0.0
1078 0.0
1079 0.0
1080 0.0
1081 0.0
1082 228.76018
1083 228.76018
1084 228.76018
1085 228.76018
1086 228.76018
1087 34.40674
1088 34.40674
1089 34.40674
1090 34.40674
1091 34.40674
1092 173.36737
1093 173.36737
1094 173.36737
1095 173.36737
1096 173.36737
1097 97.29572
1098 97.29572
1099 97.29572
1100 97.29572
1101 97.29572
1102 67.49055
1103 67.49055
1104 67.49055
1105 67.49055
1106 67.49055
1107 462.7025
1108 462.7025
1109 462.7025
1110 462.7025
1111 462.7025
1112 397.43784
1113 397.43784
1114 397.43784
1115 397.43784
1116 397.43784
1117 33.31748
1118 33.31748
1119 33.31748
1120 33.31748
1121 33.31748
1122 60.633804
1123 60.633804
1124 60.633804
1125 60.633804
1126 60.633804
1127 237.76083
1128 237.76083
1129 237.76083
1130 237.76083
1131 237.76083
1132 35.324078
1133 35.324078
1134 35.324078
1135 35.324078
1136 35.324078
1137 64.63365
1138 64.63365
1139 64.63365
1140 64.63365
1141 64.63365
1142 63.778294
1143 63.778294
1144 63.778294
