1 315.0
2 219.0
3 0.0
4 236.134
5 98.682686
6 32.0
7 158.85448
8 49.285866
9 158.85446
10 220.134
11 38.61463
12 32.0
13 25.385368
14 25.385368
15 38.61463
16 193.9624
17 0.0
18 33.134
19 32.0
20 32.0
21 33.134
22 32.0
23 32.0
24 0.0
25 0.0
26 219.0
27 1.1340001
28 0.0
29 219.0
30 219.0
31 103.940704
32 30.866
33 32.0
34 25.385368
35 0.0
36 0.0
37 219.0
38 32.0
39 0.0
40 235.0
41 0.0
42 33.134
43 0.0
44 14.714138
45 0.0
46 109.40977
47 219.0
48 93.37531
49 0.0
50 174.99937
51 98.60904
52 219.0
53 17.285864
54 158.85446
55 1.1340001
56 32.0
57 32.0
58 219.0
59 158.85446
60 219.0
61 104.07178
62 38.61463
63 0.0
64 32.0
65 219.0
66 32.0
67 30.866
68 32.0
69 30.866
70 6.6146307
71 38.61463
72 0.0
73 0.0
74 30.866
75 30.866
76 32.0
77 0.0
78 38.61463
79 219.0
80 32.0
81 169.58069
82 0.0
83 32.0
84 30.866
85 0.0
86 25.149174
87 1.1340001
88 32.0
89 32.0
90 219.0
91 210.12262
92 98.682686
93 185.90302
94 98.60904
95 0.0
96 104.00625
97 93.37531
98 0.0
99 0.0
100 158.77225
