1 169.5481
2 32.0
3 0.0
4 38.61463
5 38.61463
6 120.356
7 0.0
8 98.748245
9 33.2
10 158.78128
11 112.52981
12 33.134
13 0.0
14 6.8508253
15 0.0
16 32.0
17 33.134
18 30.679255
19 131.37102
20 202.47037
21 0.0
22 0.0
23 32.0
24 17.285864
25 0.0
26 0.0
27 69.96716
28 219.0
29 30.8
30 0.0
31 30.265999
32 0.0
33 164.01741
34 158.69907
35 190.92784
36 32.0
37 33.134
38 0.0
39 30.265999
40 32.0
41 77.659065
42 93.02756
43 33.134
44 0.0
45 33.134
46 0.0
47 71.3582
48 52.66473
49 33.947296
50 220.134
51 33.134
52 0.0
53 0.0
54 21.983366
55 32.0
56 219.0
57 0.0
58 30.81372
59 0.0
60 0.0
61 24.251366
62 49.285866
63 0.0
64 0.0
65 0.0
66 0.0
67 0.0
68 87.70689
69 25.149174
70 93.37531
71 0.0
72 0.0
73 71.41387
74 25.451368
75 0.0
76 166.6026
77 109.46168
78 48.61849
79 136.82353
80 32.0
81 219.0
82 0.0
83 169.6173
84 11.988956
85 113.90216
86 0.0
87 25.749172
88 3.80696
89 25.385368
90 32.0
91 219.0
92 32.0
93 41.55951
94 32.0
95 1.1340001
96 0.0
97 99.556335
98 0.0
99 39.91795
100 30.866
101 220.134
102 219.0
103 219.0
104 219.0
105 219.0
106 202.47037
107 190.92784
108 169.6173
109 169.5481
110 166.6026
111 164.01741
112 158.78128
113 158.69907
114 136.82353
115 131.37102
116 120.356
117 113.90216
118 112.52981
119 109.46168
120 99.556335
121 98.748245
122 93.37531
123 93.02756
124 87.70689
125 77.659065
126 71.41387
127 71.3582
128 69.96716
129 52.66473
130 49.285866
131 48.61849
132 41.55951
133 39.91795
134 38.61463
135 38.61463
136 33.947296
137 33.2
138 33.134
139 33.134
140 33.134
141 33.134
142 33.134
143 33.134
144 32.0
145 32.0
146 32.0
147 32.0
148 32.0
149 32.0
150 32.0
151 219.0
152 31.4
153 32.0
154 131.14156
155 315.0
156 0.0
157 163.9763
158 120.209076
159 169.71442
160 219.0
161 0.0
162 18.534542
163 219.0
164 18.277048
165 110.69643
166 0.0
167 0.0
168 213.36906
169 219.0
170 0.0
171 191.34177
172 100.83524
173 30.81372
174 71.45323
175 0.0
176 0.0
177 30.866
178 202.05946
179 0.0
180 0.0
181 219.0
182 6.6146307
183 55.197903
184 26.625683
185 235.0
186 194.74928
187 30.866
188 0.0
189 143.32007
190 0.0
191 0.0
192 131.24329
193 158.57747
194 30.866
195 45.51065
196 25.385368
197 38.850822
198 40.82759
199 0.0
200 25.385368
201 315.0
202 235.0
203 220.134
204 219.0
205 219.0
206 219.0
207 219.0
208 219.0
209 219.0
210 219.0
211 219.0
212 219.0
213 213.36906
214 202.47037
215 202.05946
216 194.74928
217 191.34177
218 190.92784
219 169.71442
220 169.6173
221 169.5481
222 166.6026
223 164.01741
224 163.9763
225 158.78128
226 158.69907
227 158.57747
228 143.32007
229 136.82353
230 131.37102
231 131.24329
232 131.14156
233 120.356
234 120.209076
235 113.90216
236 112.52981
237 110.69643
238 109.46168
239 100.83524
240 99.556335
241 98.748245
242 93.37531
243 93.02756
244 87.70689
245 77.659065
246 71.45323
247 71.41387
248 71.3582
249 69.96716
250 55.197903
251 219.0
252 219.0
253 71.46016
254 219.0
255 177.5154
256 0.0
257 100.05044
258 147.46268
259 6.6146307
260 0.0
261 32.0
262 9.786093
263 230.63821
264 38.61463
265 50.654633
266 219.0
267 0.0
268 28.38947
269 161.47037
270 109.395355
271 39.74863
272 15.613366
273 136.7644
274 33.733997
275 175.17621
276 93.218925
277 55.900497
278 33.134
279 219.0
280 219.0
281 131.43024
282 219.0
283 0.0
284 50.751774
285 125.68051
286 166.52101
287 153.18536
288 40.93491
289 116.12893
290 38.61463
291 47.319496
292 93.37531
293 33.134
294 82.441956
295 219.0
296 98.556885
297 0.0
298 23.117367
299 0.0
300 0.0
301 315.0
302 235.0
303 230.63821
304 220.134
305 219.0
306 219.0
307 219.0
308 219.0
309 219.0
310 219.0
311 219.0
312 219.0
313 219.0
314 219.0
315 219.0
316 219.0
317 219.0
318 219.0
319 219.0
320 219.0
321 219.0
322 213.36906
323 202.47037
324 202.05946
325 194.74928
326 191.34177
327 190.92784
328 177.5154
329 175.17621
330 169.71442
331 169.6173
332 169.5481
333 166.6026
334 166.52101
335 164.01741
336 163.9763
337 161.47037
338 158.78128
339 158.69907
340 158.57747
341 153.18536
342 147.46268
343 143.32007
344 136.82353
345 136.7644
346 131.43024
347 131.37102
348 131.24329
349 131.14156
350 125.68051
351 219.0
352 191.5429
353 99.743034
354 32.0
355 212.99028
356 38.61463
357 219.0
358 219.0
359 0.0
360 220.134
361 219.0
362 219.0
363 0.0
364 37.02072
365 0.0
366 219.0
367 32.0
368 219.0
369 207.4957
370 0.0
371 0.0
372 26.51937
373 0.0
374 26.519367
375 0.0
376 219.0
377 93.26232
378 169.74738
379 163.85744
380 33.134
381 104.316055
382 156.09058
383 219.0
384 87.60242
385 147.56447
386 153.1173
387 46.49599
388 30.866
389 25.385368
390 98.682686
391 98.48766
392 20.159237
393 0.0
394 25.35257
395 32.0
396 24.280561
397 0.0
398 51.203587
399 76.58757
400 128.2443
401 315.0
402 235.0
403 230.63821
404 220.134
405 220.134
406 219.0
407 219.0
408 219.0
409 219.0
410 219.0
411 219.0
412 219.0
413 219.0
414 219.0
415 219.0
416 219.0
417 219.0
418 219.0
419 219.0
420 219.0
421 219.0
422 219.0
423 219.0
424 219.0
425 219.0
426 219.0
427 219.0
428 219.0
429 219.0
430 219.0
431 219.0
432 213.36906
433 212.99028
434 207.4957
435 202.47037
436 202.05946
437 194.74928
438 191.5429
439 191.34177
440 190.92784
441 177.5154
442 175.17621
443 169.74738
444 169.71442
445 169.6173
446 169.5481
447 166.6026
448 166.52101
449 164.01741
450 163.9763
451 235.0
452 45.200073
453 219.0
454 219.0
455 219.0
456 236.134
457 0.0
458 219.0
459 0.0
460 29.731998
461 83.52375
462 218.73767
463 142.45467
464 175.24692
465 24.015175
466 131.29866
467 0.0
468 235.0
469 82.338585
470 218.65614
471 105.39245
472 0.0
473 127.226776
474 219.0
475 220.134
476 30.265999
477 36.34663
478 219.0
479 236.134
480 1.1340001
481 87.932175
482 44.155464
483 114.99768
484 43.448265
485 0.0
486 0.0
487 6.762172
488 142.11192
489 202.30946
490 0.0
491 100.402954
492 150.74046
493 219.0
494 219.0
495 158.81789
496 71.38102
497 219.0
498 29.731998
499 158.78128
500 142.01636
501 315.0
502 236.134
503 236.134
504 235.0
505 235.0
506 235.0
507 230.63821
508 220.134
509 220.134
510 220.134
511 219.0
512 219.0
513 219.0
514 219.0
515 219.0
516 219.0
517 219.0
518 219.0
519 219.0
520 219.0
521 219.0
522 219.0
523 219.0
524 219.0
525 219.0
526 219.0
527 219.0
528 219.0
529 219.0
530 219.0
531 219.0
532 219.0
533 219.0
534 219.0
535 219.0
536 219.0
537 219.0
538 219.0
539 219.0
540 219.0
541 219.0
542 219.0
543 219.0
544 219.0
545 219.0
546 218.73767
547 218.65614
548 213.36906
549 212.99028
550 207.4957
551 171.7313
552 66.0179
553 0.0
554 219.0
555 235.0
556 220.134
557 235.0
558 219.0
559 219.0
560 60.193043
561 158.4547
562 219.0
563 315.0
564 219.0
565 163.93513
566 37.48063
567 219.0
568 235.0
569 216.25673
570 236.134
571 0.0
572 100.96757
573 219.0
574 212.9043
575 219.0
576 219.0
577 208.48273
578 66.80767
579 9.094023
580 219.0
581 219.0
582 220.134
583 219.0
584 38.75394
585 219.0
586 45.200073
587 31.970804
588 219.0
589 507.0
590 219.0
591 219.0
592 219.0
593 26.51937
594 6.6146307
595 220.134
596 219.0
597 105.14024
598 219.0
599 219.0
600 164.09755
601 507.0
602 315.0
603 315.0
604 236.134
605 236.134
606 236.134
607 235.0
608 235.0
609 235.0
610 235.0
611 235.0
612 235.0
613 230.63821
614 220.134
615 220.134
616 220.134
617 220.134
618 220.134
619 220.134
620 219.0
621 219.0
622 219.0
623 219.0
624 219.0
625 219.0
626 219.0
627 219.0
628 219.0
629 219.0
630 219.0
631 219.0
632 219.0
633 219.0
634 219.0
635 219.0
636 219.0
637 219.0
638 219.0
639 219.0
640 219.0
641 219.0
642 219.0
643 219.0
644 219.0
645 219.0
646 219.0
647 219.0
648 219.0
649 219.0
650 219.0
651 219.0
652 235.0
653 83.51417
654 40.94863
655 29.731998
656 923.0
657 219.0
658 186.04852
659 235.0
660 0.0
661 25.246058
662 235.0
663 197.70622
664 220.134
665 147.91351
666 60.266685
667 194.50749
668 1.1340001
669 236.134
670 236.134
671 208.3673
672 6.6146307
673 33.186275
674 0.0
675 202.3623
676 235.0
677 32.0
678 219.0
679 170.86673
680 32.0
681 180.24144
682 235.0
683 124.91311
684 219.0
685 220.134
686 34.268
687 175.09329
688 236.134
689 219.0
690 235.0
691 213.21199
692 315.0
693 32.0
694 93.145256
695 45.102375
696 36.499832
697 59.484318
698 153.3368
699 34.267998
700 213.31993
701 923.0
702 507.0
703 315.0
704 315.0
705 315.0
706 236.134
707 236.134
708 236.134
709 236.134
710 236.134
711 236.134
712 235.0
713 235.0
714 235.0
715 235.0
716 235.0
717 235.0
718 235.0
719 235.0
720 235.0
721 235.0
722 235.0
723 235.0
724 230.63821
725 220.134
726 220.134
727 220.134
728 220.134
729 220.134
730 220.134
731 220.134
732 220.134
733 219.0
734 219.0
735 219.0
736 219.0
737 219.0
738 219.0
739 219.0
740 219.0
741 219.0
742 219.0
743 219.0
