1 0.0
2 32.0
3 6.6146307
4 0.0
5 103.82401
6 0.6
7 235.0
8 0.0
9 219.0
10 2.4813566
11 132.62544
12 219.0
13 0.0
14 0.0
15 93.218925
16 6.6146307
17 0.0
18 138.45738
19 107.15535
20 219.0
21 0.0
22 0.0
23 25.385368
24 0.0
25 20.159237
26 45.817863
27 20.01105
28 33.134
29 84.5802
30 0.0
31 164.16272
32 0.0
33 30.8
34 0.0
35 0.0
36 158.69905
37 61.32704
38 0.0
39 97.64353
40 145.19301
41 137.0198
42 54.212845
43 235.0
44 33.134
45 0.0
46 0.0
47 147.62897
48 25.385368
49 0.0
50 30.81372
51 33.2
52 24.785368
53 0.0
54 6.6146307
55 114.92915
56 315.0
57 0.0
58 11.065523
59 0.0
60 24.251366
61 219.0
62 25.385368
63 0.0
64 0.0
65 0.0
66 0.0
67 0.0
68 109.57834
69 136.63332
70 0.0
71 219.0
72 0.0
73 0.0
74 153.40892
75 0.0
76 24.185366
77 25.385368
78 18.710535
79 55.023354
80 38.556927
81 158.85446
82 0.0
83 0.0
84 0.0
85 0.0
86 -0.53400004
87 38.61463
88 14.479365
89 32.0
90 0.0
91 29.731998
92 43.988956
93 219.0
94 32.0
95 0.0
96 235.0
97 0.0
98 25.385368
99 26.519367
100 0.0
101 315.0
102 235.0
103 235.0
104 235.0
105 219.0
106 219.0
107 219.0
108 219.0
109 219.0
110 219.0
111 164.16272
112 158.85446
113 158.69905
114 153.40892
115 147.62897
116 145.19301
117 138.45738
118 137.0198
119 136.63332
120 132.62544
121 114.92915
122 109.57834
123 107.15535
124 103.82401
125 97.64353
126 93.218925
127 84.5802
128 61.32704
129 55.023354
130 54.212845
131 45.817863
132 43.988956
133 38.61463
134 38.556927
135 33.2
136 33.134
137 33.134
138 32.0
139 32.0
140 32.0
141 30.81372
142 30.8
143 29.731998
144 26.519367
145 25.385368
146 25.385368
147 25.385368
148 25.385368
149 25.385368
150 24.785368
151 219.0
152 219.0
153 0.0
154 32.0
155 259.9948
156 71.52616
157 136.92737
158 32.0
159 220.134
160 38.61463
161 93.218925
162 169.49884
163 235.0
164 42.788956
165 53.96551
166 0.0
167 115.02727
168 32.0
169 163.93967
170 56.122726
171 69.894554
172 147.62895
173 30.81372
174 0.0
175 94.3701
176 38.61463
177 0.0
178 0.0
179 0.0
180 219.0
181 0.0
182 29.731998
183 32.0
184 67.15929
185 213.40839
186 31.4
187 34.267998
188 0.0
189 6.6146307
190 203.23247
191 0.0
192 30.8
193 93.145256
194 32.0
195 0.0
196 0.0
197 0.0
198 104.218994
199 147.62897
200 219.0
201 315.0
202 259.9948
203 235.0
204 235.0
205 235.0
206 235.0
207 220.134
208 219.0
209 219.0
210 219.0
211 219.0
212 219.0
213 219.0
214 219.0
215 219.0
216 219.0
217 219.0
218 213.40839
219 203.23247
220 169.49884
221 164.16272
222 163.93967
223 158.85446
224 158.69905
225 153.40892
226 147.62897
227 147.62897
228 147.62895
229 145.19301
230 138.45738
231 137.0198
232 136.92737
233 136.63332
234 132.62544
235 115.02727
236 114.92915
237 109.57834
238 107.15535
239 104.218994
240 103.82401
241 97.64353
242 94.3701
243 93.218925
244 93.218925
245 93.145256
246 84.5802
247 71.52616
248 69.894554
249 67.15929
250 61.32704
251 17.285864
252 193.45123
253 1.1340001
254 219.0
255 171.47011
256 6.6146307
257 219.0
258 219.0
259 30.866
260 0.0
261 219.0
262 24.230286
263 219.0
264 131.3221
265 65.007706
266 102.09018
267 185.6725
268 47.38908
269 219.0
270 122.994514
271 33.134
272 142.10762
273 0.0
274 19.844534
275 30.866
276 38.61463
277 165.21806
278 147.62895
279 173.29692
280 104.07178
281 219.0
282 153.23157
283 30.866
284 33.134
285 60.214146
286 153.03949
287 0.0
288 0.0
289 8.099507
290 0.0
291 14.835651
292 120.655846
293 82.441956
294 39.74863
295 87.51523
296 71.46876
297 32.0
298 109.468094
299 90.38004
300 219.0
301 315.0
302 259.9948
303 235.0
304 235.0
305 235.0
306 235.0
307 220.134
308 219.0
309 219.0
310 219.0
311 219.0
312 219.0
313 219.0
314 219.0
315 219.0
316 219.0
317 219.0
318 219.0
319 219.0
320 219.0
321 219.0
322 219.0
323 219.0
324 219.0
325 219.0
326 213.40839
327 203.23247
328 193.45123
329 185.6725
330 173.29692
331 171.47011
332 169.49884
333 165.21806
334 164.16272
335 163.93967
336 158.85446
337 158.69905
338 153.40892
339 153.23157
340 153.03949
341 147.62897
342 147.62897
343 147.62895
344 147.62895
345 145.19301
346 142.10762
347 138.45738
348 137.0198
349 136.92737
350 136.63332
351 235.0
352 131.53445
353 45.71541
354 0.065999985
355 219.0
356 220.134
357 219.0
358 235.0
359 219.0
360 39.148632
361 30.866
362 235.0
363 219.0
364 25.385368
365 18.770737
366 0.0
367 76.76989
368 114.93046
369 220.134
370 219.0
371 235.0
372 17.285864
373 0.06518793
374 0.0
375 219.0
376 60.28656
377 39.74863
378 207.83914
379 158.76608
380 0.0
381 208.47958
382 158.78128
383 44.155464
384 109.45367
385 153.23157
386 158.78128
387 0.0
388 191.47495
389 186.7235
390 109.31363
391 0.0
392 93.10478
393 153.3189
394 32.0
395 126.188965
396 60.337036
397 180.3962
398 60.324516
399 39.98482
400 32.0
401 315.0
402 259.9948
403 235.0
404 235.0
405 235.0
406 235.0
407 235.0
408 235.0
409 235.0
410 235.0
411 220.134
412 220.134
413 220.134
414 219.0
415 219.0
416 219.0
417 219.0
418 219.0
419 219.0
420 219.0
421 219.0
422 219.0
423 219.0
424 219.0
425 219.0
426 219.0
427 219.0
428 219.0
429 219.0
430 219.0
431 219.0
432 219.0
433 219.0
434 219.0
435 219.0
436 219.0
437 219.0
438 213.40839
439 208.47958
440 207.83914
441 203.23247
442 193.45123
443 191.47495
444 186.7235
445 185.6725
446 180.3962
447 173.29692
448 171.47011
449 169.49884
450 165.21806
451 34.15128
452 0.0
453 32.0
454 217.866
455 0.0
456 167.9874
457 -1.1999989
458 191.34512
459 219.0
460 219.0
461 33.134
462 38.61463
463 220.134
464 31.4
465 219.0
466 142.46603
467 219.0
468 219.0
469 219.0
470 219.0
471 3.5550966
472 219.0
473 5.487477
474 218.84677
475 12.039557
476 78.66102
477 44.620243
478 219.0
479 219.0
480 219.0
481 0.0
482 219.0
483 316.134
484 38.61463
485 219.0
486 82.797874
487 219.0
488 60.193043
489 219.0
490 219.0
491 32.0
492 30.8
493 194.37502
494 45.68657
495 98.543495
496 33.134
497 6.6146307
498 219.0
499 180.48409
500 48.186764
501 316.134
502 315.0
503 259.9948
504 235.0
505 235.0
506 235.0
507 235.0
508 235.0
509 235.0
510 235.0
511 235.0
512 220.134
513 220.134
514 220.134
515 220.134
516 219.0
517 219.0
518 219.0
519 219.0
520 219.0
521 219.0
522 219.0
523 219.0
524 219.0
525 219.0
526 219.0
527 219.0
528 219.0
529 219.0
530 219.0
531 219.0
532 219.0
533 219.0
534 219.0
535 219.0
536 219.0
537 219.0
538 219.0
539 219.0
540 219.0
541 219.0
542 219.0
543 219.0
544 219.0
545 219.0
546 219.0
547 219.0
548 219.0
549 219.0
550 219.0
551 202.34009
552 124.335945
553 0.0
554 32.0
555 235.0
556 235.0
557 220.134
558 196.99687
559 26.519367
560 6.6146307
561 26.51937
562 159.5187
563 220.134
564 219.0
565 220.134
566 220.134
567 109.65097
568 14.479365
569 14.436289
570 114.97363
571 60.19001
572 116.3139
573 202.34337
574 219.0
575 159.68997
576 219.0
577 219.0
578 219.0
579 220.134
580 219.0
581 220.134
582 147.91936
583 17.285864
584 106.626274
585 219.0
586 220.134
587 110.12754
588 44.303658
589 185.14214
590 37.480633
591 19.69634
592 51.592617
593 93.35487
594 170.79102
595 197.03464
596 250.8714
597 0.0
598 204.44191
599 74.12914
600 215.50851
601 316.134
602 315.0
603 259.9948
604 250.8714
605 235.0
606 235.0
607 235.0
608 235.0
609 235.0
610 235.0
611 235.0
612 235.0
613 235.0
614 235.0
615 220.134
616 220.134
617 220.134
618 220.134
619 220.134
620 220.134
621 220.134
622 220.134
623 220.134
624 220.134
625 220.134
626 219.0
627 219.0
628 219.0
629 219.0
630 219.0
631 219.0
632 219.0
633 219.0
634 219.0
635 219.0
636 219.0
637 219.0
638 219.0
639 219.0
640 219.0
641 219.0
642 219.0
643 219.0
644 219.0
645 219.0
646 219.0
647 219.0
648 219.0
649 219.0
650 219.0
651 212.34752
652 236.134
653 38.61463
654 192.35928
655 218.81396
656 50.47214
657 0.0
658 219.0
659 219.0
660 45.229263
661 220.134
662 25.385368
663 235.0
664 235.0
665 220.134
666 219.0
667 219.0
668 95.486916
669 235.0
670 154.23907
671 220.134
672 219.0
673 219.0
674 147.74092
675 219.0
676 213.09344
677 219.0
678 219.0
679 49.285866
680 219.0
681 219.0
682 0.0
683 219.0
684 220.134
685 25.385368
686 174.0576
687 219.0
688 32.534
689 32.065998
690 131.49144
691 220.134
692 219.0
693 220.134
694 32.0
695 219.0
696 30.43297
697 32.0
698 219.0
699 0.0
700 86.43226
701 316.134
702 315.0
703 259.9948
704 250.8714
705 236.134
706 235.0
707 235.0
708 235.0
709 235.0
710 235.0
711 235.0
712 235.0
713 235.0
714 235.0
715 235.0
716 235.0
717 235.0
718 235.0
719 220.134
720 220.134
721 220.134
722 220.134
723 220.134
724 220.134
725 220.134
726 220.134
727 220.134
728 220.134
729 220.134
730 220.134
731 220.134
732 220.134
733 220.134
734 220.134
735 220.134
736 219.0
737 219.0
738 219.0
739 219.0
740 219.0
741 219.0
742 219.0
743 219.0
744 219.0
745 219.0
746 219.0
747 219.0
748 219.0
749 219.0
750 219.0
751 236.134
752 208.18266
753 49.561436
754 148.36752
755 220.134
756 220.134
757 126.75894
758 0.0
759 235.0
760 32.0
761 176.38861
762 235.0
763 219.0
764 60.553307
765 1.1340001
766 117.069885
767 38.850822
768 0.0
769 85.05083
770 33.134
771 6.585438
772 219.0
773 220.134
774 220.134
775 220.134
776 236.134
777 219.0
778 220.134
779 219.0
780 220.134
781 220.134
782 219.0
783 205.9807
784 37.41463
785 109.603485
786 219.0
787 9.996293
788 25.385368
789 30.866
790 132.69812
791 1.1340001
792 88.688805
793 219.0
794 48.299187
795 32.0
796 219.0
797 219.0
798 158.78128
799 220.134
800 219.0
801 316.134
802 315.0
803 259.9948
804 250.8714
805 236.134
806 236.134
807 236.134
808 235.0
809 235.0
810 235.0
811 235.0
812 235.0
813 235.0
814 235.0
815 235.0
816 235.0
817 235.0
818 235.0
819 235.0
820 235.0
821 235.0
822 235.0
823 220.134
824 220.134
825 220.134
826 220.134
827 220.134
828 220.134
829 220.134
830 220.134
831 220.134
832 220.134
833 220.134
834 220.134
835 220.134
836 220.134
837 220.134
838 220.134
839 220.134
840 220.134
841 220.134
842 220.134
843 220.134
844 220.134
845 220.134
846 220.134
847 220.134
848 220.134
849 219.0
850 219.0
851 235.0
852 35.401997
853 142.32672
854 0.0
855 248.45564
856 0.0
857 208.71024
858 219.0
859 220.134
860 219.0
861 158.57295
862 0.0
863 33.134
864 158.60649
865 219.0
866 219.0
867 147.78203
868 33.186275
869 0.0
870 235.0
871 219.0
872 3.555095
873 219.0
874 56.36716
875 219.0
876 219.0
877 219.0
878 236.134
879 219.0
880 0.9505203
881 93.04689
882 219.0
883 219.0
884 220.134
885 236.134
886 220.134
887 220.134
888 219.0
889 220.134
890 219.0
891 220.134
892 220.134
893 218.68575
894 214.58717
895 219.0
896 220.134
897 220.134
898 0.0
899 219.0
900 77.78786
901 316.134
902 315.0
903 259.9948
904 250.8714
905 248.45564
906 236.134
907 236.134
908 236.134
909 236.134
910 236.134
911 235.0
912 235.0
913 235.0
914 235.0
915 235.0
916 235.0
917 235.0
918 235.0
919 235.0
920 235.0
921 235.0
922 235.0
923 235.0
924 235.0
925 235.0
926 235.0
927 235.0
928 220.134
929 220.134
930 220.134
931 220.134
932 220.134
933 220.134
934 220.134
935 220.134
936 220.134
937 220.134
938 220.134
939 220.134
940 220.134
941 220.134
942 220.134
943 220.134
944 220.134
945 220.134
946 220.134
947 220.134
948 220.134
949 220.134
950 220.134
951 219.0
952 219.0
953 24.185368
954 219.0
955 1.7340001
956 219.0
957 219.0
958 236.134
959 219.0
960 193.98009
961 133.45502
962 220.134
963 235.0
964 131.40715
965 0.0
966 4.3002415
967 235.0
968 235.0
969 0.0
970 1.1340001
971 55.89866
972 4.87844
973 214.22295
974 219.0
975 147.80588
976 66.05349
977 43.988956
978 219.0
979 235.0
980 219.0
981 219.0
982 219.0
983 219.0
984 99.75114
985 0.0
986 126.13295
987 81.82394
988 220.134
989 236.134
990 219.0
991 219.0
992 235.0
993 220.134
994 219.0
995 206.95537
996 103.97186
997 14.714138
998 235.0
999 67.16933
1000 65.16472
1001 316.134
1002 315.0
1003 259.9948
1004 250.8714
1005 248.45564
1006 236.134
1007 236.134
1008 236.134
1009 236.134
1010 236.134
1011 236.134
1012 236.134
1013 235.0
1014 235.0
1015 235.0
1016 235.0
1017 235.0
1018 235.0
1019 235.0
1020 235.0
1021 235.0
1022 235.0
1023 235.0
1024 235.0
1025 235.0
1026 235.0
1027 235.0
1028 235.0
1029 235.0
1030 235.0
1031 235.0
1032 235.0
1033 235.0
1034 235.0
1035 235.0
1036 220.134
1037 220.134
1038 220.134
1039 220.134
1040 220.134
1041 220.134
1042 220.134
1043 220.134
1044 220.134
1045 220.134
1046 220.134
1047 220.134
1048 220.134
1049 220.134
1050 220.134
1051 220.134
1052 271.0969
1053 153.1493
1054 139.17528
1055 11.626327
1056 219.0
1057 236.134
1058 220.134
1059 236.134
1060 219.0
1061 339.60443
1062 235.0
1063 109.43113
1064 315.0
1065 202.4458
1066 166.19682
1067 235.0
1068 0.0
1069 212.38538
1070 220.134
1071 190.1397
1072 235.0
1073 219.0
1074 10.657903
1075 220.134
1076 219.0
1077 152.94608
1078 33.134
1079 0.0
1080 219.0
1081 0.0
1082 219.0
1083 267.91367
1084 219.0
1085 -0.7530346
1086 9.178094
1087 220.134
1088 219.0
1089 26.51937
1090 35.401997
1091 220.134
1092 219.91963
1093 101.021095
1094 219.0
1095 219.0
1096 235.0
1097 38.014633
1098 315.0
1099 219.0
1100 235.0
1101 339.60443
1102 316.134
1103 315.0
1104 315.0
1105 315.0
1106 271.0969
1107 267.91367
1108 259.9948
1109 250.8714
1110 248.45564
1111 236.134
1112 236.134
1113 236.134
1114 236.134
1115 236.134
1116 236.134
1117 236.134
1118 236.134
1119 236.134
1120 235.0
1121 235.0
1122 235.0
1123 235.0
1124 235.0
1125 235.0
1126 235.0
1127 235.0
1128 235.0
1129 235.0
1130 235.0
1131 235.0
1132 235.0
1133 235.0
1134 235.0
1135 235.0
1136 235.0
1137 235.0
1138 235.0
1139 235.0
1140 235.0
1141 235.0
1142 235.0
1143 235.0
1144 235.0
1145 235.0
1146 235.0
1147 235.0
1148 220.134
1149 220.134
1150 220.134
1151 235.0
1152 178.93137
1153 235.0
1154 219.0
1155 38.850822
1156 93.27475
1157 236.134
1158 219.0
1159 197.60309
1160 236.134
1161 0.0
1162 32.534
1163 220.134
1164 180.4491
1165 235.0
1166 179.08583
1167 147.70612
1168 220.134
1169 235.0
1170 236.134
1171 171.12744
1172 30.866
1173 219.0
1174 109.32978
1175 220.134
1176 219.0
1177 219.0
1178 507.0
1179 219.0
1180 220.134
1181 241.58543
1182 196.83629
1183 315.0
1184 32.530777
1185 220.134
1186 220.134
1187 34.334
1188 0.0
1189 219.0
1190 603.6
1191 114.996124
1192 219.0
1193 227.1292
1194 220.134
1195 219.0
1196 235.0
1197 235.0
1198 109.52565
1199 219.0
1200 220.134
1201 603.6
1202 507.0
1203 339.60443
1204 316.134
1205 315.0
1206 315.0
1207 315.0
1208 315.0
1209 271.0969
1210 267.91367
1211 259.9948
1212 250.8714
1213 248.45564
1214 241.58543
1215 236.134
1216 236.134
1217 236.134
1218 236.134
1219 236.134
1220 236.134
1221 236.134
1222 236.134
1223 236.134
1224 236.134
1225 236.134
1226 236.134
1227 235.0
1228 235.0
1229 235.0
1230 235.0
1231 235.0
1232 235.0
1233 235.0
1234 235.0
1235 235.0
1236 235.0
1237 235.0
1238 235.0
1239 235.0
1240 235.0
1241 235.0
1242 235.0
1243 235.0
1244 235.0
1245 235.0
1246 235.0
1247 235.0
1248 235.0
1249 235.0
1250 235.0
1251 315.0
1252 110.40847
1253 82.48907
1254 212.468
1255 219.0
1256 0.0
1257 699.0
1258 507.0
1259 507.0
1260 202.15413
1261 0.0
1262 131.55765
1263 0.0
1264 169.5441
1265 99.80335
1266 219.0
1267 235.0
1268 217.41212
1269 235.0
1270 203.52243
1271 0.0
1272 219.0
1273 0.0
1274 185.5915
1275 219.38089
1276 236.13399
1277 93.30167
1278 219.0
1279 235.0
1280 219.0
1281 60.262493
1282 219.0
1283 219.0
1284 235.0
1285 1.2
1286 64.486145
1287 315.0
1288 99.52109
1289 55.594048
1290 6.6146307
1291 34.010357
1292 219.0
1293 235.0
1294 315.0
1295 37.41463
1296 30.8
1297 218.50504
1298 41.916958
1299 219.0
1300 236.134
1301 699.0
1302 603.6
1303 507.0
1304 507.0
1305 507.0
1306 339.60443
1307 316.134
1308 315.0
1309 315.0
1310 315.0
1311 315.0
1312 315.0
1313 315.0
1314 315.0
1315 271.0969
1316 267.91367
1317 259.9948
1318 250.8714
1319 248.45564
1320 241.58543
1321 236.134
1322 236.134
1323 236.134
1324 236.134
1325 236.134
1326 236.134
1327 236.134
1328 236.134
1329 236.134
1330 236.134
1331 236.134
1332 236.134
1333 236.134
1334 236.13399
1335 235.0
1336 235.0
1337 235.0
1338 235.0
1339 235.0
1340 235.0
1341 235.0
1342 235.0
1343 235.0
1344 235.0
1345 235.0
1346 235.0
1347 235.0
1348 235.0
1349 235.0
1350 235.0
1351 507.0
1352 235.0
1353 235.0
1354 236.60927
1355 219.0
1356 48.038403
1357 219.0
1358 208.50148
1359 220.134
1360 274.10068
1361 23.12784
1362 219.0
1363 186.78375
1364 37.41463
1365 220.134
1366 332.75705
1367 0.0
1368 219.0
1369 13.201632
1370 219.0
1371 120.24724
1372 26.51937
1373 235.0
1374 219.0
1375 235.0
1376 219.1341
1377 219.0
1378 219.0
1379 236.134
1380 220.134
1381 219.0
1382 219.0
1383 212.14915
1384 42.599915
1385 235.0
1386 136.7985
1387 219.0
1388 203.07004
1389 315.0
1390 235.0
1391 219.0
1392 235.0
1393 206.5984
1394 235.0
1395 235.0
1396 235.18114
1397 313.866
1398 44.155464
1399 235.0
1400 132.22331
1401 699.0
1402 603.6
1403 507.0
1404 507.0
1405 507.0
1406 507.0
1407 339.60443
1408 332.75705
1409 316.134
1410 315.0
1411 315.0
1412 315.0
1413 315.0
1414 315.0
1415 315.0
1416 315.0
1417 315.0
1418 313.866
1419 274.10068
1420 271.0969
1421 267.91367
1422 259.9948
1423 250.8714
1424 248.45564
1425 241.58543
1426 236.60927
1427 236.134
1428 236.134
1429 236.134
1430 236.134
1431 236.134
1432 236.134
1433 236.134
1434 236.134
1435 236.134
1436 236.134
1437 236.134
1438 236.134
1439 236.134
1440 236.134
1441 236.13399
1442 235.18114
1443 235.0
1444 235.0
1445 235.0
1446 235.0
1447 235.0
1448 235.0
1449 235.0
1450 235.0
1451 173.81432
1452 220.134
1453 0.0
1454 315.0
1455 220.134
1456 17.285864
1457 0.0
1458 235.0
1459 219.0
1460 219.0
1461 315.0
1462 219.0
1463 219.0
1464 236.134
1465 82.35664
1466 225.98715
1467 219.0
1468 224.18446
1469 137.8385
1470 87.75239
1471 235.11485
1472 158.78128
1473 230.76352
1474 235.0
1475 219.0
1476 115.079765
1477 126.07184
1478 34.334
1479 219.0
1480 30.8
1481 235.0
1482 219.0
1483 235.0
1484 49.359825
1485 219.0
1486 220.134
1487 219.0
1488 235.0
1489 236.134
1490 218.06963
1491 219.0
1492 235.0
1493 219.0
1494 32.0
1495 47.525692
1496 219.0
1497 220.134
1498 236.134
1499 147.4725
1500 220.134
1501 699.0
1502 603.6
1503 507.0
1504 507.0
1505 507.0
1506 507.0
1507 339.60443
1508 332.75705
1509 316.134
1510 315.0
1511 315.0
1512 315.0
1513 315.0
1514 315.0
1515 315.0
1516 315.0
1517 315.0
1518 315.0
1519 315.0
1520 313.866
1521 274.10068
1522 271.0969
1523 267.91367
1524 259.9948
1525 250.8714
1526 248.45564
1527 241.58543
1528 236.60927
1529 236.134
1530 236.134
1531 236.134
1532 236.134
1533 236.134
1534 236.134
1535 236.134
1536 236.134
1537 236.134
1538 236.134
1539 236.134
1540 236.134
1541 236.134
1542 236.134
1543 236.134
1544 236.134
1545 236.134
1546 236.13399
1547 235.18114
1548 235.11485
1549 235.0
1550 235.0
1551 34.118248
1552 315.0
1553 0.0
1554 219.0
1555 93.23611
1556 7.7486305
1557 44.170586
1558 235.0
1559 210.05255
1560 517.6878
1561 219.0
1562 1.2
1563 219.0
1564 18.877048
1565 219.0
1566 33.134
1567 220.134
1568 235.0
1569 79.35594
1570 373.39682
1571 235.0
1572 220.134
1573 50.60359
1574 0.0
1575 76.747925
1576 235.0
1577 162.4285
1578 228.08322
1579 175.24083
1580 180.60791
1581 235.0
1582 236.134
1583 236.134
1584 219.0
1585 219.0
1586 219.0
1587 219.0
1588 220.134
1589 219.0
1590 209.56221
1591 236.134
1592 38.61463
1593 220.134
1594 219.0
1595 109.61206
1596 238.2185
1597 316.134
1598 98.63332
1599 219.0
1600 235.0
1601 699.0
1602 603.6
1603 517.6878
1604 507.0
1605 507.0
1606 507.0
1607 507.0
1608 373.39682
1609 339.60443
1610 332.75705
1611 316.134
1612 316.134
1613 315.0
1614 315.0
1615 315.0
1616 315.0
1617 315.0
1618 315.0
1619 315.0
1620 315.0
1621 315.0
1622 315.0
1623 315.0
1624 313.866
1625 274.10068
1626 271.0969
1627 267.91367
1628 259.9948
1629 250.8714
1630 248.45564
1631 241.58543
1632 238.2185
1633 236.60927
1634 236.134
1635 236.134
1636 236.134
1637 236.134
1638 236.134
1639 236.134
1640 236.134
1641 236.134
1642 236.134
1643 236.134
1644 236.134
1645 236.134
1646 236.134
1647 236.134
1648 236.134
1649 236.134
1650 236.134
1651 507.0
1652 236.134
1653 219.0
1654 138.78656
1655 220.134
1656 52.64768
1657 219.0
1658 54.831257
1659 217.99074
1660 191.48817
1661 38.54863
1662 219.0
1663 187.34314
1664 241.93036
1665 219.0
1666 219.0
1667 219.0
1668 220.134
1669 66.87557
1670 315.0
1671 316.134
1672 219.0
1673 219.0
1674 235.0
1675 220.134
1676 219.0
1677 191.55095
1678 158.69907
1679 219.0
1680 0.0
1681 220.134
1682 235.0
1683 185.86406
1684 235.0
1685 236.134
1686 220.134
1687 235.0
1688 236.134
1689 104.05143
1690 235.0
1691 233.8
1692 220.134
1693 219.0
1694 202.1195
1695 235.0
1696 220.134
1697 219.0
1698 191.41873
1699 61.388817
1700 219.0
1701 699.0
1702 603.6
1703 517.6878
1704 507.0
1705 507.0
1706 507.0
1707 507.0
1708 507.0
1709 373.39682
1710 339.60443
1711 332.75705
1712 316.134
1713 316.134
1714 316.134
1715 315.0
1716 315.0
1717 315.0
1718 315.0
1719 315.0
1720 315.0
1721 315.0
1722 315.0
1723 315.0
1724 315.0
1725 315.0
1726 315.0
1727 313.866
1728 274.10068
1729 271.0969
1730 267.91367
1731 259.9948
1732 250.8714
1733 248.45564
1734 241.93036
1735 241.58543
1736 238.2185
1737 236.60927
1738 236.134
1739 236.134
1740 236.134
1741 236.134
1742 236.134
1743 236.134
1744 236.134
1745 236.134
1746 236.134
1747 236.134
1748 236.134
1749 236.134
1750 236.134
1751 219.0
1752 219.0
1753 315.0
1754 235.0
1755 508.134
1756 235.0
1757 163.0833
1758 87.60242
1759 0.0
1760 219.0
1761 235.0
1762 219.0
1763 219.0
1764 136.84741
1765 315.0
1766 219.0
1767 219.0
1768 235.0
1769 54.22918
1770 235.0
1771 235.0
1772 219.0
1773 219.0
1774 39.74863
1775 38.61463
1776 175.17621
1777 3.9770222
1778 219.0
1779 219.0
1780 251.44872
1781 152.99113
1782 8.82252
1783 253.88492
1784 241.61462
1785 220.134
1786 164.3107
1787 218.86247
1788 219.0
1789 220.134
1790 219.0
1791 236.134
1792 235.0
1793 41.48165
1794 219.0
1795 227.7932
1796 315.0
1797 69.10951
1798 148.24792
1799 236.134
1800 235.0
1801 699.0
1802 603.6
1803 517.6878
1804 508.134
1805 507.0
1806 507.0
1807 507.0
1808 507.0
1809 507.0
1810 373.39682
1811 339.60443
1812 332.75705
1813 316.134
1814 316.134
1815 316.134
1816 315.0
1817 315.0
1818 315.0
1819 315.0
1820 315.0
1821 315.0
1822 315.0
1823 315.0
1824 315.0
1825 315.0
1826 315.0
1827 315.0
1828 315.0
1829 315.0
1830 315.0
1831 313.866
1832 274.10068
1833 271.0969
1834 267.91367
1835 259.9948
1836 253.88492
1837 251.44872
1838 250.8714
1839 248.45564
1840 241.93036
1841 241.61462
1842 241.58543
1843 238.2185
1844 236.60927
1845 236.134
1846 236.134
1847 236.134
1848 236.134
1849 236.134
1850 236.134
1851 235.0
1852 219.0
1853 235.0
1854 40.347794
1855 603.6
1856 315.0
1857 220.134
1858 235.0
1859 235.0
1860 219.0
1861 69.6976
1862 235.0
1863 507.0
1864 103.947914
1865 39.74863
1866 3.4020002
1867 219.0
1868 219.0
1869 198.85646
1870 1133.1213
1871 94.0929
1872 71.100784
1873 219.0
1874 235.0
1875 152.94917
1876 235.0
1877 220.134
1878 315.0
1879 212.98708
1880 219.0
1881 219.0
1882 235.0
1883 235.0
1884 267.52698
1885 224.65086
1886 208.57423
1887 235.0
1888 85.80292
1889 44.288376
1890 93.08327
1891 235.0
1892 220.134
1893 235.0
1894 131.11845
1895 235.0
1896 235.0
1897 175.20012
1898 235.0
1899 219.0
1900 211.06322
1901 1133.1213
1902 699.0
1903 603.6
1904 603.6
1905 517.6878
1906 508.134
1907 507.0
1908 507.0
1909 507.0
1910 507.0
1911 507.0
1912 507.0
1913 373.39682
1914 339.60443
1915 332.75705
1916 316.134
1917 316.134
1918 316.134
1919 315.0
1920 315.0
1921 315.0
1922 315.0
1923 315.0
1924 315.0
1925 315.0
1926 315.0
1927 315.0
1928 315.0
1929 315.0
1930 315.0
1931 315.0
1932 315.0
1933 315.0
1934 315.0
1935 315.0
1936 313.866
1937 274.10068
1938 271.0969
1939 267.91367
1940 267.52698
1941 259.9948
1942 253.88492
1943 251.44872
1944 250.8714
1945 248.45564
1946 241.93036
1947 241.61462
1948 241.58543
1949 238.2185
1950 236.60927
1951 235.0
1952 219.0
1953 220.134
1954 235.0
1955 507.0
1956 220.134
1957 65.64666
1958 219.0
1959 220.134
1960 219.0
1961 219.0
1962 235.0
1963 173.01834
1964 235.0
1965 235.0
1966 1243.0
1967 219.0
1968 219.0
1969 219.0
1970 219.0
1971 235.0
1972 235.0
1973 235.0
1974 10.827033
1975 72.10405
1976 219.0
1977 219.0
1978 219.0
1979 212.38538
1980 507.0
1981 235.0
1982 603.6
1983 221.73479
1984 219.0
1985 235.0
1986 21.701218
1987 219.0
1988 99.60382
1989 225.28683
1990 315.0
1991 25.385368
1992 30.866
1993 219.0
1994 3.5391726
1995 232.7705
1996 232.22925
1997 241.61462
1998 178.28664
1999 219.0
2000 87.54891
2001 1243.0
2002 1133.1213
2003 699.0
2004 603.6
2005 603.6
2006 603.6
2007 517.6878
2008 508.134
2009 507.0
2010 507.0
2011 507.0
2012 507.0
2013 507.0
2014 507.0
2015 507.0
2016 507.0
2017 373.39682
2018 339.60443
2019 332.75705
2020 316.134
2021 316.134
2022 316.134
2023 315.0
2024 315.0
2025 315.0
2026 315.0
2027 315.0
2028 315.0
2029 315.0
2030 315.0
2031 315.0
2032 315.0
2033 315.0
2034 315.0
2035 315.0
2036 315.0
2037 315.0
2038 315.0
2039 315.0
2040 315.0
2041 313.866
2042 274.10068
2043 271.0969
2044 267.91367
2045 267.52698
2046 259.9948
2047 253.88492
2048 251.44872
2049 250.8714
2050 248.45564
2051 201.15102
2052 220.134
2053 159.94826
2054 1243.0
2055 235.0
2056 34.320274
2057 234.466
2058 219.0
2059 220.134
2060 219.0
2061 219.0
2062 235.0
