1 28.75811
2 38.58544
3 43.88788
4 9.179501
5 27.90396
6 46.391037
7 6.6146307
8 160.55655
9 47.00692
10 20.83056
11 235.0
12 0.0
13 34.202
14 118.68159
15 90.78261
16 56.949112
17 40.49612
18 0.0
19 0.0
20 31.674131
21 219.0
22 50.568443
23 22.231892
24 0.0
25 13.23597
26 42.085854
27 56.56754
28 0.0
29 219.0
30 110.87623
31 0.0
32 11.914642
33 16.671875
34 78.25605
35 0.0
36 0.0
37 143.17996
38 108.361404
39 63.203762
40 0.0
41 0.0
42 219.0
43 16.48432
44 0.0
45 18.65114
46 0.0
47 49.101906
48 0.0
49 36.952522
50 74.13597
51 0.0
52 22.295134
53 219.0
54 0.0
55 29.309155
56 0.0
57 52.00028
58 32.11828
59 65.68588
60 0.0
61 24.49255
62 0.0
63 219.0
64 110.1363
65 145.74211
66 121.956474
67 0.0
68 45.137703
69 97.04591
70 0.0
71 41.471233
72 0.0
73 55.047558
74 36.582386
75 15.614254
76 15.279679
77 180.61104
78 0.0
79 11.7380495
80 110.805954
81 67.00202
82 72.33305
83 6.4843745
84 31.319399
85 109.54981
86 23.25686
87 42.663834
88 0.0
89 106.54792
90 152.98215
91 95.39002
92 44.6249
93 27.935516
94 30.866
95 116.663506
96 71.25712
97 17.727875
98 0.0
99 102.8409
100 0.0
101 235.0
102 219.0
103 219.0
104 219.0
105 219.0
106 219.0
107 180.61104
108 160.55655
109 152.98215
110 145.74211
111 143.17996
112 121.956474
113 118.68159
114 116.663506
115 110.87623
116 110.805954
117 110.1363
118 109.54981
119 108.361404
120 106.54792
121 102.8409
122 97.04591
123 95.39002
124 90.78261
125 78.25605
126 74.13597
127 72.33305
128 71.25712
129 67.00202
130 65.68588
131 63.203762
132 56.949112
133 56.56754
134 55.047558
135 52.00028
136 50.568443
137 49.101906
138 47.00692
139 46.391037
140 45.137703
141 44.6249
142 43.88788
143 42.663834
144 42.085854
145 41.471233
146 40.49612
147 38.58544
148 36.952522
149 36.582386
150 34.202
151 37.830887
152 35.87684
153 5.7811975
154 0.0
155 75.67892
156 28.123497
157 82.32418
158 219.0
159 0.0
160 32.577374
161 25.916634
162 122.28644
163 41.676224
164 12.067088
165 20.173332
166 116.97381
167 0.0
168 91.036934
169 28.787369
170 17.578115
171 68.72738
172 0.0
173 72.77964
174 0.0
175 23.71011
176 37.45855
177 166.35689
178 60.559372
179 60.2969
180 44.47912
181 111.91097
182 0.0
183 56.163025
184 26.693634
185 55.811096
186 51.76526
187 60.447205
188 26.39178
189 39.74863
190 88.78811
191 74.032745
192 10.139441
193 32.464275
194 31.416014
195 48.40114
196 53.978546
197 48.525677
198 79.44929
199 71.52661
200 0.0
201 235.0
202 219.0
203 219.0
204 219.0
205 219.0
206 219.0
207 219.0
208 180.61104
209 166.35689
210 160.55655
211 152.98215
212 145.74211
213 143.17996
214 122.28644
215 121.956474
216 118.68159
217 116.97381
218 116.663506
219 111.91097
220 110.87623
221 110.805954
222 110.1363
223 109.54981
224 108.361404
225 106.54792
226 102.8409
227 97.04591
228 95.39002
229 91.036934
230 90.78261
231 88.78811
232 82.32418
233 79.44929
234 78.25605
235 75.67892
236 74.13597
237 74.032745
238 72.77964
239 72.33305
240 71.52661
241 71.25712
242 68.72738
243 67.00202
244 65.68588
245 63.203762
246 60.559372
247 60.447205
248 60.2969
249 56.949112
250 56.56754
251 213.3105
252 219.0
253 61.60296
254 235.0
255 45.137596
256 3.430916
257 55.003765
258 32.994263
259 147.58
260 0.0
261 49.742016
262 44.90237
263 156.63371
264 61.01293
265 32.057495
266 109.52083
267 123.639565
268 98.28723
269 28.492867
270 0.45476484
271 21.579191
272 0.0
273 26.39178
274 30.359793
275 90.71124
276 87.88757
277 0.0
278 59.089977
279 191.45139
280 168.75742
281 69.58297
282 112.21531
283 0.0
284 30.07526
285 41.11763
286 30.679255
287 82.93848
288 150.59215
289 65.7709
290 54.487865
291 135.49931
292 47.048492
293 60.403072
294 45.113037
295 0.0
296 29.665998
297 136.84637
298 45.71541
299 36.59611
300 29.798
301 235.0
302 235.0
303 219.0
304 219.0
305 219.0
306 219.0
307 219.0
308 219.0
309 219.0
310 213.3105
311 191.45139
312 180.61104
313 168.75742
314 166.35689
315 160.55655
316 156.63371
317 152.98215
318 150.59215
319 147.58
320 145.74211
321 143.17996
322 136.84637
323 135.49931
324 123.639565
325 122.28644
326 121.956474
327 118.68159
328 116.97381
329 116.663506
330 112.21531
331 111.91097
332 110.87623
333 110.805954
334 110.1363
335 109.54981
336 109.52083
337 108.361404
338 106.54792
339 102.8409
340 98.28723
341 97.04591
342 95.39002
343 91.036934
344 90.78261
345 90.71124
346 88.78811
347 87.88757
348 82.93848
349 82.32418
350 79.44929
351 161.5258
352 15.886116
353 52.507317
354 312.82257
355 219.0
356 0.0
357 86.133484
358 3.3878944
359 58.97937
360 140.75441
361 147.72914
362 95.38872
363 0.0
364 74.47818
365 193.82436
366 152.92107
367 31.594349
368 102.56549
369 21.241552
370 85.108925
371 15.693947
372 43.004036
373 219.0
374 7.877256
375 108.73396
376 128.82085
377 9.039566
378 12.460774
379 0.0
380 0.0
381 49.805546
382 29.731998
383 26.052063
384 56.141857
385 178.96744
386 7.272996
387 31.711964
388 0.0
389 122.05346
390 36.236485
391 143.66074
392 0.0
393 152.93576
394 126.77413
395 138.75418
396 78.22929
397 41.465096
398 170.3309
399 169.20566
400 16.688719
401 312.82257
402 235.0
403 235.0
404 219.0
405 219.0
406 219.0
407 219.0
408 219.0
409 219.0
410 219.0
411 219.0
412 219.0
413 213.3105
414 193.82436
415 191.45139
416 180.61104
417 178.96744
418 170.3309
419 169.20566
420 168.75742
421 166.35689
422 161.5258
423 160.55655
424 156.63371
425 152.98215
426 152.93576
427 152.92107
428 150.59215
429 147.72914
430 147.58
431 145.74211
432 143.66074
433 143.17996
434 140.75441
435 138.75418
436 136.84637
437 135.49931
438 128.82085
439 126.77413
440 123.639565
441 122.28644
442 122.05346
443 121.956474
444 118.68159
445 116.97381
446 116.663506
447 112.21531
448 111.91097
449 110.87623
450 110.805954
451 68.38642
452 29.731998
453 120.58158
454 219.0
455 219.0
456 46.423298
457 45.533916
458 192.35248
459 159.18468
460 20.898073
461 0.0
462 219.0
463 111.43646
464 32.482616
465 104.57876
466 29.909973
467 50.916557
468 94.060646
469 162.17924
470 219.0
471 0.0
472 91.15254
473 82.184715
474 206.61182
475 219.0
476 144.0306
477 201.36969
478 146.9409
479 170.4915
480 144.75621
481 0.0
482 19.69634
483 45.229263
484 32.960655
485 26.86345
486 26.78552
487 13.443793
488 190.86383
489 48.475
490 100.90528
491 54.62175
492 114.91693
493 42.882545
494 28.411253
495 140.33379
496 153.3786
497 55.187428
498 0.0
499 39.5529
500 35.632305
501 312.82257
502 235.0
503 235.0
504 219.0
505 219.0
506 219.0
507 219.0
508 219.0
509 219.0
510 219.0
511 219.0
512 219.0
513 219.0
514 219.0
515 219.0
516 219.0
517 219.0
518 213.3105
519 206.61182
520 201.36969
521 193.82436
522 192.35248
523 191.45139
524 190.86383
525 180.61104
526 178.96744
527 170.4915
528 170.3309
529 169.20566
530 168.75742
531 166.35689
532 162.17924
533 161.5258
534 160.55655
535 159.18468
536 156.63371
537 153.3786
538 152.98215
539 152.93576
540 152.92107
541 150.59215
542 147.72914
543 147.58
544 146.9409
545 145.74211
546 144.75621
547 144.0306
548 143.66074
549 143.17996
550 140.75441
551 82.42452
552 53.73024
553 197.77328
554 61.166733
555 191.39638
556 198.18071
557 42.45876
558 315.0
559 30.015852
560 30.866
561 172.78899
562 111.85186
563 19.51965
564 17.597942
565 194.79543
566 26.726345
567 207.69725
568 207.74022
569 143.82268
570 190.59038
571 219.0
572 155.01183
573 147.65979
574 36.064484
575 196.3318
576 111.61562
577 166.24854
578 219.0
579 38.05144
580 0.0
581 43.23229
582 119.76167
583 219.0
584 46.489754
585 160.75015
586 165.35562
587 45.229263
588 98.504036
589 74.31562
590 87.6169
591 44.943123
592 172.26683
593 62.5385
594 21.162472
595 31.301266
596 0.0
597 287.69888
598 66.03753
599 38.45076
600 159.17816
601 315.0
602 312.82257
603 287.69888
604 235.0
605 235.0
606 219.0
607 219.0
608 219.0
609 219.0
610 219.0
611 219.0
612 219.0
613 219.0
614 219.0
615 219.0
616 219.0
617 219.0
618 219.0
619 219.0
620 219.0
621 219.0
622 219.0
623 213.3105
624 207.74022
625 207.69725
626 206.61182
627 201.36969
628 198.18071
629 197.77328
630 196.3318
631 194.79543
632 193.82436
633 192.35248
634 191.45139
635 191.39638
636 190.86383
637 190.59038
638 180.61104
639 178.96744
640 172.78899
641 172.26683
642 170.4915
643 170.3309
644 169.20566
645 168.75742
646 166.35689
647 166.24854
648 165.35562
649 162.17924
650 161.5258
651 112.869865
652 106.1122
653 114.584305
654 29.223846
655 42.832672
656 172.20094
657 19.416044
658 48.554924
659 0.0
660 31.986277
661 185.88708
662 12.781583
663 219.0
664 191.34695
665 76.46948
666 75.678406
667 74.08838
668 28.735456
669 157.3294
670 52.210083
671 3.7459812
672 30.577766
673 114.13278
674 76.750786
675 101.609375
676 65.79842
677 70.13025
678 65.18404
679 64.35332
680 184.6734
681 183.08896
682 30.266762
683 235.0
684 105.27517
685 172.57622
686 118.79676
687 105.2917
688 64.31159
689 112.18944
690 32.210384
691 166.84776
692 19.951292
693 195.11368
694 57.56794
695 235.0
696 160.75441
697 187.89586
698 120.09381
699 150.0209
700 141.38469
701 315.0
702 312.82257
703 287.69888
704 235.0
705 235.0
706 235.0
707 235.0
708 219.0
709 219.0
710 219.0
711 219.0
712 219.0
713 219.0
714 219.0
715 219.0
716 219.0
717 219.0
718 219.0
719 219.0
720 219.0
721 219.0
722 219.0
723 219.0
724 219.0
725 219.0
726 213.3105
727 207.74022
728 207.69725
729 206.61182
730 201.36969
731 198.18071
732 197.77328
733 196.3318
734 195.11368
735 194.79543
736 193.82436
737 192.35248
738 191.45139
739 191.39638
740 191.34695
741 190.86383
742 190.59038
743 187.89586
744 185.88708
745 184.6734
746 183.08896
747 180.61104
748 178.96744
749 172.78899
750 172.57622
751 146.2282
752 144.9278
753 219.0
754 0.0
755 219.0
756 207.33525
757 219.0
758 207.81998
759 111.78717
760 100.83901
761 213.36853
762 44.84397
763 30.87189
764 160.65373
765 0.0
766 184.01062
767 62.461044
768 42.91882
769 42.49189
770 219.0
771 176.30202
772 150.84576
773 203.20515
774 219.50258
775 116.17875
776 43.926525
777 276.0
778 23.931282
779 134.62134
780 47.017864
781 0.0
782 129.05673
783 180.61002
784 219.0
785 0.0
786 65.700745
787 272.67444
788 181.39536
789 171.9084
790 179.1311
791 23.829155
792 53.99546
793 169.51756
794 38.66691
795 76.386635
796 131.5113
797 28.611721
798 21.59836
799 31.090351
800 158.3638
801 315.0
802 312.82257
803 287.69888
804 276.0
805 272.67444
806 235.0
807 235.0
808 235.0
809 235.0
810 219.50258
811 219.0
812 219.0
813 219.0
814 219.0
815 219.0
816 219.0
817 219.0
818 219.0
819 219.0
820 219.0
821 219.0
822 219.0
823 219.0
824 219.0
825 219.0
826 219.0
827 219.0
828 219.0
829 219.0
830 219.0
831 219.0
832 219.0
833 219.0
834 213.36853
835 213.3105
836 207.81998
837 207.74022
838 207.69725
839 207.33525
840 206.61182
841 203.20515
842 201.36969
843 198.18071
844 197.77328
845 196.3318
846 195.11368
847 194.79543
848 193.82436
849 192.35248
850 191.45139
851 235.0
852 87.81106
853 125.04612
854 144.51122
855 235.0
856 95.34427
857 217.47577
858 219.0
859 80.3796
860 0.0
861 218.97632
862 0.0
863 42.790657
864 160.87706
865 190.98894
866 191.38751
867 23.479048
868 72.36802
869 192.99861
870 16.198376
871 218.84758
872 72.16965
873 129.91115
874 219.0
875 0.0
876 42.34332
877 47.195023
878 158.41907
879 127.253296
880 35.336
881 68.38853
882 155.26016
883 18.606253
884 186.07785
885 66.0782
886 151.7981
887 143.62198
888 0.0
889 94.62977
890 63.912956
891 219.0
892 55.029316
893 87.37124
894 183.5396
895 162.35138
896 219.0
897 35.120197
898 183.73682
899 224.53412
900 187.93065
901 315.0
902 312.82257
903 287.69888
904 276.0
905 272.67444
906 235.0
907 235.0
908 235.0
909 235.0
910 235.0
911 235.0
912 224.53412
913 219.50258
914 219.0
915 219.0
916 219.0
917 219.0
918 219.0
919 219.0
920 219.0
921 219.0
922 219.0
923 219.0
924 219.0
925 219.0
926 219.0
927 219.0
928 219.0
929 219.0
930 219.0
931 219.0
932 219.0
933 219.0
934 219.0
935 219.0
936 219.0
937 219.0
938 219.0
939 219.0
940 219.0
941 218.97632
942 218.84758
943 217.47577
944 213.36853
945 213.3105
946 207.81998
947 207.74022
948 207.69725
949 207.33525
950 206.61182
951 186.97986
952 36.96692
953 61.041924
954 153.10603
955 40.087498
956 235.0
957 58.27303
958 66.0336
959 235.0
960 219.0
961 167.83344
962 228.23268
963 10.168865
964 216.74385
965 219.0
966 219.0
967 14.714138
968 172.17311
969 235.0
970 151.48633
971 205.60527
972 219.0
973 219.0
974 213.30595
975 93.98143
976 179.00357
977 37.828766
978 21.068003
979 57.90944
980 219.0
981 104.838104
982 219.0
983 34.323647
984 33.110443
985 0.0
986 48.064644
987 21.605564
988 220.134
989 156.35825
990 62.752777
991 130.24216
992 211.57132
993 69.67064
994 0.0
995 47.174175
996 180.34416
997 235.0
998 6.169851
999 219.0
1000 0.0
1001 315.0
1002 312.82257
1003 287.69888
1004 276.0
1005 272.67444
1006 235.0
1007 235.0
1008 235.0
1009 235.0
1010 235.0
1011 235.0
1012 235.0
1013 235.0
1014 235.0
1015 235.0
1016 228.23268
1017 224.53412
1018 220.134
1019 219.50258
1020 219.0
1021 219.0
1022 219.0
1023 219.0
1024 219.0
1025 219.0
1026 219.0
1027 219.0
1028 219.0
1029 219.0
1030 219.0
1031 219.0
1032 219.0
1033 219.0
1034 219.0
1035 219.0
1036 219.0
1037 219.0
1038 219.0
1039 219.0
1040 219.0
1041 219.0
1042 219.0
1043 219.0
1044 219.0
1045 219.0
1046 219.0
1047 219.0
1048 219.0
1049 219.0
1050 219.0
1051 158.59161
1052 235.0
1053 117.94767
1054 156.7547
1055 51.115654
1056 0.0
1057 12.950741
1058 219.0
1059 184.81654
1060 108.21852
1061 221.44942
1062 29.075542
1063 207.83076
1064 18.88863
1065 48.387783
1066 118.18763
1067 148.37552
1068 0.0
1069 0.0
1070 219.0
1071 195.38956
1072 112.9283
1073 6.6146307
1074 0.0
1075 88.792435
1076 219.0
1077 159.32307
1078 235.0
1079 0.0
1080 117.25333
1081 171.04536
1082 219.0
1083 219.0
1084 276.0
1085 216.49855
1086 112.11727
1087 19.041838
1088 33.326576
1089 100.18687
1090 0.0
1091 43.238953
1092 36.092655
1093 33.76805
1094 78.081436
1095 146.53192
1096 32.340828
1097 44.775845
1098 235.0
1099 219.0
1100 219.0
1101 315.0
1102 312.82257
1103 287.69888
1104 276.0
1105 276.0
1106 272.67444
1107 235.0
1108 235.0
1109 235.0
1110 235.0
1111 235.0
1112 235.0
1113 235.0
1114 235.0
1115 235.0
1116 235.0
1117 235.0
1118 235.0
1119 235.0
1120 228.23268
1121 224.53412
1122 221.44942
1123 220.134
1124 219.50258
1125 219.0
1126 219.0
1127 219.0
1128 219.0
1129 219.0
1130 219.0
1131 219.0
1132 219.0
1133 219.0
1134 219.0
1135 219.0
1136 219.0
1137 219.0
1138 219.0
1139 219.0
1140 219.0
1141 219.0
1142 219.0
1143 219.0
1144 219.0
1145 219.0
1146 219.0
1147 219.0
1148 219.0
1149 219.0
1150 219.0
1151 219.0
1152 219.0
1153 33.439022
1154 192.01619
1155 151.28781
1156 87.873344
1157 11.199885
1158 219.5564
1159 176.52837
1160 76.756905
1161 27.54918
1162 63.386616
1163 23.173737
1164 185.70258
1165 27.748138
1166 140.25308
1167 220.134
1168 38.70744
1169 31.56819
1170 217.11885
1171 0.0
1172 186.55823
1173 1.2
1174 150.98105
1175 31.04948
1176 148.1228
1177 179.73409
1178 9.26964
1179 114.22956
1180 222.15111
1181 38.67337
1182 23.415173
1183 235.0
1184 0.0
1185 137.01491
1186 93.79047
1187 116.35154
1188 182.03664
1189 2.9831326
1190 25.385366
1191 30.331997
1192 219.0
1193 191.58366
1194 9.618596
1195 219.0
1196 21.03189
1197 46.436108
1198 22.094566
1199 110.54394
1200 219.0
1201 315.0
1202 312.82257
1203 287.69888
1204 276.0
1205 276.0
1206 272.67444
1207 235.0
1208 235.0
1209 235.0
1210 235.0
1211 235.0
1212 235.0
1213 235.0
1214 235.0
1215 235.0
1216 235.0
1217 235.0
1218 235.0
1219 235.0
1220 235.0
1221 228.23268
1222 224.53412
1223 222.15111
1224 221.44942
1225 220.134
1226 220.134
1227 219.5564
1228 219.50258
1229 219.0
1230 219.0
1231 219.0
1232 219.0
1233 219.0
1234 219.0
1235 219.0
1236 219.0
1237 219.0
1238 219.0
1239 219.0
1240 219.0
1241 219.0
1242 219.0
1243 219.0
1244 219.0
1245 219.0
1246 219.0
1247 219.0
1248 219.0
1249 219.0
1250 219.0
1251 176.37749
1252 122.52012
1253 64.65755
1254 236.134
1255 177.32156
1256 212.93625
1257 103.38638
1258 53.198925
1259 219.0
1260 219.0
1261 157.95561
1262 219.0
1263 78.11794
1264 179.2403
1265 235.0
1266 219.0
1267 0.0
1268 74.02694
1269 24.727388
1270 163.96205
1271 0.0
1272 233.866
1273 110.753006
1274 54.641357
1275 34.277626
1276 0.0
1277 219.0
1278 40.340614
1279 137.60481
1280 219.0
1281 29.91548
1282 219.0
1283 219.0
1284 8.922877
1285 167.6544
1286 221.38792
1287 71.36364
1288 180.93582
1289 3.4028633
1290 0.0
1291 219.0
1292 15.8085985
1293 165.74925
1294 0.0
1295 216.31422
1296 163.0402
1297 158.73587
1298 100.79944
1299 45.797066
1300 159.20734
1301 315.0
1302 312.82257
1303 287.69888
1304 276.0
1305 276.0
1306 272.67444
1307 236.134
1308 235.0
1309 235.0
1310 235.0
1311 235.0
1312 235.0
1313 235.0
1314 235.0
1315 235.0
1316 235.0
1317 235.0
1318 235.0
1319 235.0
1320 235.0
1321 235.0
1322 235.0
1323 233.866
1324 228.23268
1325 224.53412
1326 222.15111
1327 221.44942
1328 221.38792
1329 220.134
1330 220.134
1331 219.5564
1332 219.50258
1333 219.0
1334 219.0
1335 219.0
1336 219.0
1337 219.0
1338 219.0
1339 219.0
1340 219.0
1341 219.0
1342 219.0
1343 219.0
1344 219.0
1345 219.0
1346 219.0
1347 219.0
1348 219.0
1349 219.0
1350 219.0
1351 134.12782
1352 219.0
1353 183.35976
1354 176.93355
1355 48.38729
1356 197.37424
1357 219.0
1358 207.87688
1359 235.0
1360 204.81306
1361 0.0
1362 219.0
1363 113.32883
1364 315.0
1365 32.11828
1366 0.0
1367 235.0
1368 142.48103
1369 219.0
1370 115.570015
1371 102.06702
1372 148.85184
1373 96.29142
1374 3.0713205
1375 219.0
1376 212.15604
1377 109.49413
1378 61.610764
1379 0.0
1380 315.0
1381 219.0
1382 64.09372
1383 219.0
1384 6.4845376
1385 164.96976
1386 108.54148
1387 162.34055
1388 72.336
1389 164.60721
1390 219.0
1391 219.0
1392 219.0
1393 142.97458
1394 112.8744
1395 31.712296
1396 219.0
1397 63.96582
1398 114.46305
1399 0.0
1400 15.733786
1401 315.0
1402 315.0
1403 315.0
1404 312.82257
1405 287.69888
1406 276.0
1407 276.0
1408 272.67444
1409 236.134
1410 235.0
1411 235.0
1412 235.0
1413 235.0
1414 235.0
1415 235.0
1416 235.0
1417 235.0
1418 235.0
1419 235.0
1420 235.0
1421 235.0
1422 235.0
1423 235.0
1424 235.0
1425 235.0
1426 235.0
1427 233.866
1428 228.23268
1429 224.53412
1430 222.15111
1431 221.44942
1432 221.38792
1433 220.134
1434 220.134
1435 219.5564
1436 219.50258
1437 219.0
1438 219.0
1439 219.0
1440 219.0
1441 219.0
1442 219.0
1443 219.0
1444 219.0
1445 219.0
1446 219.0
1447 219.0
1448 219.0
1449 219.0
1450 219.0
1451 219.0
1452 149.75974
1453 248.496
1454 150.10678
1455 60.262226
1456 189.6408
1457 219.0
1458 235.0
1459 21.903965
1460 78.9238
1461 151.75984
1462 0.0
1463 191.25702
1464 219.0
1465 219.0
1466 114.98506
1467 202.27199
1468 219.0
1469 219.0
1470 58.33812
1471 169.01132
1472 219.0
1473 58.34498
1474 83.378235
1475 235.0
1476 185.38191
1477 123.10076
1478 96.5734
1479 99.58047
1480 126.86349
1481 207.42809
1482 188.94002
1483 219.0
1484 150.04385
1485 189.27718
1486 88.278015
1487 219.0
1488 167.0734
1489 30.631
1490 154.04239
1491 219.0
1492 65.6769
1493 219.0
1494 88.851524
1495 193.75923
1496 211.65457
1497 235.0
1498 26.519367
1499 175.11234
1500 235.0
1501 315.0
1502 315.0
1503 315.0
1504 312.82257
1505 287.69888
1506 276.0
1507 276.0
1508 272.67444
1509 248.496
1510 236.134
1511 235.0
1512 235.0
1513 235.0
1514 235.0
1515 235.0
1516 235.0
1517 235.0
1518 235.0
1519 235.0
1520 235.0
1521 235.0
1522 235.0
1523 235.0
1524 235.0
1525 235.0
1526 235.0
1527 235.0
1528 235.0
1529 235.0
1530 235.0
1531 235.0
1532 233.866
1533 228.23268
1534 224.53412
1535 222.15111
1536 221.44942
1537 221.38792
1538 220.134
1539 220.134
1540 219.5564
1541 219.50258
1542 219.0
1543 219.0
1544 219.0
1545 219.0
1546 219.0
1547 219.0
1548 219.0
1549 219.0
1550 219.0
1551 207.5971
1552 141.70793
1553 219.0
1554 65.87942
1555 181.63202
1556 205.77998
1557 54.988728
1558 40.536503
1559 111.680824
1560 219.0
1561 219.0
1562 219.0
1563 235.0
1564 78.06601
1565 191.21681
1566 0.0
1567 219.0
1568 147.20438
1569 142.31956
1570 219.0
1571 219.0
1572 219.0
1573 237.268
1574 25.308292
1575 13.953345
1576 219.0
1577 219.0
1578 70.67471
1579 219.0
1580 136.94736
1581 219.0
1582 146.29356
1583 0.0
1584 17.595312
1585 46.71853
1586 126.15887
1587 210.83609
1588 235.0
1589 14.397527
1590 219.0
1591 8.340918
1592 219.0
1593 159.64742
1594 219.0
1595 220.134
1596 235.0
1597 123.058136
1598 145.10623
1599 46.996174
1600 0.0
1601 315.0
1602 315.0
1603 315.0
1604 312.82257
1605 287.69888
1606 276.0
1607 276.0
1608 272.67444
1609 248.496
1610 237.268
1611 236.134
1612 235.0
1613 235.0
1614 235.0
1615 235.0
1616 235.0
1617 235.0
1618 235.0
1619 235.0
1620 235.0
1621 235.0
1622 235.0
1623 235.0
1624 235.0
1625 235.0
1626 235.0
1627 235.0
1628 235.0
1629 235.0
1630 235.0
1631 235.0
1632 235.0
1633 235.0
1634 235.0
1635 235.0
1636 233.866
1637 228.23268
1638 224.53412
1639 222.15111
1640 221.44942
1641 221.38792
1642 220.134
1643 220.134
1644 220.134
1645 219.5564
1646 219.50258
1647 219.0
1648 219.0
1649 219.0
1650 219.0
1651 219.0
1652 196.66428
1653 156.03563
1654 44.47549
1655 63.582138
1656 3.724769
1657 68.33303
1658 212.86626
1659 207.0126
1660 127.58313
1661 219.0
1662 10.0738
1663 219.0
1664 92.01318
1665 17.026808
1666 176.76736
1667 121.650085
1668 174.04053
1669 14.4803705
1670 0.0
1671 60.32889
1672 219.0
1673 13.682365
1674 121.65623
1675 219.0
1676 109.51813
1677 219.0
1678 169.8421
1679 235.0
1680 77.81753
1681 41.272762
1682 219.0
1683 97.619415
1684 0.0
1685 10.671233
1686 170.39893
1687 197.39256
1688 211.02785
1689 95.47848
1690 40.411118
1691 180.53647
1692 154.86086
1693 235.0
1694 17.430073
1695 219.0
1696 124.880196
1697 9.251316
1698 220.134
1699 206.51453
1700 52.962463
1701 315.0
1702 315.0
1703 315.0
1704 312.82257
1705 287.69888
1706 276.0
1707 276.0
1708 272.67444
1709 248.496
1710 237.268
1711 236.134
1712 235.0
1713 235.0
1714 235.0
1715 235.0
1716 235.0
1717 235.0
1718 235.0
1719 235.0
1720 235.0
1721 235.0
1722 235.0
1723 235.0
1724 235.0
1725 235.0
1726 235.0
1727 235.0
1728 235.0
1729 235.0
1730 235.0
1731 235.0
1732 235.0
1733 235.0
1734 235.0
1735 235.0
1736 235.0
1737 235.0
1738 233.866
1739 228.23268
1740 224.53412
1741 222.15111
1742 221.44942
1743 221.38792
1744 220.134
1745 220.134
1746 220.134
1747 220.134
1748 219.5564
1749 219.50258
1750 219.0
1751 54.09328
1752 268.46384
1753 219.0
1754 163.89944
1755 161.74242
1756 61.830467
1757 75.43961
1758 202.88045
1759 32.921516
1760 219.0
1761 7.984826
1762 42.601112
1763 47.46158
1764 11.637316
1765 21.416157
1766 139.57373
1767 219.0
1768 23.289497
1769 101.25555
1770 219.0
1771 76.86323
1772 235.0
1773 235.0
1774 219.0
1775 218.5468
1776 39.625774
1777 219.0
1778 117.966415
1779 28.658419
1780 18.03731
1781 120.59198
1782 152.18858
1783 228.94882
1784 219.0
1785 119.1554
1786 235.0
1787 77.7021
1788 182.56686
1789 59.258286
1790 228.41534
1791 16.265932
1792 219.0
1793 219.0
1794 219.0
1795 26.735516
1796 0.0
1797 219.0
1798 219.0
1799 0.0
1800 218.82205
1801 315.0
1802 315.0
1803 315.0
1804 312.82257
1805 287.69888
1806 276.0
1807 276.0
1808 272.67444
1809 268.46384
1810 248.496
1811 237.268
1812 236.134
1813 235.0
1814 235.0
1815 235.0
1816 235.0
1817 235.0
1818 235.0
1819 235.0
1820 235.0
1821 235.0
1822 235.0
1823 235.0
1824 235.0
1825 235.0
1826 235.0
1827 235.0
1828 235.0
1829 235.0
1830 235.0
1831 235.0
1832 235.0
1833 235.0
1834 235.0
1835 235.0
1836 235.0
1837 235.0
1838 235.0
1839 235.0
1840 235.0
1841 235.0
1842 233.866
1843 228.94882
1844 228.41534
1845 228.23268
1846 224.53412
1847 222.15111
1848 221.44942
1849 221.38792
1850 220.134
1851 158.74245
1852 219.0
1853 179.29408
1854 170.42772
1855 219.0
1856 25.09809
1857 116.13041
1858 219.0
1859 343.2206
1860 219.0
1861 213.45615
1862 14.450727
1863 235.0
1864 219.0
1865 92.01606
1866 23.09891
1867 235.0
1868 32.413734
1869 169.4948
1870 219.0
1871 235.0
1872 177.77348
1873 91.566315
1874 235.0
1875 117.910706
1876 188.79622
1877 219.0
1878 282.89844
1879 34.452282
1880 81.37239
1881 219.0
1882 91.96831
1883 0.0
1884 219.0
1885 219.0
1886 125.93283
1887 175.02046
1888 194.46638
1889 143.29642
1890 24.113869
1891 29.125048
1892 162.16441
1893 41.88103
1894 235.0
1895 153.13126
1896 37.48063
1897 123.738815
1898 6.6146307
1899 214.80037
1900 235.0
1901 343.2206
1902 315.0
1903 315.0
1904 315.0
1905 312.82257
1906 287.69888
1907 282.89844
1908 276.0
1909 276.0
1910 272.67444
1911 268.46384
1912 248.496
1913 237.268
1914 236.134
1915 235.0
1916 235.0
1917 235.0
1918 235.0
1919 235.0
1920 235.0
1921 235.0
1922 235.0
1923 235.0
1924 235.0
1925 235.0
1926 235.0
1927 235.0
1928 235.0
1929 235.0
1930 235.0
1931 235.0
1932 235.0
1933 235.0
1934 235.0
1935 235.0
1936 235.0
1937 235.0
1938 235.0
1939 235.0
1940 235.0
1941 235.0
1942 235.0
1943 235.0
1944 235.0
1945 235.0
1946 235.0
1947 235.0
1948 235.0
1949 235.0
1950 233.866
1951 143.71153
1952 123.55157
1953 499.81583
1954 142.90184
1955 220.134
1956 53.93773
1957 12.875523
1958 135.73619
1959 315.0
1960 142.92366
1961 220.134
1962 219.0
1963 192.1389
1964 219.0
1965 235.0
1966 71.37801
1967 212.35501
1968 97.21149
1969 235.0
1970 95.37994
1971 219.0
1972 220.134
1973 219.0
1974 235.0
1975 219.0
1976 16.562462
1977 235.0
1978 219.0
1979 236.134
1980 140.23865
1981 220.134
1982 69.277145
1983 143.72409
1984 219.0
1985 235.0
1986 0.0
1987 116.50794
1988 93.125854
1989 249.65135
1990 217.90074
1991 60.27655
1992 27.964317
1993 219.0
1994 219.0
1995 143.06958
1996 225.7384
1997 219.0
1998 86.3414
1999 45.124657
2000 65.44015
2001 499.81583
2002 499.81583
2003 343.2206
2004 315.0
2005 315.0
2006 315.0
2007 315.0
2008 312.82257
2009 287.69888
2010 282.89844
2011 276.0
2012 276.0
2013 272.67444
2014 268.46384
2015 249.65135
2016 248.496
2017 237.268
2018 236.134
2019 236.134
2020 235.0
2021 235.0
2022 235.0
2023 235.0
2024 235.0
2025 235.0
2026 235.0
2027 235.0
2028 235.0
2029 235.0
2030 235.0
2031 235.0
2032 235.0
2033 235.0
2034 235.0
2035 235.0
2036 235.0
2037 235.0
2038 235.0
2039 235.0
2040 235.0
2041 235.0
2042 235.0
2043 235.0
2044 235.0
2045 235.0
2046 235.0
2047 235.0
2048 235.0
2049 235.0
2050 235.0
2051 235.0
2052 63.652935
2053 235.0
2054 179.17639
2055 146.29657
2056 235.0
2057 186.38669
2058 169.74023
2059 57.433445
2060 32.657402
2061 130.14612
2062 154.76918
2063 0.0
2064 219.0
2065 101.92991
2066 219.0
2067 193.89551
2068 29.377869
2069 156.86938
2070 235.0
2071 219.0
2072 219.0
2073 0.0
2074 126.06178
2075 219.0
2076 109.58758
2077 166.64438
2078 194.34076
2079 131.28708
2080 219.0
2081 235.0
2082 14.346218
2083 60.234787
2084 88.24057
2085 128.26195
2086 219.0
2087 30.419996
2088 219.0
2089 128.67708
2090 219.0
2091 192.03967
2092 219.0
2093 236.134
2094 6.6146307
2095 219.0
2096 101.71658
2097 58.521996
2098 235.0
2099 9.7376795
2100 211.85484
2101 219.0
2102 499.81583
2103 343.2206
2104 315.0
2105 315.0
2106 315.0
2107 315.0
2108 312.82257
2109 287.69888
2110 282.89844
2111 276.0
2112 276.0
2113 272.67444
2114 268.46384
2115 249.65135
2116 248.496
2117 237.268
2118 236.134
2119 236.134
2120 236.134
2121 235.0
2122 235.0
2123 235.0
2124 235.0
2125 235.0
2126 235.0
2127 235.0
2128 235.0
2129 235.0
2130 235.0
2131 235.0
2132 235.0
2133 235.0
2134 235.0
2135 235.0
2136 235.0
2137 235.0
2138 235.0
2139 235.0
2140 235.0
2141 235.0
2142 235.0
2143 235.0
2144 235.0
2145 235.0
2146 235.0
2147 235.0
2148 235.0
2149 235.0
2150 235.0
2151 235.0
2152 219.0
2153 315.0
2154 219.0
2155 249.3039
2156 40.157887
2157 0.0
2158 27.456917
2159 9.512851
2160 26.176626
2161 235.0
2162 6.6146307
2163 177.65001
2164 166.5796
2165 219.0
2166 219.0
2167 117.31804
2168 235.0
2169 235.0
2170 235.0
2171 219.0
2172 78.02378
2173 133.61273
2174 219.0
2175 114.921814
2176 219.0
2177 235.0
2178 220.134
2179 84.61657
2180 235.0
2181 201.39362
2182 235.0
2183 219.0
2184 29.131998
2185 202.44553
2186 105.70736
2187 162.13158
2188 50.23075
2189 124.70157
2190 197.77066
2191 78.217636
2192 219.88432
2193 55.166065
2194 46.359123
2195 128.63557
2196 175.0537
2197 219.0
2198 219.0
2199 205.55424
2200 98.67624
2201 201.98148
2202 499.81583
2203 343.2206
2204 315.0
2205 315.0
2206 315.0
2207 315.0
2208 315.0
2209 312.82257
2210 287.69888
2211 282.89844
2212 276.0
2213 276.0
2214 272.67444
2215 268.46384
2216 249.65135
2217 249.3039
2218 248.496
2219 237.268
2220 236.134
2221 236.134
2222 236.134
2223 235.0
2224 235.0
2225 235.0
2226 235.0
2227 235.0
2228 235.0
2229 235.0
2230 235.0
2231 235.0
2232 235.0
2233 235.0
2234 235.0
2235 235.0
2236 235.0
2237 235.0
2238 235.0
2239 235.0
2240 235.0
2241 235.0
2242 235.0
2243 235.0
2244 235.0
2245 235.0
2246 235.0
2247 235.0
2248 235.0
2249 235.0
2250 235.0
2251 235.0
2252 15.539419
2253 157.00633
2254 25.16409
2255 24.421127
2256 219.0
2257 235.0
2258 142.1948
2259 56.480534
2260 177.86572
2261 216.1429
2262 235.0
2263 0.0
2264 190.37831
2265 137.35722
2266 191.74757
2267 201.63542
2268 64.59744
2269 103.96692
2270 19.417599
2271 235.0
2272 199.81665
2273 235.0
2274 219.0
2275 44.471966
2276 52.407543
2277 215.1808
2278 144.259
2279 206.93056
2280 219.0
2281 138.31783
2282 1.5222577
2283 215.46065
2284 28.536072
2285 106.91015
2286 108.94973
2287 381.58762
2288 137.96982
2289 316.134
2290 219.0
2291 171.9756
2292 175.26181
2293 13.050929
2294 178.86513
2295 219.0
2296 164.28862
2297 235.0
2298 177.65411
2299 219.0
2300 0.0
2301 133.62868
2302 499.81583
2303 381.58762
2304 343.2206
2305 316.134
2306 315.0
2307 315.0
2308 315.0
2309 315.0
2310 315.0
2311 312.82257
2312 287.69888
2313 282.89844
2314 276.0
2315 276.0
2316 272.67444
2317 268.46384
2318 249.65135
2319 249.3039
2320 248.496
2321 237.268
2322 236.134
2323 236.134
2324 236.134
2325 235.0
2326 235.0
2327 235.0
2328 235.0
2329 235.0
2330 235.0
2331 235.0
2332 235.0
2333 235.0
2334 235.0
2335 235.0
2336 235.0
2337 235.0
2338 235.0
2339 235.0
2340 235.0
2341 235.0
2342 235.0
2343 235.0
2344 235.0
2345 235.0
2346 235.0
2347 235.0
2348 235.0
2349 235.0
2350 235.0
2351 235.0
2352 25.159666
2353 219.0
2354 315.0
2355 235.0
2356 219.0
2357 219.0
2358 11.0723295
2359 18.390402
2360 235.0
2361 235.0
2362 51.882816
2363 219.0
2364 112.03295
2365 0.0
2366 219.0
2367 219.0
2368 150.38132
2369 138.8413
2370 212.38538
2371 88.16757
2372 31.27842
2373 219.0
2374 235.0
2375 290.23416
2376 157.79793
2377 96.84504
2378 235.0
2379 175.56894
2380 235.0
2381 272.95593
2382 235.0
2383 191.47444
2384 219.0
2385 235.0
2386 76.960075
2387 220.134
2388 19.330153
2389 219.0
2390 153.72803
2391 7.994978
2392 233.866
2393 219.0
2394 465.2939
2395 111.56961
2396 168.0906
2397 219.0
2398 44.588955
2399 210.95059
2400 235.0
2401 63.937286
2402 499.81583
2403 465.2939
2404 381.58762
2405 343.2206
2406 316.134
2407 315.0
2408 315.0
2409 315.0
2410 315.0
2411 315.0
2412 315.0
2413 312.82257
2414 290.23416
2415 287.69888
2416 282.89844
2417 276.0
2418 276.0
2419 272.95593
2420 272.67444
2421 268.46384
2422 249.65135
2423 249.3039
2424 248.496
2425 237.268
2426 236.134
2427 236.134
2428 236.134
2429 235.0
2430 235.0
2431 235.0
2432 235.0
2433 235.0
2434 235.0
2435 235.0
2436 235.0
2437 235.0
2438 235.0
2439 235.0
2440 235.0
2441 235.0
2442 235.0
2443 235.0
2444 235.0
2445 235.0
2446 235.0
2447 235.0
2448 235.0
2449 235.0
2450 235.0
2451 235.0
2452 219.0
2453 118.47374
2454 235.0
2455 235.0
2456 235.0
2457 120.541855
2458 235.0
2459 47.506786
2460 184.20123
2461 21.695133
2462 219.0
2463 119.33769
2464 219.0
2465 125.599174
2466 235.0
2467 235.0
2468 17.679316
2469 26.164108
2470 125.712204
2471 168.56699
2472 125.74862
2473 219.0
2474 203.66586
2475 166.98036
2476 121.236084
2477 219.0
2478 219.0
2479 235.0
2480 0.0
2481 219.0
2482 12.972546
2483 235.0
2484 27.431133
2485 145.15717
2486 0.0
2487 235.0
2488 219.0
2489 217.87169
2490 235.0
2491 219.0
2492 235.0
2493 124.05459
2494 21.210869
2495 124.085846
2496 0.0
2497 235.0
2498 0.0
2499 27.780926
2500 219.0
2501 315.0
2502 499.81583
2503 465.2939
2504 381.58762
2505 343.2206
2506 316.134
2507 315.0
2508 315.0
2509 315.0
2510 315.0
2511 315.0
2512 315.0
2513 315.0
2514 312.82257
2515 290.23416
2516 287.69888
2517 282.89844
2518 276.0
2519 276.0
2520 272.95593
2521 272.67444
2522 268.46384
2523 249.65135
2524 249.3039
2525 248.496
2526 237.268
2527 236.134
2528 236.134
2529 236.134
2530 235.0
2531 235.0
2532 235.0
2533 235.0
2534 235.0
2535 235.0
2536 235.0
2537 235.0
2538 235.0
2539 235.0
2540 235.0
2541 235.0
2542 235.0
2543 235.0
2544 235.0
2545 235.0
2546 235.0
2547 235.0
2548 235.0
2549 235.0
2550 235.0
2551 235.0
2552 0.0
2553 219.0
2554 143.42744
2555 236.134
2556 219.0
2557 244.35693
2558 219.0
2559 141.40062
2560 165.40045
2561 301.1434
2562 10.08989
2563 28.784742
2564 203.34665
2565 219.0
2566 71.60145
2567 31.063665
2568 9.069191
2569 189.98743
2570 235.0
2571 227.01514
2572 219.0
2573 59.406975
2574 138.02136
2575 209.09355
2576 507.0
2577 235.0
2578 219.0
2579 166.02248
2580 128.24875
2581 55.07716
2582 61.60928
2583 37.61508
2584 219.0
2585 36.468407
2586 176.05646
2587 219.0
2588 219.68263
2589 28.974346
2590 108.428185
2591 165.22954
2592 121.27279
2593 219.0
2594 114.78011
2595 144.97415
2596 235.0
2597 38.254135
2598 219.0
2599 79.60729
2600 60.42321
2601 219.0
2602 507.0
2603 507.0
2604 499.81583
2605 465.2939
2606 381.58762
2607 343.2206
2608 316.134
2609 315.0
2610 315.0
2611 315.0
2612 315.0
2613 315.0
2614 315.0
2615 315.0
2616 312.82257
2617 301.1434
2618 290.23416
2619 287.69888
2620 282.89844
2621 276.0
2622 276.0
2623 272.95593
2624 272.67444
2625 268.46384
2626 249.65135
2627 249.3039
2628 248.496
2629 244.35693
2630 237.268
2631 236.134
2632 236.134
2633 236.134
2634 236.134
2635 235.0
2636 235.0
2637 235.0
2638 235.0
2639 235.0
2640 235.0
2641 235.0
2642 235.0
2643 235.0
2644 235.0
2645 235.0
2646 235.0
2647 235.0
2648 235.0
2649 235.0
2650 235.0
2651 235.0
2652 235.0
2653 213.53671
2654 219.0
2655 153.59128
2656 116.2461
2657 315.0
2658 174.68094
2659 235.0
2660 219.0
2661 219.0
2662 131.08815
2663 174.56836
2664 157.86292
2665 3.5334148
2666 101.066185
2667 304.11798
2668 219.0
2669 61.13913
2670 47.148857
2671 235.0
2672 0.0
2673 43.01676
2674 235.0
2675 220.134
2676 213.21645
2677 78.29594
2678 109.47515
2679 220.134
2680 235.0
2681 216.96883
2682 55.77081
2683 217.866
2684 219.0
2685 141.43791
2686 190.73509
2687 181.73654
2688 219.0
2689 235.0
2690 219.0
2691 236.134
2692 0.0
2693 207.42633
2694 235.0
2695 44.208786
2696 32.921127
2697 154.72244
2698 235.0
2699 235.0
2700 134.33582
2701 219.0
2702 19.424559
2703 507.0
2704 499.81583
2705 465.2939
2706 381.58762
2707 343.2206
2708 316.134
2709 315.0
2710 315.0
2711 315.0
2712 315.0
2713 315.0
2714 315.0
2715 315.0
2716 315.0
2717 312.82257
2718 304.11798
2719 301.1434
2720 290.23416
2721 287.69888
2722 282.89844
2723 276.0
2724 276.0
2725 272.95593
2726 272.67444
2727 268.46384
2728 249.65135
2729 249.3039
2730 248.496
2731 244.35693
2732 237.268
2733 236.134
2734 236.134
2735 236.134
2736 236.134
2737 236.134
2738 235.0
2739 235.0
2740 235.0
2741 235.0
2742 235.0
2743 235.0
2744 235.0
2745 235.0
2746 235.0
2747 235.0
2748 235.0
2749 235.0
2750 235.0
2751 235.0
2752 235.0
2753 162.47466
2754 226.9577
2755 113.73327
2756 219.0
2757 144.64717
2758 206.49518
2759 73.68292
2760 168.93747
2761 207.04936
2762 138.43108
2763 65.59581
2764 219.0
2765 381.65607
2766 315.0
2767 76.94244
2768 324.978
2769 239.1159
2770 235.0
2771 143.15169
2772 28.78052
2773 62.83584
2774 185.65181
2775 219.0
2776 181.60909
2777 189.9408
2778 179.81757
2779 200.76212
2780 219.0
2781 316.134
2782 24.906986
2783 174.92117
2784 235.0
2785 235.0
2786 154.84566
2787 279.52548
2788 219.0
2789 219.0
2790 153.54391
2791 179.57037
2792 44.21963
2793 219.0
2794 219.0
2795 186.3061
2796 235.0
2797 137.47217
2798 135.33524
2799 219.0
2800 184.42398
2801 315.0
2802 58.100246
2803 507.0
2804 499.81583
2805 465.2939
2806 381.65607
2807 381.58762
2808 343.2206
2809 324.978
2810 316.134
2811 316.134
2812 315.0
2813 315.0
2814 315.0
2815 315.0
2816 315.0
2817 315.0
2818 315.0
2819 315.0
2820 315.0
2821 315.0
2822 312.82257
2823 304.11798
2824 301.1434
2825 290.23416
2826 287.69888
2827 282.89844
2828 279.52548
2829 276.0
2830 276.0
2831 272.95593
2832 272.67444
2833 268.46384
2834 249.65135
2835 249.3039
2836 248.496
2837 244.35693
2838 239.1159
2839 237.268
2840 236.134
2841 236.134
2842 236.134
2843 236.134
2844 236.134
2845 235.0
2846 235.0
2847 235.0
2848 235.0
2849 235.0
2850 235.0
2851 235.0
2852 235.0
2853 210.83653
2854 45.59468
2855 219.0
2856 219.0
2857 219.0
2858 235.0
2859 267.21408
2860 235.0
2861 315.0
2862 220.134
2863 182.59055
2864 229.31978
2865 103.008514
2866 217.24919
2867 0.0
2868 219.0
2869 219.0
2870 507.0
2871 189.30188
2872 24.417643
2873 235.0
2874 263.64795
2875 24.611872
2876 46.839615
2877 208.56233
2878 315.0
2879 174.02126
2880 114.79167
2881 235.0
2882 52.61803
2883 273.26135
2884 167.80798
2885 219.0
2886 212.38538
2887 189.16335
2888 9.502511
2889 181.71458
2890 235.0
2891 10.488863
2892 219.0
2893 219.0
2894 235.0
2895 57.993496
2896 128.03087
2897 235.0
2898 235.0
2899 235.0
2900 166.83708
2901 172.45586
2902 219.0
2903 507.0
2904 507.0
2905 499.81583
2906 465.2939
2907 381.65607
2908 381.58762
2909 343.2206
2910 324.978
2911 316.134
2912 316.134
2913 315.0
2914 315.0
2915 315.0
2916 315.0
2917 315.0
2918 315.0
2919 315.0
2920 315.0
2921 315.0
2922 315.0
2923 315.0
2924 315.0
2925 312.82257
2926 304.11798
2927 301.1434
2928 290.23416
2929 287.69888
2930 282.89844
2931 279.52548
2932 276.0
2933 276.0
2934 273.26135
2935 272.95593
2936 272.67444
2937 268.46384
2938 267.21408
2939 263.64795
2940 249.65135
2941 249.3039
2942 248.496
2943 244.35693
2944 239.1159
2945 237.268
2946 236.134
2947 236.134
2948 236.134
2949 236.134
2950 236.134
2951 235.0
2952 235.0
2953 219.0
2954 310.4876
2955 235.0
2956 233.464
2957 263.8867
2958 168.98013
2959 267.83774
2960 220.134
2961 315.0
2962 235.0
2963 220.134
2964 315.0
2965 235.0
2966 263.64795
2967 179.08083
2968 171.16217
2969 219.0
2970 219.0
2971 219.0
2972 24.255997
2973 14.481312
2974 236.134
2975 219.0
2976 11.402925
2977 29.31078
2978 219.0
2979 224.6182
2980 0.0
2981 187.7449
2982 22.988728
2983 158.90434
2984 252.72954
2985 219.0
2986 21.017431
2987 235.0
2988 108.108376
2989 39.489555
2990 564.9785
2991 210.8649
2992 48.701183
2993 235.0
2994 27.274067
2995 235.0
2996 219.0
2997 219.0
2998 315.0
2999 235.0
3000 235.0
3001 235.0
3002 190.23593
3003 564.9785
3004 564.9785
3005 507.0
3006 507.0
3007 499.81583
3008 465.2939
3009 381.65607
3010 381.58762
3011 343.2206
3012 324.978
3013 316.134
3014 316.134
3015 315.0
3016 315.0
3017 315.0
3018 315.0
3019 315.0
3020 315.0
3021 315.0
3022 315.0
3023 315.0
3024 315.0
3025 315.0
3026 315.0
3027 315.0
3028 315.0
3029 315.0
3030 312.82257
3031 310.4876
3032 304.11798
3033 301.1434
3034 290.23416
3035 287.69888
3036 282.89844
3037 279.52548
3038 276.0
3039 276.0
3040 273.26135
3041 272.95593
3042 272.67444
3043 268.46384
3044 267.83774
3045 267.21408
3046 263.8867
3047 263.64795
3048 263.64795
3049 252.72954
3050 249.65135
3051 249.3039
3052 248.496
3053 244.35693
3054 158.71594
3055 219.0
3056 219.0
3057 235.0
3058 219.0
3059 14.114278
3060 236.134
3061 219.0
3062 220.134
3063 219.0
3064 70.02212
3065 219.0
3066 274.5886
3067 35.21948
3068 302.22397
3069 263.63364
3070 63.65469
3071 219.0
3072 71.10538
3073 186.34868
3074 219.0
3075 306.90402
3076 219.0
3077 219.0
3078 92.06801
3079 45.661575
3080 35.11631
3081 219.0
3082 0.0
3083 219.0
3084 149.96657
3085 60.299595
3086 65.25076
3087 116.29391
3088 2.1506114
3089 53.500862
3090 315.0
3091 235.0
3092 231.0903
3093 154.28691
3094 220.134
3095 219.0
3096 236.134
3097 233.866
3098 183.5249
3099 219.0
3100 209.91966
3101 235.0
3102 138.48404
3103 219.0
3104 564.9785
3105 507.0
3106 507.0
3107 499.81583
3108 465.2939
3109 381.65607
3110 381.58762
3111 343.2206
3112 324.978
3113 316.134
3114 316.134
3115 315.0
3116 315.0
3117 315.0
3118 315.0
3119 315.0
3120 315.0
3121 315.0
3122 315.0
3123 315.0
3124 315.0
3125 315.0
3126 315.0
3127 315.0
3128 315.0
3129 315.0
3130 315.0
3131 312.82257
3132 310.4876
3133 306.90402
3134 304.11798
3135 302.22397
3136 301.1434
3137 290.23416
3138 287.69888
3139 282.89844
3140 279.52548
3141 276.0
3142 276.0
3143 274.5886
3144 273.26135
3145 272.95593
3146 272.67444
3147 268.46384
3148 267.83774
3149 267.21408
3150 263.8867
3151 263.64795
3152 263.64795
3153 263.63364
3154 219.0
3155 169.02567
3156 236.134
3157 44.40866
3158 219.0
3159 219.0
3160 120.69655
3161 167.06294
3162 235.0
3163 219.0
3164 186.34729
3165 315.0
3166 90.61415
3167 219.0
3168 220.134
3169 178.28877
3170 11.944474
3171 220.134
3172 219.0
3173 220.134
3174 219.0
3175 219.0
3176 152.86679
3177 180.46465
3178 44.435017
3179 30.621546
3180 160.50298
3181 34.50317
3182 23.620714
3183 186.5992
3184 79.39448
3185 305.49683
3186 219.0
3187 235.0
3188 55.236153
3189 54.480835
3190 316.134
3191 164.03561
3192 235.0
3193 219.0
3194 235.0
3195 235.0
3196 18.954899
3197 149.67703
3198 219.0
3199 219.0
3200 219.0
3201 94.669556
3202 18.233826
3203 219.0
3204 564.9785
3205 507.0
3206 507.0
3207 499.81583
3208 465.2939
3209 381.65607
3210 381.58762
3211 343.2206
3212 324.978
3213 316.134
3214 316.134
3215 316.134
3216 315.0
3217 315.0
3218 315.0
3219 315.0
3220 315.0
3221 315.0
3222 315.0
3223 315.0
3224 315.0
3225 315.0
3226 315.0
3227 315.0
3228 315.0
3229 315.0
3230 315.0
3231 315.0
3232 315.0
3233 312.82257
3234 310.4876
3235 306.90402
3236 305.49683
3237 304.11798
3238 302.22397
3239 301.1434
3240 290.23416
3241 287.69888
3242 282.89844
3243 279.52548
3244 276.0
3245 276.0
3246 274.5886
3247 273.26135
3248 272.95593
3249 272.67444
3250 268.46384
3251 267.83774
3252 267.21408
3253 263.8867
3254 146.68237
3255 219.0
3256 22.086857
3257 34.622356
3258 235.0
3259 16.690289
3260 117.93533
3261 39.40015
3262 235.0
3263 264.56927
3264 50.825794
3265 219.0
3266 219.0
3267 235.0
3268 219.0
3269 219.0
3270 155.80746
3271 19.894667
3272 173.68246
3273 15.003736
3274 254.03319
3275 235.0
3276 194.32962
3277 235.0
3278 218.82976
3279 219.0
3280 189.26039
3281 219.0
3282 177.02368
3283 43.924656
3284 154.7749
3285 45.577374
3286 219.0
3287 219.0
3288 219.0
3289 219.0
3290 17.244324
3291 55.012566
3292 190.4403
3293 6.312933
3294 191.05556
3295 47.833492
3296 315.0
3297 316.134
3298 26.155128
3299 235.0
3300 219.0
3301 219.0
3302 61.149624
3303 219.0
3304 564.9785
3305 507.0
3306 507.0
3307 499.81583
3308 465.2939
3309 381.65607
3310 381.58762
3311 343.2206
3312 324.978
3313 316.134
3314 316.134
3315 316.134
3316 316.134
3317 315.0
3318 315.0
3319 315.0
3320 315.0
3321 315.0
3322 315.0
3323 315.0
3324 315.0
3325 315.0
3326 315.0
3327 315.0
3328 315.0
3329 315.0
3330 315.0
3331 315.0
3332 315.0
3333 315.0
3334 315.0
3335 312.82257
3336 310.4876
3337 306.90402
3338 305.49683
3339 304.11798
3340 302.22397
3341 301.1434
3342 290.23416
3343 287.69888
3344 282.89844
3345 279.52548
3346 276.0
3347 276.0
3348 274.5886
3349 273.26135
3350 272.95593
3351 272.67444
3352 268.46384
3353 267.83774
3354 105.4396
3355 11.25216
3356 190.13202
3357 235.0
3358 219.0
3359 219.0
3360 120.336624
3361 219.0
3362 235.0
3363 23.880714
3364 272.2201
3365 235.0
3366 220.134
3367 315.0
3368 315.0
3369 235.0
3370 235.0
3371 235.0
3372 235.0
3373 191.5396
3374 219.0
3375 219.0
3376 236.134
3377 219.0
3378 53.732635
3379 173.73978
3380 206.55728
3381 219.0
3382 121.55694
3383 188.9113
3384 176.15111
3385 50.39405
3386 158.61647
3387 220.134
3388 275.47205
3389 315.0
3390 219.0
3391 269.2951
3392 232.6868
3393 171.12129
3394 120.25625
3395 171.44539
3396 2.07413
3397 206.4894
3398 18.482193
3399 220.134
3400 0.0
3401 61.137657
3402 235.0
3403 220.134
3404 564.9785
3405 507.0
3406 507.0
3407 499.81583
3408 465.2939
3409 381.65607
3410 381.58762
3411 343.2206
3412 324.978
3413 316.134
3414 316.134
3415 316.134
3416 316.134
3417 315.0
3418 315.0
3419 315.0
3420 315.0
3421 315.0
3422 315.0
3423 315.0
3424 315.0
3425 315.0
3426 315.0
3427 315.0
3428 315.0
3429 315.0
3430 315.0
3431 315.0
3432 315.0
3433 315.0
3434 315.0
3435 315.0
3436 315.0
3437 315.0
3438 312.82257
3439 310.4876
3440 306.90402
3441 305.49683
3442 304.11798
3443 302.22397
3444 301.1434
3445 290.23416
3446 287.69888
3447 282.89844
3448 279.52548
3449 276.0
3450 276.0
3451 275.47205
3452 274.5886
3453 273.26135
3454 253.75082
3455 315.0
3456 219.0
3457 219.0
3458 235.0
3459 219.0
3460 219.0
3461 7.036724
3462 258.50677
3463 219.0
3464 178.17285
3465 219.0
3466 236.134
3467 190.66214
3468 315.0
3469 145.77707
3470 8.820436
3471 180.21732
3472 219.0
3473 235.0
3474 219.0
3475 34.62395
3476 219.0
3477 219.0
3478 219.0
3479 220.134
3480 219.0
3481 235.0
3482 9.261091
3483 219.0
3484 315.0
3485 235.0
3486 219.0
3487 507.0
3488 60.61155
3489 12.3036585
3490 40.34863
3491 235.0
3492 251.33673
3493 219.0
3494 220.134
3495 235.0
3496 93.20907
3497 85.34388
3498 157.54863
3499 38.503044
3500 219.0
3501 315.0
3502 128.274
3503 235.0
3504 564.9785
3505 507.0
3506 507.0
3507 507.0
3508 499.81583
3509 465.2939
3510 381.65607
3511 381.58762
3512 343.2206
3513 324.978
3514 316.134
3515 316.134
3516 316.134
3517 316.134
3518 315.0
3519 315.0
3520 315.0
3521 315.0
3522 315.0
3523 315.0
3524 315.0
3525 315.0
3526 315.0
3527 315.0
3528 315.0
3529 315.0
3530 315.0
3531 315.0
3532 315.0
3533 315.0
3534 315.0
3535 315.0
3536 315.0
3537 315.0
3538 315.0
3539 315.0
3540 315.0
3541 315.0
3542 315.0
3543 312.82257
3544 310.4876
3545 306.90402
3546 305.49683
3547 304.11798
3548 302.22397
3549 301.1434
3550 290.23416
3551 287.69888
3552 282.89844
3553 279.52548
3554 86.22807
3555 131.38724
3556 219.0
3557 220.134
3558 209.91966
3559 235.0
3560 355.58633
3561 43.657738
3562 315.0
3563 235.0
3564 235.0
3565 219.0
3566 235.0
3567 229.93845
3568 279.37225
3569 159.4542
3570 269.9745
3571 219.0
3572 170.84764
3573 219.0
3574 507.0
3575 154.2521
3576 219.0
3577 182.78651
3578 136.27737
3579 284.79266
3580 316.134
3581 13.976822
3582 220.134
3583 266.13898
3584 426.991
3585 188.4817
3586 200.61723
3587 43.879116
3588 220.134
3589 220.134
3590 163.5485
3591 180.11916
3592 75.1494
3593 67.843506
3594 46.436836
3595 77.37866
3596 218.4848
3597 316.134
3598 290.84268
3599 219.0
3600 219.0
3601 46.221947
3602 91.60112
3603 213.09401
3604 564.9785
3605 507.0
3606 507.0
3607 507.0
3608 507.0
3609 499.81583
3610 465.2939
3611 426.991
3612 381.65607
3613 381.58762
3614 355.58633
3615 343.2206
3616 324.978
3617 316.134
3618 316.134
3619 316.134
3620 316.134
3621 316.134
3622 316.134
3623 315.0
3624 315.0
3625 315.0
3626 315.0
3627 315.0
3628 315.0
3629 315.0
3630 315.0
3631 315.0
3632 315.0
3633 315.0
3634 315.0
3635 315.0
3636 315.0
3637 315.0
3638 315.0
3639 315.0
3640 315.0
3641 315.0
3642 315.0
3643 315.0
3644 315.0
3645 315.0
3646 315.0
3647 315.0
3648 315.0
3649 312.82257
3650 310.4876
3651 306.90402
3652 305.49683
3653 304.11798
3654 315.0
3655 327.30368
3656 163.32433
3657 202.91386
3658 315.0
3659 235.0
3660 315.0
3661 40.712143
3662 219.0
3663 235.0
3664 18.688814
3665 185.20627
3666 330.64026
3667 219.0
3668 219.0
3669 63.74202
3670 220.134
3671 48.90557
3672 220.134
3673 189.48973
3674 219.0
3675 219.0
3676 236.134
3677 0.0
3678 219.0
3679 235.0
3680 56.1234
3681 236.134
3682 219.0
3683 219.0
3684 315.0
3685 169.71495
3686 219.0
3687 235.0
3688 51.296036
3689 217.37183
3690 207.23494
3691 26.591944
3692 235.0
3693 163.01372
3694 177.73743
3695 172.57565
3696 9.928451
3697 219.0
3698 219.0
3699 9.606983
3700 174.19962
3701 35.672417
3702 0.33456492
3703 235.0
3704 564.9785
3705 507.0
3706 507.0
3707 507.0
3708 507.0
3709 499.81583
3710 465.2939
3711 426.991
3712 381.65607
3713 381.58762
3714 355.58633
3715 343.2206
3716 330.64026
3717 327.30368
3718 324.978
3719 316.134
3720 316.134
3721 316.134
3722 316.134
3723 316.134
3724 316.134
3725 315.0
3726 315.0
3727 315.0
3728 315.0
3729 315.0
3730 315.0
3731 315.0
3732 315.0
3733 315.0
3734 315.0
3735 315.0
3736 315.0
3737 315.0
3738 315.0
3739 315.0
3740 315.0
3741 315.0
3742 315.0
3743 315.0
3744 315.0
3745 315.0
3746 315.0
3747 315.0
3748 315.0
3749 315.0
3750 315.0
3751 315.0
3752 315.0
3753 315.0
3754 218.72281
3755 235.0
3756 146.12059
3757 59.997776
3758 165.17656
3759 236.134
3760 236.134
3761 79.96639
3762 219.0
3763 73.14504
3764 219.0
3765 273.2349
3766 235.0
3767 196.50563
3768 31.550926
3769 184.75113
3770 177.36833
3771 219.0
3772 70.90499
3773 235.0
3774 254.7176
3775 315.0
3776 188.61322
3777 220.134
3778 219.0
3779 235.0
3780 328.25803
3781 235.0
3782 235.0
3783 154.0757
3784 39.69311
3785 235.0
3786 315.0
3787 45.172245
3788 193.7892
3789 170.74054
3790 19.82415
3791 235.0
3792 0.0
3793 312.91547
3794 233.866
3795 175.07823
3796 315.0
3797 169.67091
3798 174.27689
3799 219.0
3800 496.47482
3801 190.267
3802 44.46361
3803 219.0
3804 564.9785
3805 507.0
3806 507.0
3807 507.0
3808 507.0
3809 499.81583
3810 496.47482
3811 465.2939
3812 426.991
3813 381.65607
3814 381.58762
3815 355.58633
3816 343.2206
3817 330.64026
3818 328.25803
3819 327.30368
3820 324.978
3821 316.134
3822 316.134
3823 316.134
3824 316.134
3825 316.134
3826 316.134
3827 315.0
3828 315.0
3829 315.0
3830 315.0
3831 315.0
3832 315.0
3833 315.0
3834 315.0
3835 315.0
3836 315.0
3837 315.0
3838 315.0
3839 315.0
3840 315.0
3841 315.0
3842 315.0
3843 315.0
3844 315.0
3845 315.0
3846 315.0
3847 315.0
3848 315.0
3849 315.0
3850 315.0
3851 315.0
3852 315.0
3853 315.0
3854 181.77051
3855 219.0
3856 70.78595
3857 219.0
3858 505.866
3859 45.91463
3860 406.6652
3861 219.0
3862 235.0
3863 219.0
3864 281.10953
3865 236.48755
3866 49.081295
3867 106.093185
3868 219.0
3869 209.20769
3870 315.0
3871 170.443
3872 0.0
3873 198.78682
3874 219.0
3875 160.98555
3876 220.134
3877 235.0
3878 219.0
3879 219.0
3880 66.46008
3881 219.0
3882 219.0
3883 286.70718
3884 22.274641
3885 126.48146
3886 250.21129
3887 129.78662
3888 216.02257
3889 16.333458
3890 315.0
3891 219.0
3892 179.32791
3893 202.00995
3894 219.0
3895 219.0
3896 316.134
3897 38.169582
3898 107.09725
3899 188.85541
3900 190.80363
3901 235.0
3902 51.806885
3903 235.0
3904 564.9785
3905 507.0
3906 507.0
3907 507.0
3908 507.0
3909 505.866
3910 499.81583
3911 496.47482
3912 465.2939
3913 426.991
3914 406.6652
3915 381.65607
3916 381.58762
3917 355.58633
3918 343.2206
3919 330.64026
3920 328.25803
3921 327.30368
3922 324.978
3923 316.134
3924 316.134
3925 316.134
3926 316.134
3927 316.134
3928 316.134
3929 316.134
3930 315.0
3931 315.0
3932 315.0
3933 315.0
3934 315.0
3935 315.0
3936 315.0
3937 315.0
3938 315.0
3939 315.0
3940 315.0
3941 315.0
3942 315.0
3943 315.0
3944 315.0
3945 315.0
3946 315.0
3947 315.0
3948 315.0
3949 315.0
3950 315.0
3951 315.0
3952 315.0
3953 315.0
3954 219.0
3955 220.134
3956 315.0
3957 425.33145
3958 67.04391
3959 18.338554
3960 235.0
3961 235.0
3962 173.64961
3963 219.0
3964 235.0
3965 166.16585
3966 208.94507
3967 235.0
3968 219.0
3969 15.940482
3970 316.134
3971 214.38641
3972 220.134
3973 219.0
3974 235.0
3975 132.57013
3976 235.0
3977 5.038239
3978 187.54337
3979 219.0
3980 192.66351
3981 141.89484
3982 235.0
3983 219.0
3984 47.20127
3985 220.134
3986 183.01437
3987 310.08743
3988 235.0
3989 31.523846
3990 219.0
3991 219.0
3992 63.195385
3993 271.45203
3994 215.49039
3995 205.07588
3996 224.2386
3997 219.0
3998 316.134
3999 219.0
4000 219.0
4001 219.0
4002 219.0
4003 219.0
4004 564.9785
4005 507.0
4006 507.0
4007 507.0
4008 507.0
4009 505.866
4010 499.81583
4011 496.47482
4012 465.2939
4013 426.991
4014 425.33145
4015 406.6652
4016 381.65607
4017 381.58762
4018 355.58633
4019 343.2206
4020 330.64026
4021 328.25803
4022 327.30368
4023 324.978
4024 316.134
4025 316.134
4026 316.134
4027 316.134
4028 316.134
4029 316.134
4030 316.134
4031 316.134
4032 316.134
4033 315.0
4034 315.0
4035 315.0
4036 315.0
4037 315.0
4038 315.0
4039 315.0
4040 315.0
4041 315.0
4042 315.0
4043 315.0
4044 315.0
4045 315.0
4046 315.0
4047 315.0
4048 315.0
4049 315.0
4050 315.0
4051 315.0
4052 315.0
4053 315.0
4054 96.53909
4055 219.0
4056 235.0
4057 235.0
4058 508.134
4059 235.0
4060 235.0
4061 71.67696
4062 113.54753
4063 54.635853
4064 315.0
4065 235.0
4066 235.0
4067 27.414333
4068 219.0
4069 315.0
4070 16.696377
4071 219.0
4072 201.42734
4073 236.134
4074 44.700397
4075 136.77446
4076 158.12315
4077 314.78897
4078 220.134
4079 235.0
4080 3.6385784
4081 235.0
4082 164.99823
4083 219.0
4084 31.66663
4085 219.0
4086 12.875592
4087 236.134
4088 217.29807
4089 219.0
4090 219.0
4091 155.14311
4092 235.0
4093 235.0
4094 13.134556
4095 332.28595
4096 22.382322
4097 235.0
4098 235.0
4099 235.0
4100 219.0
4101 220.134
4102 219.0
4103 203.53357
4104 564.9785
4105 508.134
4106 507.0
4107 507.0
4108 507.0
4109 507.0
4110 505.866
4111 499.81583
4112 496.47482
4113 465.2939
4114 426.991
4115 425.33145
4116 406.6652
4117 381.65607
4118 381.58762
4119 355.58633
4120 343.2206
4121 332.28595
4122 330.64026
4123 328.25803
4124 327.30368
4125 324.978
4126 316.134
4127 316.134
4128 316.134
4129 316.134
4130 316.134
4131 316.134
4132 316.134
4133 316.134
4134 316.134
4135 315.0
4136 315.0
4137 315.0
4138 315.0
4139 315.0
4140 315.0
4141 315.0
4142 315.0
4143 315.0
4144 315.0
4145 315.0
4146 315.0
4147 315.0
4148 315.0
4149 315.0
4150 315.0
4151 315.0
4152 315.0
4153 315.0
4154 262.05908
4155 36.491337
4156 219.0
4157 235.0
4158 507.0
4159 47.48909
4160 35.81852
4161 220.134
4162 315.0
4163 219.0
4164 48.557014
4165 235.0
4166 235.0
4167 315.0
4168 219.0
4169 184.49449
4170 299.9299
4171 315.0
4172 45.04193
4173 219.0
4174 28.023458
4175 220.134
4176 220.134
4177 337.81317
4178 176.24194
4179 195.374
4180 177.23347
4181 185.83633
4182 219.0
4183 219.0
4184 195.75992
4185 236.134
4186 235.0
4187 235.0
4188 116.1072
4189 219.0
4190 542.12665
4191 235.0
4192 12.21331
4193 220.134
4194 220.134
4195 20.887642
4196 332.77145
4197 201.4295
4198 206.14487
4199 109.75197
4200 235.0
4201 219.0
4202 9.054182
4203 42.653202
4204 564.9785
4205 542.12665
4206 508.134
4207 507.0
4208 507.0
4209 507.0
4210 507.0
4211 507.0
4212 505.866
4213 499.81583
4214 496.47482
4215 465.2939
4216 426.991
4217 425.33145
4218 406.6652
4219 381.65607
4220 381.58762
4221 355.58633
4222 343.2206
4223 337.81317
4224 332.77145
4225 332.28595
4226 330.64026
4227 328.25803
4228 327.30368
4229 324.978
4230 316.134
4231 316.134
4232 316.134
4233 316.134
4234 316.134
4235 316.134
4236 316.134
4237 316.134
4238 316.134
4239 315.0
4240 315.0
4241 315.0
4242 315.0
4243 315.0
4244 315.0
4245 315.0
4246 315.0
4247 315.0
4248 315.0
4249 315.0
4250 315.0
4251 315.0
4252 315.0
4253 315.0
4254 219.0
4255 220.134
4256 42.449688
4257 26.489725
4258 235.0
4259 235.0
4260 155.61435
4261 78.35361
4262 187.07704
4263 19.244535
4264 141.6688
4265 221.268
4266 0.0
4267 191.25809
4268 159.34421
4269 219.0
4270 179.40552
4271 258.2108
4272 315.0
4273 53.801773
4274 235.0
4275 507.0
4276 219.0
4277 235.0
4278 187.95752
4279 311.0172
4280 262.29684
4281 235.0
4282 160.83165
4283 219.0
4284 235.0
4285 219.0
4286 219.0
4287 219.0
4288 225.61462
4289 219.0
4290 219.0
4291 342.18423
4292 65.377975
4293 149.55522
4294 235.0
4295 219.0
4296 236.134
4297 14.437407
4298 219.0
4299 219.0
4300 219.0
4301 219.0
4302 220.134
4303 315.0
4304 564.9785
4305 542.12665
4306 508.134
4307 507.0
4308 507.0
4309 507.0
4310 507.0
4311 507.0
4312 507.0
4313 505.866
4314 499.81583
4315 496.47482
4316 465.2939
4317 426.991
4318 425.33145
4319 406.6652
4320 381.65607
4321 381.58762
4322 355.58633
4323 343.2206
4324 342.18423
4325 337.81317
4326 332.77145
4327 332.28595
4328 330.64026
4329 328.25803
4330 327.30368
4331 324.978
4332 316.134
4333 316.134
4334 316.134
4335 316.134
4336 316.134
4337 316.134
4338 316.134
4339 316.134
4340 316.134
4341 315.0
4342 315.0
4343 315.0
4344 315.0
4345 315.0
4346 315.0
4347 315.0
4348 315.0
4349 315.0
4350 315.0
4351 315.0
4352 315.0
4353 315.0
4354 507.0
4355 166.82683
4356 186.10239
4357 313.866
4358 206.96924
4359 398.83008
4360 351.36453
4361 20.085354
4362 47.419365
4363 115.50446
4364 235.0
4365 70.64972
4366 219.0
4367 315.0
4368 146.6442
4369 219.0
4370 219.0
4371 235.0
4372 264.36542
4373 219.0
4374 235.0
4375 33.119007
4376 44.334587
4377 219.0
4378 126.151566
4379 274.10068
4380 185.04047
4381 67.96119
4382 219.0
4383 362.82782
4384 219.0
4385 160.89378
4386 272.0011
4387 315.0
4388 144.0151
4389 162.52438
4390 222.93726
4391 219.0
4392 235.0
4393 219.0
4394 321.39536
4395 154.44952
4396 251.13463
4397 235.0
4398 209.04817
4399 235.0
4400 3.5431192
4401 219.0
4402 235.0
4403 219.0
4404 564.9785
4405 542.12665
4406 508.134
4407 507.0
4408 507.0
4409 507.0
4410 507.0
4411 507.0
4412 507.0
4413 507.0
4414 505.866
4415 499.81583
4416 496.47482
4417 465.2939
4418 426.991
4419 425.33145
4420 406.6652
4421 398.83008
4422 381.65607
4423 381.58762
4424 362.82782
4425 355.58633
4426 351.36453
4427 343.2206
4428 342.18423
4429 337.81317
4430 332.77145
4431 332.28595
4432 330.64026
4433 328.25803
4434 327.30368
4435 324.978
4436 321.39536
4437 316.134
4438 316.134
4439 316.134
4440 316.134
4441 316.134
4442 316.134
4443 316.134
4444 316.134
4445 316.134
4446 315.0
4447 315.0
4448 315.0
4449 315.0
4450 315.0
4451 315.0
4452 315.0
4453 315.0
4454 219.0
4455 312.98315
4456 91.07153
4457 0.0
4458 75.75419
4459 219.0
4460 59.065327
4461 219.0
4462 235.0
4463 202.07864
4464 102.28164
4465 0.0
4466 161.91292
4467 219.0
4468 315.0
4469 219.0
4470 235.0
4471 46.00234
4472 219.0
4473 105.28363
4474 507.0
4475 274.12958
4476 247.34944
4477 316.134
4478 102.35814
4479 699.0
4480 74.28695
4481 217.54346
4482 53.826885
4483 316.134
4484 21.084148
4485 315.0
4486 315.0
4487 43.988956
4488 219.0
4489 219.0
4490 315.0
4491 198.0645
4492 235.0
4493 219.0
4494 170.43257
4495 172.95914
4496 315.0
4497 169.96373
4498 220.134
4499 316.134
4500 235.0
4501 220.134
4502 13.19571
4503 173.65788
4504 699.0
4505 699.0
4506 564.9785
4507 542.12665
4508 508.134
4509 507.0
4510 507.0
4511 507.0
4512 507.0
4513 507.0
4514 507.0
4515 507.0
4516 507.0
4517 505.866
4518 499.81583
4519 496.47482
4520 465.2939
4521 426.991
4522 425.33145
4523 406.6652
4524 398.83008
4525 381.65607
4526 381.58762
4527 362.82782
4528 355.58633
4529 351.36453
4530 343.2206
4531 342.18423
4532 337.81317
4533 332.77145
4534 332.28595
4535 330.64026
4536 328.25803
4537 327.30368
4538 324.978
4539 321.39536
4540 316.134
4541 316.134
4542 316.134
4543 316.134
4544 316.134
4545 316.134
4546 316.134
4547 316.134
4548 316.134
4549 316.134
4550 316.134
4551 316.134
4552 315.0
4553 315.0
4554 315.0
4555 8.9046135
4556 119.898
4557 268.3693
4558 189.46768
4559 507.0
4560 219.0
4561 235.0
4562 71.35049
4563 141.76271
4564 202.18134
4565 113.99025
4566 219.0
4567 71.11501
4568 207.47125
4569 137.47218
4570 219.0
4571 58.750916
4572 315.0
4573 235.0
4574 212.38538
4575 219.0
4576 201.62912
4577 219.0
4578 220.134
4579 219.0
4580 219.0
4581 114.081795
4582 235.0
4583 219.0
4584 235.0
4585 298.7234
4586 316.134
4587 219.44627
4588 310.05026
4589 0.0
4590 166.13925
4591 236.134
4592 188.02304
4593 183.11371
4594 160.89835
4595 220.134
4596 27.76525
4597 244.04306
4598 172.48662
4599 0.0
4600 316.134
4601 315.0
4602 235.0
4603 315.0
4604 315.0
4605 699.0
4606 564.9785
4607 542.12665
4608 508.134
4609 507.0
4610 507.0
4611 507.0
4612 507.0
4613 507.0
4614 507.0
4615 507.0
4616 507.0
4617 507.0
4618 505.866
4619 499.81583
4620 496.47482
4621 465.2939
4622 426.991
4623 425.33145
4624 406.6652
4625 398.83008
4626 381.65607
4627 381.58762
4628 362.82782
4629 355.58633
4630 351.36453
4631 343.2206
4632 342.18423
4633 337.81317
4634 332.77145
4635 332.28595
4636 330.64026
4637 328.25803
4638 327.30368
4639 324.978
4640 321.39536
4641 316.134
4642 316.134
4643 316.134
4644 316.134
4645 316.134
4646 316.134
4647 316.134
4648 316.134
4649 316.134
4650 316.134
4651 316.134
4652 316.134
4653 316.134
4654 316.134
4655 219.0
4656 219.0
4657 219.0
4658 40.804462
4659 49.99327
4660 159.00192
4661 162.57974
4662 155.08807
4663 304.98004
4664 426.388
4665 219.0
4666 281.6506
4667 0.0
4668 507.0
4669 235.0
4670 405.43906
4671 170.36905
4672 56.643604
4673 219.0
4674 235.0
4675 219.0
4676 202.35178
4677 219.0
4678 315.0
4679 19.993942
4680 315.0
4681 235.0
4682 235.0
4683 236.134
4684 235.0
4685 235.0
4686 219.0
4687 235.0
4688 174.57913
4689 236.134
4690 30.155315
4691 235.0
4692 168.16257
4693 175.01736
4694 301.6338
4695 0.0
4696 452.0
4697 235.0
4698 220.134
4699 24.814848
4700 220.134
4701 158.91513
4702 236.134
4703 219.0
4704 219.0
4705 699.0
4706 564.9785
4707 542.12665
4708 508.134
4709 507.0
4710 507.0
4711 507.0
4712 507.0
4713 507.0
4714 507.0
4715 507.0
4716 507.0
4717 507.0
4718 507.0
4719 505.866
4720 499.81583
4721 496.47482
4722 465.2939
4723 452.0
4724 426.991
4725 426.388
4726 425.33145
4727 406.6652
4728 405.43906
4729 398.83008
4730 381.65607
4731 381.58762
4732 362.82782
4733 355.58633
4734 351.36453
4735 343.2206
4736 342.18423
4737 337.81317
4738 332.77145
4739 332.28595
4740 330.64026
4741 328.25803
4742 327.30368
4743 324.978
4744 321.39536
4745 316.134
4746 316.134
4747 316.134
4748 316.134
4749 316.134
4750 316.134
4751 316.134
4752 316.134
4753 316.134
4754 316.134
4755 58.465446
4756 106.06216
4757 219.0
4758 13.232195
4759 508.134
4760 200.70795
4761 315.0
4762 290.14276
4763 219.0
4764 30.581482
4765 36.35252
4766 173.76851
4767 191.62672
4768 235.0
4769 93.15724
4770 233.866
4771 219.0
4772 152.82823
4773 257.77838
4774 176.68605
4775 315.0
4776 219.0
4777 167.53757
4778 235.0
4779 235.0
4780 219.0
4781 181.46611
4782 219.0
4783 6.6146307
4784 247.44264
4785 219.0
4786 76.04733
4787 315.0
4788 31.809258
4789 235.0
4790 41.48551
4791 262.6577
4792 174.4964
4793 58.317936
4794 235.0
4795 174.54912
4796 219.0
4797 219.0
4798 319.44095
4799 219.0
4800 32.973816
4801 315.0
4802 3.6075017
4803 174.54898
4804 191.73279
4805 699.0
4806 564.9785
4807 542.12665
4808 508.134
4809 508.134
4810 507.0
4811 507.0
4812 507.0
4813 507.0
4814 507.0
4815 507.0
4816 507.0
4817 507.0
4818 507.0
4819 507.0
4820 505.866
4821 499.81583
4822 496.47482
4823 465.2939
4824 452.0
4825 426.991
4826 426.388
4827 425.33145
4828 406.6652
4829 405.43906
4830 398.83008
4831 381.65607
4832 381.58762
4833 362.82782
4834 355.58633
4835 351.36453
4836 343.2206
4837 342.18423
4838 337.81317
4839 332.77145
4840 332.28595
4841 330.64026
4842 328.25803
4843 327.30368
4844 324.978
4845 321.39536
4846 319.44095
4847 316.134
4848 316.134
4849 316.134
4850 316.134
4851 316.134
4852 316.134
4853 316.134
4854 316.134
4855 507.0
4856 219.0
4857 315.0
4858 235.0
4859 15.69428
4860 52.4139
4861 315.0
4862 505.39075
4863 313.866
4864 87.874344
4865 46.431187
4866 315.0
4867 160.36067
4868 89.51063
4869 414.82285
4870 142.03175
4871 235.0
4872 91.9144
4873 219.79233
4874 190.10748
4875 197.92606
4876 145.71048
4877 235.0
4878 74.766594
4879 405.54153
4880 188.83957
4881 383.99695
4882 200.61128
4883 235.0
4884 263.9157
4885 219.0
4886 191.34554
4887 235.0
4888 219.0
4889 65.496376
4890 235.0
4891 315.0
4892 220.134
4893 180.60094
4894 235.0
4895 315.0
4896 316.134
4897 315.0
4898 220.134
4899 219.0
4900 219.0
4901 218.77574
4902 0.0
4903 219.0
4904 164.21568
4905 699.0
4906 564.9785
4907 542.12665
4908 508.134
4909 508.134
4910 507.0
4911 507.0
4912 507.0
4913 507.0
4914 507.0
4915 507.0
4916 507.0
4917 507.0
4918 507.0
4919 507.0
4920 507.0
4921 505.866
4922 505.39075
4923 499.81583
4924 496.47482
4925 465.2939
4926 452.0
4927 426.991
4928 426.388
4929 425.33145
4930 414.82285
4931 406.6652
4932 405.54153
4933 405.43906
4934 398.83008
4935 383.99695
4936 381.65607
4937 381.58762
4938 362.82782
4939 355.58633
4940 351.36453
4941 343.2206
4942 342.18423
4943 337.81317
4944 332.77145
4945 332.28595
4946 330.64026
4947 328.25803
4948 327.30368
4949 324.978
4950 321.39536
4951 319.44095
4952 316.134
4953 316.134
4954 316.134
4955 235.0
4956 350.90558
4957 604.134
4958 219.0
4959 84.11404
4960 219.0
4961 492.85312
4962 0.0
4963 140.07751
4964 180.03357
4965 247.66444
4966 235.0
4967 219.0
4968 235.0
4969 207.7499
4970 260.0764
4971 153.05135
4972 315.0
4973 59.866516
4974 235.0
4975 219.0
4976 186.09195
4977 145.32503
4978 155.0638
4979 281.10367
4980 228.14914
4981 263.87207
4982 162.64877
4983 219.0
4984 190.81465
4985 202.18546
4986 219.0
4987 219.0
4988 236.134
4989 219.0
4990 272.2445
4991 315.0
4992 0.0
4993 219.0
4994 29.017242
4995 219.0
4996 307.2309
4997 219.0
4998 205.79443
4999 219.0
5000 13.853111
5001 260.8429
5002 259.76816
5003 219.0
5004 236.134
5005 699.0
5006 604.134
5007 564.9785
5008 542.12665
5009 508.134
5010 508.134
5011 507.0
5012 507.0
5013 507.0
5014 507.0
5015 507.0
5016 507.0
5017 507.0
5018 507.0
5019 507.0
5020 507.0
5021 507.0
5022 505.866
5023 505.39075
5024 499.81583
5025 496.47482
5026 492.85312
5027 465.2939
5028 452.0
