1 207.74925
2 33.2
3 36.002
4 0.0
5 131.03023
6 6.631925
7 40.106
8 43.84075
9 22.39291
10 30.679255
11 43.19084
12 14.347475
13 3.8069592
14 36.571957
15 219.0
16 29.049103
17 125.792725
18 59.866325
19 37.250763
20 24.782999
21 42.901245
22 38.384758
23 0.0
24 19.79524
25 231.18117
26 0.0
27 54.85472
28 0.0
29 141.21576
30 81.97733
31 36.440933
32 0.0
33 36.775497
34 29.273525
35 35.27057
36 0.0
37 0.0
38 80.712326
39 17.035969
40 28.179596
41 49.38702
42 26.922739
43 39.35394
44 38.61463
45 3.5200639
46 0.0
47 30.515476
48 38.850822
49 33.609257
50 40.16475
51 36.95252
52 9.150376
53 14.459623
54 0.0
55 0.0
56 33.54786
57 32.668373
58 43.818356
59 51.95798
60 32.066
61 0.0
62 24.2809
63 39.51876
64 28.531998
65 28.749374
66 219.0
67 47.373985
68 28.233757
69 0.0
70 44.264767
71 38.61463
72 49.742496
73 28.60389
74 86.63266
75 30.629807
76 0.0
77 126.26311
78 19.814226
79 73.573944
80 23.145128
81 0.0
82 112.82861
83 43.850735
84 0.0
85 0.0
86 0.0
87 0.0
88 87.270004
89 31.879255
90 50.193996
91 0.0
92 184.54639
93 191.32722
94 29.135517
95 12.836263
96 60.58811
97 60.43689
98 32.0
99 50.961246
100 159.99315
101 231.18117
102 219.0
103 219.0
104 207.74925
105 191.32722
106 184.54639
107 159.99315
108 141.21576
109 131.03023
110 126.26311
111 125.792725
112 112.82861
113 87.270004
114 86.63266
115 81.97733
116 80.712326
117 73.573944
118 60.58811
119 60.43689
120 59.866325
121 54.85472
122 51.95798
123 50.961246
124 50.193996
125 49.742496
126 49.38702
127 47.373985
128 44.264767
129 43.850735
130 43.84075
131 43.818356
132 43.19084
133 42.901245
134 40.16475
135 40.106
136 39.51876
137 39.35394
138 38.850822
139 38.61463
140 38.61463
141 38.384758
142 37.250763
143 36.95252
144 36.775497
145 36.571957
146 36.440933
147 36.002
148 35.27057
149 33.609257
150 33.54786
151 158.23282
152 37.538616
153 0.0
154 50.835167
155 0.0
156 22.17439
157 18.946087
158 40.69561
159 18.128849
160 135.69026
161 0.0
162 171.74136
163 31.4
164 42.470566
165 59.76683
166 30.81372
167 154.37125
168 54.71138
169 49.418964
170 0.0
171 75.88499
172 29.31054
173 0.0
174 0.0
175 55.105213
176 28.012573
177 36.35252
178 220.134
179 8.890497
180 43.76966
181 37.716824
182 49.63944
183 44.136936
184 0.0
185 28.597998
186 60.94219
187 29.91548
188 0.0
189 84.06661
190 12.446137
191 44.127716
192 0.0
193 44.155464
194 29.599998
195 0.0
196 38.086338
197 29.301405
198 52.418053
199 0.0
200 36.41852
201 231.18117
202 220.134
203 219.0
204 219.0
205 207.74925
206 191.32722
207 184.54639
208 171.74136
209 159.99315
210 158.23282
211 154.37125
212 141.21576
213 135.69026
214 131.03023
215 126.26311
216 125.792725
217 112.82861
218 87.270004
219 86.63266
220 84.06661
221 81.97733
222 80.712326
223 75.88499
224 73.573944
225 60.94219
226 60.58811
227 60.43689
228 59.866325
229 59.76683
230 55.105213
231 54.85472
232 54.71138
233 52.418053
234 51.95798
235 50.961246
236 50.835167
237 50.193996
238 49.742496
239 49.63944
240 49.418964
241 49.38702
242 47.373985
243 44.264767
244 44.155464
245 44.136936
246 44.127716
247 43.850735
248 43.84075
249 43.818356
250 43.76966
251 14.650703
252 38.78482
253 150.16125
254 26.283175
255 171.12613
256 51.67124
257 111.09979
258 186.00853
259 0.0
260 116.001755
261 153.47012
262 187.27126
263 0.0
264 235.0
265 0.0
266 31.167757
267 37.94863
268 54.93038
269 30.265999
270 98.88475
271 30.866
272 44.737144
273 98.14773
274 2.672957
275 59.937656
276 54.74667
277 165.39265
278 32.0
279 36.064484
280 44.1773
281 169.6136
282 82.70866
283 0.0
284 55.74221
285 38.650192
286 0.0
287 31.495436
288 0.0
289 40.351856
290 30.866
291 0.0
292 32.6
293 0.0
294 33.609257
295 41.60252
296 37.48063
297 96.47183
298 14.286719
299 26.519367
300 79.702126
301 235.0
302 231.18117
303 220.134
304 219.0
305 219.0
306 207.74925
307 191.32722
308 187.27126
309 186.00853
310 184.54639
311 171.74136
312 171.12613
313 169.6136
314 165.39265
315 159.99315
316 158.23282
317 154.37125
318 153.47012
319 150.16125
320 141.21576
321 135.69026
322 131.03023
323 126.26311
324 125.792725
325 116.001755
326 112.82861
327 111.09979
328 98.88475
329 98.14773
330 96.47183
331 87.270004
332 86.63266
333 84.06661
334 82.70866
335 81.97733
336 80.712326
337 79.702126
338 75.88499
339 73.573944
340 60.94219
341 60.58811
342 60.43689
343 59.937656
344 59.866325
345 59.76683
346 55.74221
347 55.105213
348 54.93038
349 54.85472
350 54.74667
351 105.11341
352 3.5495894
353 65.91818
354 22.164812
355 176.39026
356 26.448767
357 121.438484
358 37.48063
359 185.92862
360 137.4059
361 80.27021
362 79.74176
363 203.87474
364 219.0
365 95.55207
366 81.11903
367 0.0
368 44.25615
369 208.16428
370 28.781479
371 235.0
372 170.63069
373 9.138244
374 139.6336
375 219.0
376 182.19717
377 32.238937
378 105.08193
379 20.154432
380 127.130165
381 43.920654
382 38.34924
383 235.0
384 151.02477
385 48.49157
386 53.088486
387 219.0
388 197.89189
389 0.0
390 34.268
391 180.24086
392 94.99168
393 219.0
394 42.788612
395 31.622353
396 125.79239
397 63.414753
398 0.0
399 0.0
400 108.791115
401 235.0
402 235.0
403 235.0
404 231.18117
405 220.134
406 219.0
407 219.0
408 219.0
409 219.0
410 219.0
411 219.0
412 208.16428
413 207.74925
414 203.87474
415 197.89189
416 191.32722
417 187.27126
418 186.00853
419 185.92862
420 184.54639
421 182.19717
422 180.24086
423 176.39026
424 171.74136
425 171.12613
426 170.63069
427 169.6136
428 165.39265
429 159.99315
430 158.23282
431 154.37125
432 153.47012
433 151.02477
434 150.16125
435 141.21576
436 139.6336
437 137.4059
438 135.69026
439 131.03023
440 127.130165
441 126.26311
442 125.792725
443 125.79239
444 121.438484
445 116.001755
446 112.82861
447 111.09979
448 108.791115
449 105.11341
450 105.08193
451 77.951614
452 93.65199
453 0.0
454 110.211876
455 54.766987
456 225.57799
457 120.88614
458 219.0
459 99.71825
460 206.61562
461 25.415325
462 1.995387
463 230.19502
464 25.326962
465 217.69849
466 234.76352
467 44.12925
468 153.40811
469 83.30225
470 39.85476
471 127.501816
472 235.0
473 112.973236
474 60.495247
475 74.8831
476 40.699154
477 235.0
478 20.351725
479 28.545721
480 219.0
481 34.334003
482 185.46573
483 219.0
484 172.5671
485 30.8
486 47.017864
487 70.25705
488 70.1542
489 201.16258
490 136.8256
491 134.68243
492 235.0
493 65.143936
494 43.926193
495 152.03085
496 49.4217
497 236.134
498 38.378872
499 202.28291
500 49.285866
501 236.134
502 235.0
503 235.0
504 235.0
505 235.0
506 235.0
507 235.0
508 234.76352
509 231.18117
510 230.19502
511 225.57799
512 220.134
513 219.0
514 219.0
515 219.0
516 219.0
517 219.0
518 219.0
519 219.0
520 219.0
521 219.0
522 217.69849
523 208.16428
524 207.74925
525 206.61562
526 203.87474
527 202.28291
528 201.16258
529 197.89189
530 191.32722
531 187.27126
532 186.00853
533 185.92862
534 185.46573
535 184.54639
536 182.19717
537 180.24086
538 176.39026
539 172.5671
540 171.74136
541 171.12613
542 170.63069
543 169.6136
544 165.39265
545 159.99315
546 158.23282
547 154.37125
548 153.47012
549 153.40811
550 152.03085
551 110.35495
552 219.0
553 18.495493
554 37.491043
555 22.345467
556 31.76424
557 134.22089
558 132.72305
559 0.0
560 235.0
561 147.51733
562 115.30697
563 219.0
564 1.1340001
565 220.70107
566 219.0
567 90.26966
568 219.0
569 219.0
570 27.742065
571 33.813793
572 0.0
573 136.9826
574 41.250824
575 159.76093
576 5.4506755
577 163.96336
578 49.79558
579 92.98193
580 196.23784
581 0.0
582 136.19954
583 164.3124
584 219.0
585 84.618576
586 51.42187
587 60.37424
588 49.43319
589 191.3516
590 71.61075
591 93.12586
592 74.44297
593 197.60916
594 49.554485
595 59.347244
596 125.896736
597 49.41474
598 139.80568
599 162.52766
600 29.665998
601 236.134
602 235.0
603 235.0
604 235.0
605 235.0
606 235.0
607 235.0
608 235.0
609 234.76352
610 231.18117
611 230.19502
612 225.57799
613 220.70107
614 220.134
615 219.0
616 219.0
617 219.0
618 219.0
619 219.0
620 219.0
621 219.0
622 219.0
623 219.0
624 219.0
625 219.0
626 219.0
627 219.0
628 219.0
629 219.0
630 217.69849
631 208.16428
632 207.74925
633 206.61562
634 203.87474
635 202.28291
636 201.16258
637 197.89189
638 197.60916
639 196.23784
640 191.3516
641 191.32722
642 187.27126
643 186.00853
644 185.92862
645 185.46573
646 184.54639
647 182.19717
648 180.24086
649 176.39026
650 172.5671
651 170.57375
652 220.134
653 142.22119
654 3.7654126
655 103.995415
656 219.0
657 66.10748
658 219.0
659 219.0
660 26.373032
661 219.0
662 0.0
663 219.0
664 27.653366
665 235.0
666 0.0
667 54.882565
668 219.0
669 190.427
670 159.44708
671 21.873108
672 110.803764
673 131.16103
674 50.703587
675 220.134
676 106.17548
677 24.551514
678 219.0
679 14.33193
680 203.3766
681 91.05811
682 61.247684
683 207.8348
684 73.49219
685 236.134
686 215.79657
687 102.09138
688 174.4255
689 60.505848
690 93.47621
691 54.79971
692 219.0
693 39.489555
694 219.0
695 38.08748
696 23.881239
697 235.0
698 26.349176
699 99.47114
700 121.70541
701 236.134
702 236.134
703 235.0
704 235.0
705 235.0
706 235.0
707 235.0
708 235.0
709 235.0
710 235.0
711 235.0
712 234.76352
713 231.18117
714 230.19502
715 225.57799
716 220.70107
717 220.134
718 220.134
719 220.134
720 219.0
721 219.0
722 219.0
723 219.0
724 219.0
725 219.0
726 219.0
727 219.0
728 219.0
729 219.0
730 219.0
731 219.0
732 219.0
733 219.0
734 219.0
735 219.0
736 219.0
737 219.0
738 219.0
739 219.0
740 219.0
741 219.0
742 219.0
743 219.0
744 217.69849
745 215.79657
746 208.16428
747 207.8348
748 207.74925
749 206.61562
750 203.87474
751 69.42828
752 71.2709
753 186.63733
754 40.528976
755 235.0
756 125.63325
757 38.850822
758 24.215324
759 181.73903
760 118.55111
761 110.404045
762 17.286127
763 31.193377
764 220.134
765 109.230736
766 29.069517
767 127.93233
768 158.11617
769 235.0
770 219.0
771 33.265118
772 29.287271
773 236.134
774 38.61463
775 185.34464
776 235.0
777 146.3445
778 235.0
779 57.1005
780 121.65479
781 71.38685
782 219.0
783 219.0
784 220.134
785 37.772556
786 220.134
787 235.0
788 99.61499
789 161.07234
790 0.0
791 38.888798
792 219.0
793 104.16412
794 119.756065
795 130.45784
796 219.0
797 177.56795
798 39.751854
799 124.78892
800 157.03154
801 236.134
802 236.134
803 236.134
804 235.0
805 235.0
806 235.0
807 235.0
808 235.0
809 235.0
810 235.0
811 235.0
812 235.0
813 235.0
814 235.0
815 235.0
816 235.0
817 235.0
818 234.76352
819 231.18117
820 230.19502
821 225.57799
822 220.70107
823 220.134
824 220.134
825 220.134
826 220.134
827 220.134
828 220.134
829 219.0
830 219.0
831 219.0
832 219.0
833 219.0
834 219.0
835 219.0
836 219.0
837 219.0
838 219.0
