1 135.27353
2 41.833153
3 30.866
4 106.835205
5 32.947258
6 0.0
7 34.334
8 14.473829
9 30.8
10 8.976346
11 28.3677
12 235.0
13 0.0
14 27.647478
15 27.381258
16 18.54385
17 158.6147
18 52.278397
19 36.34663
20 17.891237
21 149.50244
22 69.81971
23 33.134
24 93.518875
25 14.714138
26 0.0
27 49.039608
28 24.642305
29 44.005257
30 0.0
31 9.253336
32 62.922035
33 31.334
34 235.0
35 39.30223
36 16.48477
37 57.60502
38 0.0
39 36.175343
40 32.334843
41 71.485535
42 38.53857
43 80.00878
44 39.419937
45 32.0
46 0.0
47 85.9384
48 118.64757
49 3.5703952
50 0.0
51 39.929348
52 73.537766
53 38.61463
54 32.0
55 0.0
56 0.0
57 192.76582
58 8.775834
59 8.891165
60 0.0
61 2.6069589
62 235.0
63 21.595772
64 34.441498
65 47.723007
66 34.267998
67 45.872135
68 39.74863
69 100.45418
70 76.43853
71 25.385366
72 124.7406
73 33.134
74 54.958023
75 0.0
76 29.026867
77 29.026867
78 54.801506
79 37.316326
80 37.664547
81 71.48957
82 0.0
83 235.0
84 99.917076
85 38.05144
86 92.51365
87 22.774878
88 30.087751
89 9.699939
90 44.102108
91 125.31503
92 33.60926
93 33.25228
94 21.743866
95 0.0
96 54.75678
97 51.855835
98 107.81469
99 0.0
100 0.0
101 235.0
102 235.0
103 235.0
104 235.0
105 192.76582
106 158.6147
107 149.50244
108 135.27353
109 125.31503
110 124.7406
111 118.64757
112 107.81469
113 106.835205
114 100.45418
115 99.917076
116 93.518875
117 92.51365
118 85.9384
119 80.00878
120 76.43853
121 73.537766
122 71.48957
123 71.485535
124 69.81971
125 62.922035
126 57.60502
127 54.958023
128 54.801506
129 54.75678
130 52.278397
131 51.855835
132 49.039608
133 47.723007
134 45.872135
135 44.102108
136 44.005257
137 41.833153
138 39.929348
139 39.74863
140 39.419937
141 39.30223
142 38.61463
143 38.53857
144 38.05144
145 37.664547
146 37.316326
147 36.34663
148 36.175343
149 34.441498
150 34.334
151 14.037658
152 139.99976
153 192.89587
154 157.59932
155 24.991917
156 58.96996
157 27.935516
158 106.490776
159 219.0
160 0.0
161 59.44306
162 154.94196
163 25.539692
164 36.40537
165 219.0
166 148.71365
167 20.97911
168 0.0
169 2.7432601
170 158.05441
171 0.0
172 14.381967
173 79.66449
174 131.84637
175 0.0
176 47.120697
177 41.357887
178 38.385662
179 29.242905
180 31.708502
181 44.209606
182 45.360096
183 0.0
184 0.0
185 34.084522
186 0.0
187 19.800476
188 0.0
189 33.667244
190 44.25407
191 0.0
192 14.429961
193 0.0
194 200.93234
195 25.385366
196 60.477936
197 45.776047
198 7.717326
199 17.663832
200 20.935238
201 235.0
202 235.0
203 235.0
204 235.0
205 219.0
206 219.0
207 200.93234
208 192.89587
209 192.76582
210 158.6147
211 158.05441
212 157.59932
213 154.94196
214 149.50244
215 148.71365
216 139.99976
217 135.27353
218 131.84637
219 125.31503
220 124.7406
221 118.64757
222 107.81469
223 106.835205
224 106.490776
225 100.45418
226 99.917076
227 93.518875
228 92.51365
229 85.9384
230 80.00878
231 79.66449
232 76.43853
233 73.537766
234 71.48957
235 71.485535
236 69.81971
237 62.922035
238 60.477936
239 59.44306
240 58.96996
241 57.60502
242 54.958023
243 54.801506
244 54.75678
245 52.278397
246 51.855835
247 49.039608
248 47.723007
249 47.120697
250 45.872135
251 38.54863
252 210.90962
253 109.89665
254 0.0
255 188.5266
256 121.72468
257 217.60759
258 75.96005
259 59.827213
260 136.77377
261 0.0
262 205.36266
263 55.14886
264 14.41594
265 176.02054
266 32.0
267 87.90562
268 136.1133
269 4.8585033
270 219.0
271 26.79999
272 17.01849
273 68.172035
274 178.27374
275 42.790886
276 89.60391
277 106.150635
278 28.233755
279 0.0
280 0.0
281 61.707237
282 40.34863
283 30.866
284 0.0
285 196.68712
286 39.88396
287 31.24025
288 39.74863
289 20.864485
290 62.477146
291 76.9377
292 50.03833
293 56.261833
294 38.47941
295 219.0
296 69.28651
297 36.35252
298 121.59028
299 65.83518
300 4.7171426
301 235.0
302 235.0
303 235.0
304 235.0
305 219.0
306 219.0
307 219.0
308 219.0
309 217.60759
310 210.90962
311 205.36266
312 200.93234
313 196.68712
314 192.89587
315 192.76582
316 188.5266
317 178.27374
318 176.02054
319 158.6147
320 158.05441
321 157.59932
322 154.94196
323 149.50244
324 148.71365
325 139.99976
326 136.77377
327 136.1133
328 135.27353
329 131.84637
330 125.31503
331 124.7406
332 121.72468
333 121.59028
334 118.64757
335 109.89665
336 107.81469
337 106.835205
338 106.490776
339 106.150635
340 100.45418
341 99.917076
342 93.518875
343 92.51365
344 89.60391
345 87.90562
346 85.9384
347 80.00878
348 79.66449
349 76.9377
350 76.43853
351 0.0
352 77.69202
353 104.02626
354 30.866
355 68.76671
356 219.0
357 68.51108
358 112.56258
359 87.82338
360 190.56592
361 235.0
362 97.246086
363 61.934444
364 25.175497
365 34.7168
366 235.0
367 32.871735
368 0.0
369 39.785442
370 120.47162
371 148.6266
372 90.70669
373 0.0
374 105.90897
375 38.61463
376 113.550255
377 30.8
378 3.641751
379 55.201794
380 65.893135
381 219.0
382 78.47608
383 0.0
384 109.72826
385 124.68245
386 235.0
387 43.169662
388 0.0
389 26.336647
390 34.267998
391 81.75677
392 30.167322
393 39.74863
394 38.250824
395 212.94011
396 14.277957
397 80.238174
398 126.635445
399 33.068
400 15.232406
401 235.0
402 235.0
403 235.0
404 235.0
405 235.0
406 235.0
407 235.0
408 219.0
409 219.0
410 219.0
411 219.0
412 219.0
413 219.0
414 217.60759
415 212.94011
416 210.90962
417 205.36266
418 200.93234
419 196.68712
420 192.89587
421 192.76582
422 190.56592
423 188.5266
424 178.27374
425 176.02054
426 158.6147
427 158.05441
428 157.59932
429 154.94196
430 149.50244
431 148.71365
432 148.6266
433 139.99976
434 136.77377
435 136.1133
436 135.27353
437 131.84637
438 126.635445
439 125.31503
440 124.7406
441 124.68245
442 121.72468
443 121.59028
444 120.47162
445 118.64757
446 113.550255
447 112.56258
448 109.89665
449 109.72826
450 107.81469
451 36.67745
452 219.0
453 220.134
454 142.32956
455 219.0
456 125.89392
457 235.0
458 98.83905
459 0.0
460 220.134
461 219.0
462 403.89096
463 165.74677
464 198.65636
465 218.84044
466 136.02237
467 107.34296
468 235.0
469 139.55777
470 219.0
471 52.153862
472 195.69434
473 179.2092
474 203.2269
475 0.0
476 175.82417
477 58.708797
478 148.26048
479 99.18998
480 146.99243
481 49.72958
482 109.0036
483 0.0
484 74.20073
485 219.0
486 87.322205
487 32.0
488 185.8242
489 142.60153
490 48.908344
491 169.66739
492 166.54797
493 0.0
494 120.45518
495 152.66159
496 126.25861
497 98.411934
498 185.43056
499 71.44872
500 27.64748
501 403.89096
502 403.89096
503 235.0
504 235.0
505 235.0
506 235.0
507 235.0
508 235.0
509 235.0
510 235.0
511 235.0
512 220.134
513 220.134
514 219.0
515 219.0
516 219.0
517 219.0
518 219.0
519 219.0
520 219.0
521 219.0
522 219.0
523 219.0
524 219.0
525 218.84044
526 217.60759
527 212.94011
528 210.90962
529 205.36266
530 203.2269
531 200.93234
532 198.65636
533 196.68712
534 195.69434
535 192.89587
536 192.76582
537 190.56592
538 188.5266
539 185.8242
540 185.43056
541 179.2092
542 178.27374
543 176.02054
544 175.82417
545 169.66739
546 166.54797
547 165.74677
548 158.6147
549 158.05441
550 157.59932
551 154.94196
552 27.647478
553 219.0
554 187.22957
555 53.976486
556 28.471436
557 38.54863
558 121.307144
559 10.098612
560 169.92548
561 9.39956
562 159.76524
563 144.74455
564 65.80853
565 39.39735
566 109.09584
567 25.335474
568 10.640711
569 219.0
570 127.22417
571 90.52917
572 188.00154
573 111.488884
574 29.607258
575 48.4748
576 171.3284
577 121.7049
578 219.0
579 158.83147
580 22.462769
581 131.45728
582 63.106018
583 191.98259
584 131.39474
585 235.0
586 125.83755
587 50.53448
588 38.68063
589 219.0
590 219.0
591 219.0
592 25.812883
593 33.134
594 100.48596
595 37.547054
596 214.50166
597 93.218605
598 0.0
599 164.7447
600 6.8508253
601 49.713448
602 403.89096
603 235.0
604 235.0
605 235.0
606 235.0
607 235.0
608 235.0
609 235.0
610 235.0
611 235.0
612 235.0
613 220.134
614 220.134
615 219.0
616 219.0
617 219.0
618 219.0
619 219.0
620 219.0
621 219.0
622 219.0
623 219.0
624 219.0
625 219.0
626 219.0
627 219.0
628 219.0
629 219.0
630 219.0
631 219.0
632 218.84044
633 217.60759
634 214.50166
635 212.94011
636 210.90962
637 205.36266
638 203.2269
639 200.93234
640 198.65636
641 196.68712
642 195.69434
643 192.89587
644 192.76582
645 191.98259
646 190.56592
647 188.5266
648 188.00154
649 187.22957
650 185.8242
651 185.43056
652 104.15064
653 117.9583
654 24.612318
655 88.80455
656 198.05511
657 100.954796
658 159.15945
659 49.520634
660 37.487476
661 38.850822
662 235.0
663 219.0
664 210.9649
665 75.72082
666 112.95507
667 104.41542
668 93.2469
669 220.134
670 158.88646
671 53.094875
672 228.59262
673 219.0
674 228.38538
675 235.0
676 105.23003
677 0.0
678 0.0
679 219.0
680 219.0
681 172.51762
682 191.56969
683 218.65654
684 316.134
685 86.52617
686 158.11617
687 120.002045
688 19.945452
689 0.0
690 33.134
691 37.677258
692 110.40829
693 190.57927
694 189.59743
695 160.48871
696 303.24866
697 195.91173
698 235.0
699 157.44951
700 9.123727
701 192.65874
702 403.89096
703 316.134
704 303.24866
705 235.0
706 235.0
707 235.0
708 235.0
709 235.0
710 235.0
711 235.0
712 235.0
713 235.0
714 235.0
715 235.0
716 235.0
717 235.0
718 228.59262
719 228.38538
720 220.134
721 220.134
722 220.134
723 219.0
724 219.0
725 219.0
726 219.0
727 219.0
728 219.0
729 219.0
730 219.0
731 219.0
732 219.0
733 219.0
734 219.0
735 219.0
736 219.0
737 219.0
738 219.0
739 219.0
740 219.0
741 219.0
742 219.0
743 219.0
744 218.84044
745 218.65654
746 217.60759
747 214.50166
748 212.94011
749 210.9649
750 210.90962
751 205.36266
752 66.71549
753 2.41048
754 175.30168
755 153.2388
756 19.893877
757 115.691154
758 167.90263
759 156.48645
760 0.0
761 47.30981
762 121.015335
763 56.489662
764 164.10992
765 36.88063
766 0.0
767 97.28561
768 62.038628
769 207.9445
770 315.0
771 9.143197
772 235.0
773 80.44457
774 34.867996
775 185.81624
776 75.90765
777 201.63455
778 83.13006
779 235.0
780 169.67068
781 138.45578
782 68.19742
783 131.67825
784 0.0
785 58.21675
786 80.79159
787 235.0
788 64.86227
789 235.0
790 19.276934
791 76.57967
792 109.12881
793 65.62099
794 98.87952
795 219.0
796 66.39859
797 150.9402
798 0.0
799 219.0
800 146.43187
801 32.0
802 403.89096
803 316.134
804 315.0
805 303.24866
806 235.0
807 235.0
808 235.0
809 235.0
810 235.0
811 235.0
812 235.0
813 235.0
814 235.0
815 235.0
816 235.0
817 235.0
818 235.0
819 235.0
820 235.0
821 235.0
822 235.0
823 228.59262
824 228.38538
825 220.134
826 220.134
827 220.134
828 219.0
829 219.0
830 219.0
831 219.0
832 219.0
833 219.0
834 219.0
835 219.0
836 219.0
837 219.0
838 219.0
839 219.0
840 219.0
841 219.0
842 219.0
843 219.0
844 219.0
845 219.0
846 219.0
847 219.0
848 219.0
849 219.0
850 219.0
851 218.84044
852 219.0
853 191.09212
854 219.0
855 150.45422
856 145.99538
857 77.11542
858 158.8302
859 219.0
860 235.0
861 196.9367
862 195.96336
863 162.29626
864 73.74199
865 207.91423
866 159.44196
867 130.10655
868 159.12515
869 156.20891
870 162.36751
871 82.13353
872 176.516
873 34.16446
874 91.79843
875 219.0
876 220.134
877 39.84341
878 184.66316
879 220.134
880 84.0545
881 26.375027
882 235.0
883 235.0
884 219.0
885 197.21625
886 176.15343
887 235.0
888 92.05949
889 179.17007
890 203.26518
891 219.0
892 38.083004
893 203.85065
894 166.18906
895 127.80414
896 0.0
897 219.0
898 161.89003
899 219.0
900 218.7258
901 125.453735
902 403.89096
903 316.134
904 315.0
905 303.24866
906 235.0
907 235.0
908 235.0
909 235.0
910 235.0
911 235.0
912 235.0
913 235.0
914 235.0
915 235.0
916 235.0
917 235.0
918 235.0
919 235.0
920 235.0
921 235.0
922 235.0
923 235.0
924 235.0
925 235.0
926 235.0
927 228.59262
928 228.38538
929 220.134
930 220.134
931 220.134
932 220.134
933 220.134
934 219.0
935 219.0
936 219.0
937 219.0
938 219.0
939 219.0
940 219.0
941 219.0
942 219.0
943 219.0
944 219.0
945 219.0
946 219.0
947 219.0
948 219.0
949 219.0
950 219.0
951 219.0
952 100.49718
953 140.75604
954 235.0
955 145.85353
956 218.78035
957 170.03746
958 219.0
959 235.0
960 166.12302
961 79.23829
962 235.0
963 132.90729
964 44.102108
965 200.21275
966 219.0
967 219.0
968 20.022247
969 136.05777
970 29.915478
971 68.36802
972 113.9889
973 203.25726
974 235.0
975 49.400196
976 37.46976
977 132.05966
978 219.0
979 219.0
980 42.069344
981 72.88988
982 399.94202
983 112.86544
984 8.905662
985 219.0
986 82.18516
987 148.95435
988 182.67854
989 219.0
990 219.0
991 198.29512
992 219.0
993 219.0
994 193.10262
995 142.21162
996 109.617516
997 228.96945
998 54.285767
999 219.0
1000 43.950054
1001 191.98213
1002 403.89096
1003 399.94202
1004 316.134
1005 315.0
1006 303.24866
1007 235.0
1008 235.0
1009 235.0
1010 235.0
1011 235.0
1012 235.0
1013 235.0
1014 235.0
1015 235.0
1016 235.0
1017 235.0
1018 235.0
1019 235.0
1020 235.0
1021 235.0
1022 235.0
1023 235.0
1024 235.0
1025 235.0
1026 235.0
1027 235.0
1028 235.0
1029 235.0
1030 235.0
1031 235.0
1032 228.96945
1033 228.59262
1034 228.38538
1035 220.134
1036 220.134
1037 220.134
1038 220.134
1039 220.134
1040 219.0
1041 219.0
1042 219.0
1043 219.0
1044 219.0
1045 219.0
1046 219.0
1047 219.0
1048 219.0
1049 219.0
1050 219.0
1051 219.0
1052 33.134
1053 163.58148
1054 149.07898
1055 235.0
1056 102.05768
1057 235.0
1058 38.12489
1059 77.810844
1060 198.32376
1061 89.55451
1062 176.33331
1063 110.67274
1064 80.28702
1065 202.50041
1066 172.43045
1067 229.36142
1068 96.31752
1069 131.71281
1070 206.62782
1071 46.58505
1072 219.0
1073 197.7314
1074 132.93727
1075 6.6146307
1076 158.83505
1077 48.360256
1078 111.49594
1079 42.33767
1080 219.0
1081 174.5082
1082 94.09183
1083 187.06012
1084 219.0
1085 31.372747
1086 23.46092
1087 94.99685
1088 164.04099
1089 125.70409
1090 82.1202
1091 236.134
1092 49.520634
1093 219.0
1094 153.98602
1095 235.0
1096 219.0
1097 49.507717
1098 219.0
1099 156.24452
1100 214.75787
1101 219.0
1102 403.89096
1103 399.94202
1104 316.134
1105 315.0
1106 303.24866
1107 236.134
1108 235.0
1109 235.0
1110 235.0
1111 235.0
1112 235.0
1113 235.0
1114 235.0
1115 235.0
1116 235.0
1117 235.0
1118 235.0
1119 235.0
1120 235.0
1121 235.0
1122 235.0
1123 235.0
1124 235.0
1125 235.0
1126 235.0
1127 235.0
1128 235.0
1129 235.0
1130 235.0
1131 235.0
1132 235.0
1133 235.0
1134 235.0
1135 235.0
1136 229.36142
1137 228.96945
1138 228.59262
1139 228.38538
1140 220.134
1141 220.134
1142 220.134
1143 220.134
1144 220.134
1145 219.0
1146 219.0
1147 219.0
1148 219.0
1149 219.0
1150 219.0
1151 219.0
1152 235.0
1153 235.0
1154 48.72592
1155 235.0
1156 135.41353
1157 104.708466
1158 10.850336
1159 38.54863
1160 35.68063
1161 169.74364
1162 132.87875
1163 32.403374
1164 220.134
1165 234.01369
1166 112.516075
1167 37.73054
1168 235.0
1169 146.02959
1170 196.15321
1171 0.0
1172 220.134
1173 95.880165
1174 16.75243
1175 51.939064
1176 235.0
1177 29.731998
1178 235.0
1179 219.0
1180 219.0
1181 115.45899
1182 201.75941
1183 138.5123
1184 60.301403
1185 235.0
1186 49.701904
1187 95.33164
1188 39.89178
1189 101.448105
1190 222.86932
1191 39.747875
1192 181.95628
1193 188.17886
1194 219.0
1195 33.320744
1196 219.39835
1197 79.46917
1198 219.0
1199 109.362305
1200 85.98079
1201 0.0
1202 403.89096
1203 399.94202
1204 316.134
1205 315.0
1206 303.24866
1207 236.134
1208 235.0
1209 235.0
1210 235.0
1211 235.0
1212 235.0
1213 235.0
1214 235.0
1215 235.0
1216 235.0
1217 235.0
1218 235.0
1219 235.0
1220 235.0
1221 235.0
1222 235.0
1223 235.0
1224 235.0
1225 235.0
1226 235.0
1227 235.0
1228 235.0
1229 235.0
1230 235.0
1231 235.0
1232 235.0
1233 235.0
1234 235.0
1235 235.0
1236 235.0
1237 235.0
1238 235.0
1239 235.0
1240 235.0
1241 235.0
1242 235.0
1243 234.01369
1244 229.36142
1245 228.96945
1246 228.59262
1247 228.38538
1248 222.86932
1249 220.134
1250 220.134
1251 220.134
1252 179.23834
1253 220.134
1254 235.0
1255 219.0
1256 219.0
1257 136.8793
1258 220.134
1259 219.0
1260 90.46237
1261 73.39789
1262 121.79109
1263 189.88829
1264 174.76521
1265 235.0
1266 263.19305
1267 315.0
1268 219.0
1269 218.63986
1270 235.0
1271 123.380455
1272 0.0
1273 120.67272
1274 235.0
1275 0.0
1276 185.01178
1277 153.42125
1278 235.0
1279 219.0
1280 228.82266
1281 235.0
1282 97.97246
1283 86.03393
1284 235.0
1285 91.528404
1286 217.9823
1287 42.25613
1288 72.45507
1289 236.134
1290 219.0
1291 217.28433
1292 219.0
1293 219.0
1294 88.85423
1295 219.0
1296 219.3067
1297 219.0
1298 190.25246
1299 194.53325
1300 220.134
1301 220.134
1302 403.89096
1303 399.94202
1304 316.134
1305 315.0
1306 315.0
1307 303.24866
1308 263.19305
1309 236.134
1310 236.134
1311 235.0
1312 235.0
1313 235.0
1314 235.0
1315 235.0
1316 235.0
1317 235.0
1318 235.0
1319 235.0
1320 235.0
1321 235.0
1322 235.0
1323 235.0
1324 235.0
1325 235.0
1326 235.0
1327 235.0
1328 235.0
1329 235.0
1330 235.0
1331 235.0
1332 235.0
1333 235.0
1334 235.0
1335 235.0
1336 235.0
1337 235.0
1338 235.0
1339 235.0
1340 235.0
1341 235.0
1342 235.0
1343 235.0
1344 235.0
1345 235.0
1346 235.0
1347 235.0
1348 235.0
1349 235.0
1350 235.0
1351 235.0
1352 67.07666
1353 0.0
1354 177.7297
1355 219.0
1356 315.0
1357 219.0
1358 143.14656
1359 175.0131
1360 235.0
1361 112.94135
1362 219.0
1363 0.0
1364 194.41373
1365 235.0
1366 235.0
1367 115.983734
1368 134.36105
1369 219.0
1370 169.66321
1371 220.134
1372 235.0
1373 14.508583
1374 235.0
1375 235.0
1376 235.0
1377 235.0
1378 0.0
1379 125.70451
1380 154.65543
1381 38.850822
1382 235.0
1383 219.0
1384 31.688234
1385 220.134
1386 173.8028
1387 60.669945
1388 194.47945
1389 235.0
1390 44.32422
1391 68.87969
1392 161.87
1393 235.0
1394 220.134
1395 78.92703
1396 170.4785
1397 235.0
1398 39.862724
1399 125.45217
1400 83.53195
1401 235.0
1402 403.89096
1403 399.94202
1404 316.134
1405 315.0
1406 315.0
1407 315.0
1408 303.24866
1409 263.19305
1410 236.134
1411 236.134
1412 235.0
1413 235.0
1414 235.0
1415 235.0
1416 235.0
1417 235.0
1418 235.0
1419 235.0
1420 235.0
1421 235.0
1422 235.0
1423 235.0
1424 235.0
1425 235.0
1426 235.0
1427 235.0
1428 235.0
1429 235.0
1430 235.0
1431 235.0
1432 235.0
1433 235.0
1434 235.0
1435 235.0
1436 235.0
1437 235.0
1438 235.0
1439 235.0
1440 235.0
1441 235.0
1442 235.0
1443 235.0
1444 235.0
1445 235.0
1446 235.0
1447 235.0
1448 235.0
1449 235.0
1450 235.0
1451 235.0
1452 25.385368
1453 220.134
1454 131.22127
1455 235.0
1456 235.0
1457 235.0
1458 219.0
1459 212.38538
1460 115.62743
1461 35.412872
1462 219.0
1463 227.59006
1464 235.0
1465 36.90812
1466 235.0
1467 315.0
1468 84.94376
1469 235.0
1470 190.32048
1471 210.57483
1472 235.0
1473 44.081768
1474 240.57924
1475 34.67205
1476 205.35655
1477 235.0
1478 220.134
1479 219.0
1480 156.22986
1481 235.0
1482 9.119535
1483 58.072334
1484 190.00743
1485 219.0
1486 219.0
1487 173.78014
1488 111.53537
1489 219.0
1490 65.98892
1491 235.0
1492 120.51017
1493 219.0
1494 219.0
1495 219.0
1496 183.93083
1497 219.0
1498 219.0
1499 219.0
1500 164.13058
1501 94.884
1502 403.89096
1503 399.94202
1504 316.134
1505 315.0
1506 315.0
1507 315.0
1508 315.0
1509 303.24866
1510 263.19305
1511 240.57924
1512 236.134
1513 236.134
1514 235.0
1515 235.0
1516 235.0
1517 235.0
1518 235.0
1519 235.0
1520 235.0
1521 235.0
1522 235.0
1523 235.0
1524 235.0
1525 235.0
1526 235.0
1527 235.0
1528 235.0
1529 235.0
1530 235.0
1531 235.0
1532 235.0
1533 235.0
1534 235.0
1535 235.0
1536 235.0
1537 235.0
1538 235.0
1539 235.0
1540 235.0
1541 235.0
1542 235.0
1543 235.0
1544 235.0
1545 235.0
1546 235.0
1547 235.0
1548 235.0
1549 235.0
1550 235.0
1551 235.0
1552 77.87647
1553 235.0
1554 38.014633
1555 315.0
1556 218.74988
1557 235.0
1558 220.134
1559 205.4109
1560 236.134
1561 65.77494
1562 219.0
1563 50.252308
1564 173.83247
1565 230.28835
1566 154.51175
1567 219.0
1568 219.0
1569 235.0
1570 235.0
1571 235.0
1572 235.0
1573 153.44574
1574 80.68236
1575 118.245056
1576 65.745834
1577 235.0
1578 219.0
1579 220.134
1580 220.134
1581 38.765587
1582 83.34228
1583 0.0
1584 39.043495
1585 235.0
1586 77.58276
1587 51.793213
1588 219.0
1589 235.0
1590 171.18047
1591 235.0
1592 235.0
1593 235.0
1594 219.0
1595 217.75089
1596 315.0
1597 200.24792
1598 219.0
1599 235.0
1600 235.0
1601 102.25871
1602 403.89096
1603 399.94202
1604 316.134
1605 315.0
1606 315.0
1607 315.0
1608 315.0
1609 315.0
1610 315.0
1611 303.24866
1612 263.19305
1613 240.57924
1614 236.134
1615 236.134
1616 236.134
1617 235.0
1618 235.0
1619 235.0
