1 30.824205
2 0.0
3 0.0
4 0.0
5 130.33223
6 28.424498
7 0.0
8 66.15997
9 30.918276
10 76.834465
11 17.731178
12 67.36721
13 0.0
14 68.979774
15 26.641312
16 14.233899
17 125.492
18 32.6
19 16.054838
20 0.0
21 26.044106
22 26.519367
23 158.94453
24 0.0
25 54.11004
26 75.18327
27 45.406967
28 71.56117
29 55.14686
30 41.481876
31 34.4
32 84.19852
33 3.3418303
34 18.783705
35 29.323954
36 43.97904
37 25.447653
38 0.0
39 8.973629
40 29.203888
41 141.621
42 19.844534
43 88.747375
44 13.552977
45 33.009262
46 49.43319
47 104.64415
48 42.61663
49 46.489464
50 32.475258
51 0.0
52 0.0
53 38.45076
54 43.90635
55 54.871334
56 36.12674
57 26.57948
58 54.51451
59 22.881172
60 37.48063
61 48.83966
62 25.32445
63 126.05615
64 1.612232
65 30.866
66 0.0
67 9.076609
68 158.50523
69 38.61463
70 0.0
71 33.12811
72 25.385368
73 29.922743
74 175.868
75 59.302498
76 17.545815
77 120.317604
78 25.391438
79 14.333597
80 38.385662
81 154.34616
82 54.0651
83 0.0
84 2.866033
85 0.0
86 33.233013
87 116.50314
88 80.89124
89 0.0
90 68.8363
91 46.887672
92 28.597998
93 31.999998
94 14.335848
95 71.386986
96 171.33731
97 115.12805
98 115.28075
99 38.192085
100 33.858738
101 175.868
102 171.33731
103 158.94453
104 158.50523
105 154.34616
106 141.621
107 130.33223
108 126.05615
109 125.492
110 120.317604
111 116.50314
112 115.28075
113 115.12805
114 104.64415
115 88.747375
116 84.19852
117 80.89124
118 76.834465
119 75.18327
120 71.56117
121 71.386986
122 68.979774
123 68.8363
124 67.36721
125 66.15997
126 59.302498
127 55.14686
128 54.871334
129 54.51451
130 54.11004
131 54.0651
132 49.43319
133 48.83966
134 46.887672
135 46.489464
136 45.406967
137 43.97904
138 43.90635
139 42.61663
140 41.481876
141 38.61463
142 38.45076
143 38.385662
144 38.192085
145 37.48063
146 36.12674
147 34.4
148 33.858738
149 33.233013
150 33.12811
151 219.0
152 32.0
153 103.19154
154 119.35721
155 4.526504
156 45.88725
157 130.06471
158 65.919044
159 14.847848
160 33.068
161 48.39266
162 0.0
163 12.747228
164 111.071625
165 62.896786
166 35.468002
167 0.0
168 12.835384
169 17.88211
170 43.97522
171 132.60219
172 40.49665
173 27.647478
174 33.134
175 0.0
176 219.0
177 109.263054
178 2.334
179 0.0
180 65.69854
181 53.991444
182 24.251366
183 49.54564
184 219.0
185 33.07526
186 38.850822
187 0.0
188 36.8415
189 0.0
190 33.252274
191 17.66144
192 50.312008
193 40.34863
194 131.93596
195 32.0
196 71.35639
197 113.23614
198 0.0
199 20.936262
200 31.020788
201 219.0
202 219.0
203 219.0
204 175.868
205 171.33731
206 158.94453
207 158.50523
208 154.34616
209 141.621
210 132.60219
211 131.93596
212 130.33223
213 130.06471
214 126.05615
215 125.492
216 120.317604
217 119.35721
218 116.50314
219 115.28075
220 115.12805
221 113.23614
222 111.071625
223 109.263054
224 104.64415
225 103.19154
226 88.747375
227 84.19852
228 80.89124
229 76.834465
230 75.18327
231 71.56117
232 71.386986
233 71.35639
234 68.979774
235 68.8363
236 67.36721
237 66.15997
238 65.919044
239 65.69854
240 62.896786
241 59.302498
242 55.14686
243 54.871334
244 54.51451
245 54.11004
246 54.0651
247 53.991444
248 50.312008
249 49.54564
250 49.43319
251 485.26218
252 49.285866
253 159.77304
254 235.0
255 37.561687
256 18.999704
257 38.86002
258 108.17214
259 36.536003
260 76.42185
261 184.78055
262 219.0
263 30.866
264 76.9088
265 31.934
266 51.125664
267 123.036316
268 102.12131
269 42.671234
270 163.90257
271 150.39676
272 123.62716
273 0.0
274 31.999998
275 62.913197
276 33.667995
277 24.77852
278 48.3741
279 93.311066
280 24.038296
281 0.0
282 82.301605
283 54.483803
284 127.210915
285 8.9982395
286 30.8
287 115.01703
288 41.848564
289 0.0
290 3.3123534
291 103.901405
292 44.500023
293 21.671608
294 45.799305
295 0.0
296 49.72223
297 110.58891
298 30.838202
299 52.491966
300 35.402
301 485.26218
302 485.26218
303 235.0
304 219.0
305 219.0
306 219.0
307 219.0
308 184.78055
309 175.868
310 171.33731
311 163.90257
312 159.77304
313 158.94453
314 158.50523
315 154.34616
316 150.39676
317 141.621
318 132.60219
319 131.93596
320 130.33223
321 130.06471
322 127.210915
323 126.05615
324 125.492
325 123.62716
326 123.036316
327 120.317604
328 119.35721
329 116.50314
330 115.28075
331 115.12805
332 115.01703
333 113.23614
334 111.071625
335 110.58891
336 109.263054
337 108.17214
338 104.64415
339 103.901405
340 103.19154
341 102.12131
342 93.311066
343 88.747375
344 84.19852
345 82.301605
346 80.89124
347 76.9088
348 76.834465
349 76.42185
350 75.18327
351 71.56117
352 50.091084
353 0.0
354 220.134
355 219.0
356 101.83677
357 219.0
358 0.0
359 30.679255
360 48.425266
361 219.0
362 219.0
363 54.975826
364 219.0
365 12.613473
366 92.45999
367 35.21263
368 53.713634
369 8.795632
370 220.134
371 25.624775
372 174.00066
373 0.0
374 0.0
375 99.645454
376 214.28165
377 0.0
378 88.37142
379 71.390686
380 -2.0678487
381 26.519367
382 164.06477
383 90.06011
384 229.45204
385 114.83794
386 0.0
387 29.761642
388 219.0
389 93.248924
390 86.71312
391 14.464861
392 60.21284
393 47.5876
394 59.05904
395 42.145115
396 88.693634
397 47.39071
398 60.67967
399 160.7428
400 211.8772
401 42.244343
402 485.26218
403 235.0
404 229.45204
405 220.134
406 220.134
407 219.0
408 219.0
409 219.0
410 219.0
411 219.0
412 219.0
413 219.0
414 219.0
415 219.0
416 219.0
417 214.28165
418 211.8772
419 184.78055
420 175.868
421 174.00066
422 171.33731
423 164.06477
424 163.90257
425 160.7428
426 159.77304
427 158.94453
428 158.50523
429 154.34616
430 150.39676
431 141.621
432 132.60219
433 131.93596
434 130.33223
435 130.06471
436 127.210915
437 126.05615
438 125.492
439 123.62716
440 123.036316
441 120.317604
442 119.35721
443 116.50314
444 115.28075
445 115.12805
446 115.01703
447 114.83794
448 113.23614
449 111.071625
450 110.58891
451 109.263054
452 219.0
453 164.1871
454 166.9554
455 166.76613
456 49.54928
457 47.443813
458 45.581493
459 219.0
460 30.8
461 243.74171
462 507.0
463 33.134
464 32.0
465 158.38058
466 219.0
467 128.55168
468 213.37773
469 107.35498
470 42.805256
471 205.47337
472 65.625824
473 113.88483
474 219.0
475 174.00043
476 44.083748
477 38.526352
478 43.926723
479 105.04362
480 182.56104
481 125.751274
482 38.658524
483 83.46234
484 32.6
485 211.78716
486 80.06712
487 150.11038
488 148.51434
489 127.61859
490 126.95021
491 37.198483
492 56.48169
493 42.153145
494 67.51793
495 40.882633
496 86.60087
497 86.78464
498 74.15779
499 18.770737
500 56.28936
501 105.70487
502 507.0
503 507.0
504 485.26218
505 243.74171
506 235.0
507 229.45204
508 220.134
509 220.134
510 219.0
511 219.0
512 219.0
513 219.0
514 219.0
515 219.0
516 219.0
517 219.0
518 219.0
519 219.0
520 219.0
521 219.0
522 219.0
523 219.0
524 214.28165
525 213.37773
526 211.8772
527 211.78716
528 205.47337
529 184.78055
530 182.56104
531 175.868
532 174.00066
533 174.00043
534 171.33731
535 166.9554
536 166.76613
537 164.1871
538 164.06477
539 163.90257
540 160.7428
541 159.77304
542 158.94453
543 158.50523
544 158.38058
545 154.34616
546 150.39676
547 150.11038
548 148.51434
549 141.621
550 132.60219
551 131.93596
552 130.33223
553 213.18024
554 219.0
555 315.0
556 0.0
557 165.05255
558 111.61032
559 18.811451
560 125.11452
561 38.61463
562 118.20325
563 43.927143
564 216.99422
565 184.73608
566 235.0
567 180.54831
568 34.084522
569 60.61261
570 174.94412
571 235.0
572 10.262655
573 146.87883
574 219.0
575 164.1251
576 122.54719
577 30.81372
578 143.97795
579 57.12182
580 43.432022
581 134.98215
582 106.13748
583 235.0
584 58.107307
585 118.13657
586 35.402
587 219.0
588 171.4901
589 43.968376
590 71.42537
591 0.0
592 95.50326
593 33.78414
594 62.72427
595 27.224497
596 40.552273
597 34.334
598 40.050823
599 0.0
600 219.0
601 60.20246
602 4.2777624
603 507.0
604 485.26218
605 315.0
606 243.74171
607 235.0
608 235.0
609 235.0
610 235.0
611 229.45204
612 220.134
613 220.134
614 219.0
615 219.0
616 219.0
617 219.0
618 219.0
619 219.0
620 219.0
621 219.0
622 219.0
623 219.0
624 219.0
625 219.0
626 219.0
627 219.0
628 219.0
629 219.0
630 219.0
631 219.0
632 216.99422
633 214.28165
634 213.37773
635 213.18024
636 211.8772
637 211.78716
638 205.47337
639 184.78055
640 184.73608
641 182.56104
642 180.54831
643 175.868
644 174.94412
645 174.00066
646 174.00043
647 171.4901
648 171.33731
649 166.9554
650 166.76613
651 165.05255
652 164.1871
653 47.21488
654 25.916994
655 219.0
656 6.6146307
657 235.0
658 219.0
659 219.0
660 118.333786
661 235.0
662 21.330952
663 90.133194
664 37.48063
665 219.0
666 219.0
667 33.320744
668 71.095474
669 219.0
670 18.987959
671 0.0
672 71.100945
673 219.0
674 219.0
675 136.7842
676 185.98473
677 144.94157
678 69.77887
679 132.50926
680 38.61463
681 219.0
682 219.0
683 155.19106
684 140.74487
685 219.0
686 209.10771
687 144.44795
688 141.7616
689 70.96434
690 146.81201
691 158.47691
692 24.251366
693 105.63928
694 36.35252
695 235.37709
696 159.94421
697 18.096458
698 39.74863
699 136.50877
700 93.458244
701 197.67471
702 48.678154
703 507.0
704 485.26218
705 315.0
706 243.74171
707 235.37709
708 235.0
709 235.0
710 235.0
711 235.0
712 235.0
713 235.0
714 229.45204
715 220.134
716 220.134
717 219.0
718 219.0
719 219.0
720 219.0
721 219.0
722 219.0
723 219.0
724 219.0
725 219.0
726 219.0
727 219.0
728 219.0
729 219.0
730 219.0
731 219.0
732 219.0
733 219.0
734 219.0
735 219.0
736 219.0
737 219.0
738 219.0
739 219.0
740 219.0
741 219.0
742 219.0
743 219.0
744 219.0
745 219.0
746 216.99422
747 214.28165
748 213.37773
749 213.18024
750 211.8772
751 211.78716
752 209.10771
753 219.0
754 0.0
755 11.762097
756 31.778141
757 107.571
758 235.0
759 235.0
760 236.134
761 235.0
762 235.0
763 235.0
764 0.0
765 119.34981
766 143.84076
767 220.134
768 219.0
769 219.0
770 9.066368
771 0.0
772 235.0
773 0.0
774 185.70454
775 219.0
776 235.0
777 162.3712
778 147.91673
779 20.56342
780 76.93387
781 219.0
782 10.435039
783 48.48515
784 138.33842
785 199.26819
786 0.0
787 188.64287
788 219.0
789 219.0
790 153.08112
791 219.0
792 32.0
793 93.15225
794 31.34159
795 67.59521
796 199.36008
797 219.0
798 181.77208
799 235.0
800 219.0
801 38.61463
802 65.72258
803 507.0
804 485.26218
805 315.0
806 243.74171
807 236.134
808 235.37709
809 235.0
810 235.0
811 235.0
812 235.0
813 235.0
814 235.0
815 235.0
816 235.0
817 235.0
818 235.0
819 235.0
820 235.0
821 235.0
822 235.0
823 229.45204
824 220.134
825 220.134
826 220.134
827 219.0
828 219.0
829 219.0
830 219.0
831 219.0
832 219.0
833 219.0
834 219.0
835 219.0
836 219.0
837 219.0
838 219.0
839 219.0
840 219.0
841 219.0
842 219.0
843 219.0
844 219.0
845 219.0
846 219.0
847 219.0
848 219.0
849 219.0
850 219.0
851 219.0
852 219.0
853 0.0
854 16.447943
855 43.280167
856 220.134
857 219.0
858 21.634497
859 101.96913
860 235.17554
861 137.54541
862 219.0
863 42.895264
864 219.0
865 120.54455
866 0.0
867 49.282444
868 0.0
869 153.20033
870 235.0
871 184.85435
872 36.970787
873 6.662817
874 220.134
875 235.0
876 102.459045
877 30.866
878 175.0888
879 147.60979
880 121.03612
881 60.54361
882 36.32937
883 219.0
884 235.0
885 81.8051
886 187.06
887 229.50462
888 39.732662
889 21.249947
890 109.057144
891 233.86601
892 30.866
893 25.592823
894 38.61463
895 98.56976
896 19.69634
897 219.0
898 45.229263
899 171.94768
900 43.26141
901 188.92662
902 219.0
903 507.0
904 485.26218
905 315.0
906 243.74171
907 236.134
908 235.37709
909 235.17554
910 235.0
911 235.0
912 235.0
913 235.0
914 235.0
915 235.0
916 235.0
917 235.0
918 235.0
919 235.0
920 235.0
921 235.0
922 235.0
923 235.0
924 235.0
925 235.0
926 235.0
927 233.86601
928 229.50462
929 229.45204
930 220.134
931 220.134
932 220.134
933 220.134
934 220.134
935 219.0
936 219.0
937 219.0
938 219.0
939 219.0
940 219.0
941 219.0
942 219.0
943 219.0
944 219.0
945 219.0
946 219.0
947 219.0
948 219.0
949 219.0
950 219.0
951 219.0
952 219.0
953 0.0
954 219.0
955 219.0
956 235.0
957 171.0569
958 175.22285
959 16.344624
960 15.770679
961 24.4471
962 119.72126
963 219.0
964 219.0
965 236.134
966 235.0
967 168.32227
968 219.0
969 25.415323
970 219.0
971 235.0
972 130.96228
973 0.0
974 191.46158
975 235.0
976 155.70374
977 216.59314
978 30.734
979 228.14914
980 133.55219
981 79.11146
982 219.0
983 136.6699
984 219.0
985 219.0
986 219.0
987 91.31424
988 29.135517
989 219.0
990 219.0
991 168.5954
992 220.134
993 28.60389
994 140.54858
995 41.680595
996 49.598927
997 107.75074
998 143.158
999 61.8134
1000 201.41269
1001 219.0
1002 202.03241
1003 507.0
1004 485.26218
1005 315.0
1006 243.74171
1007 236.134
1008 236.134
1009 235.37709
1010 235.17554
1011 235.0
1012 235.0
1013 235.0
1014 235.0
1015 235.0
1016 235.0
1017 235.0
1018 235.0
1019 235.0
1020 235.0
1021 235.0
1022 235.0
1023 235.0
1024 235.0
1025 235.0
1026 235.0
1027 235.0
1028 235.0
1029 235.0
1030 235.0
1031 235.0
1032 233.86601
1033 229.50462
1034 229.45204
1035 228.14914
1036 220.134
1037 220.134
1038 220.134
1039 220.134
1040 220.134
1041 220.134
1042 219.0
1043 219.0
1044 219.0
1045 219.0
1046 219.0
1047 219.0
1048 219.0
1049 219.0
1050 219.0
1051 219.0
1052 219.0
1053 19.014132
1054 236.134
1055 63.91658
1056 302.2983
1057 176.74759
1058 49.001137
1059 124.77167
1060 158.76392
1061 17.722633
1062 8.775055
1063 130.68082
1064 153.19164
1065 12.302606
1066 219.0
1067 235.0
1068 219.0
1069 219.0
1070 219.0
1071 193.84438
1072 29.265774
1073 24.841257
1074 235.0
1075 219.0
1076 217.93307
1077 77.948395
1078 235.0
1079 219.0
1080 235.0
1081 219.0
1082 30.8
1083 175.71362
1084 126.21013
1085 219.0
1086 115.06611
1087 219.0
1088 158.75096
1089 30.866
1090 167.2993
1091 0.0
1092 182.23215
1093 315.0
1094 207.64545
1095 29.069996
1096 78.4024
1097 78.399506
1098 9.123727
1099 219.0
1100 103.91287
1101 219.0
1102 276.0
1103 507.0
1104 485.26218
1105 315.0
1106 315.0
1107 302.2983
1108 276.0
1109 243.74171
1110 236.134
1111 236.134
1112 236.134
1113 235.37709
1114 235.17554
1115 235.0
1116 235.0
1117 235.0
1118 235.0
1119 235.0
1120 235.0
1121 235.0
1122 235.0
1123 235.0
1124 235.0
1125 235.0
1126 235.0
1127 235.0
1128 235.0
1129 235.0
1130 235.0
1131 235.0
1132 235.0
1133 235.0
1134 235.0
1135 235.0
1136 235.0
1137 235.0
1138 235.0
1139 235.0
1140 233.86601
1141 229.50462
1142 229.45204
1143 228.14914
1144 220.134
1145 220.134
1146 220.134
1147 220.134
1148 220.134
1149 220.134
1150 219.0
1151 219.0
1152 219.0
1153 219.0
1154 219.0
1155 315.0
1156 219.0
1157 100.19906
1158 315.0
1159 63.66668
1160 219.0
1161 203.38226
1162 145.0608
1163 111.25631
1164 219.0
1165 219.0
1166 235.0
1167 52.316273
1168 61.04616
1169 219.0
1170 219.0
1171 158.80379
1172 67.055275
1173 26.527107
1174 235.0
1175 255.8284
1176 169.66708
1177 120.86265
1178 235.0
1179 15.910332
1180 235.0
1181 191.3001
1182 169.6986
1183 216.20216
1184 166.37012
1185 219.0
1186 31.52474
1187 235.0
1188 21.099607
1189 219.0
1190 79.64967
1191 219.0
1192 158.41644
1193 0.0
1194 220.134
1195 164.05606
1196 51.737446
1197 219.0
1198 235.0
1199 96.75507
1200 219.0
1201 219.0
1202 219.0
1203 507.0
1204 485.26218
1205 315.0
1206 315.0
1207 315.0
1208 315.0
1209 302.2983
1210 276.0
1211 255.8284
1212 243.74171
1213 236.134
1214 236.134
1215 236.134
1216 235.37709
1217 235.17554
1218 235.0
1219 235.0
1220 235.0
1221 235.0
1222 235.0
1223 235.0
1224 235.0
1225 235.0
1226 235.0
1227 235.0
1228 235.0
1229 235.0
1230 235.0
1231 235.0
1232 235.0
1233 235.0
1234 235.0
1235 235.0
1236 235.0
1237 235.0
1238 235.0
1239 235.0
1240 235.0
1241 235.0
1242 235.0
1243 235.0
1244 235.0
1245 235.0
1246 235.0
1247 235.0
1248 235.0
1249 233.86601
1250 229.50462
1251 229.45204
1252 228.14914
1253 225.08244
1254 0.0
1255 219.0
1256 235.0
1257 219.0
1258 220.134
1259 18.997755
1260 219.0
1261 14.125774
1262 233.866
1263 124.191345
1264 219.0
1265 27.54731
1266 40.020966
1267 219.0
1268 219.0
1269 136.69994
1270 37.834335
1271 219.0
1272 184.68175
1273 20.667408
1274 36.308735
1275 33.822315
1276 235.0
1277 235.0
1278 198.59444
1279 235.0
1280 25.415323
1281 235.0
1282 235.0
1283 0.0
1284 219.0
1285 132.67491
1286 235.0
1287 32.989506
1288 94.571205
1289 82.56694
1290 235.0
1291 219.0
1292 14.439235
1293 30.656466
1294 219.0
1295 235.0
1296 208.26578
1297 220.134
1298 48.836193
1299 23.363134
1300 16.98189
1301 11.633006
1302 114.923546
1303 507.0
1304 485.26218
1305 315.0
1306 315.0
1307 315.0
1308 315.0
1309 302.2983
1310 276.0
1311 255.8284
1312 243.74171
1313 236.134
1314 236.134
1315 236.134
1316 235.37709
1317 235.17554
1318 235.0
1319 235.0
1320 235.0
1321 235.0
1322 235.0
1323 235.0
1324 235.0
1325 235.0
1326 235.0
1327 235.0
1328 235.0
1329 235.0
1330 235.0
1331 235.0
1332 235.0
1333 235.0
1334 235.0
1335 235.0
1336 235.0
1337 235.0
1338 235.0
1339 235.0
1340 235.0
1341 235.0
1342 235.0
1343 235.0
1344 235.0
1345 235.0
1346 235.0
1347 235.0
1348 235.0
1349 235.0
1350 235.0
1351 235.0
1352 235.0
1353 219.52647
1354 182.12007
1355 276.0
1356 235.0
1357 219.0
1358 219.0
1359 31.75835
1360 334.85693
1361 190.89703
1362 219.0
1363 60.25904
1364 26.810286
1365 196.7107
1366 219.0
1367 213.34802
1368 233.866
1369 64.14273
1370 219.0
1371 148.79329
1372 235.0
1373 210.24713
1374 33.83913
1375 219.0
1376 235.0
1377 235.0
1378 235.0
1379 0.0
1380 20.020962
1381 165.5058
1382 79.52343
1383 31.04948
1384 235.0
1385 315.0
1386 219.0
1387 0.0
1388 170.62221
1389 201.89722
1390 219.0
1391 107.66853
1392 175.40733
1393 219.0
1394 129.6422
1395 219.0
1396 57.32657
1397 83.6866
1398 33.95528
1399 20.498323
1400 235.0
1401 196.67523
1402 118.28768
1403 507.0
1404 485.26218
1405 334.85693
1406 315.0
1407 315.0
1408 315.0
1409 315.0
1410 315.0
1411 302.2983
1412 276.0
1413 276.0
1414 255.8284
1415 243.74171
1416 236.134
1417 236.134
1418 236.134
1419 235.37709
1420 235.17554
1421 235.0
1422 235.0
1423 235.0
1424 235.0
1425 235.0
1426 235.0
1427 235.0
1428 235.0
1429 235.0
1430 235.0
1431 235.0
1432 235.0
1433 235.0
1434 235.0
1435 235.0
1436 235.0
1437 235.0
1438 235.0
1439 235.0
1440 235.0
1441 235.0
1442 235.0
1443 235.0
1444 235.0
1445 235.0
1446 235.0
1447 235.0
1448 235.0
1449 235.0
1450 235.0
1451 235.0
1452 235.0
1453 219.0
1454 14.425216
1455 77.649414
1456 19.851082
1457 299.66492
1458 26.585367
1459 175.924
1460 235.0
1461 31.465998
1462 191.37581
1463 37.48063
1464 153.30447
1465 216.14934
1466 235.0
1467 219.0
1468 30.866
1469 147.0788
1470 164.01614
1471 157.48918
1472 235.0
1473 29.981388
1474 33.134
1475 12.979829
1476 133.70203
1477 235.0
1478 276.0
1479 235.0
1480 0.0
1481 180.80545
1482 235.0
1483 0.0
1484 235.0
1485 29.731998
1486 219.0
1487 220.134
1488 105.09273
1489 159.34686
1490 219.0
1491 315.0
1492 234.96445
1493 212.00008
1494 63.411564
1495 165.60774
1496 235.0
1497 45.8309
1498 144.6749
1499 4.28652
1500 219.0
1501 219.0
1502 219.0
1503 507.0
1504 485.26218
1505 334.85693
1506 315.0
1507 315.0
1508 315.0
1509 315.0
1510 315.0
1511 315.0
1512 302.2983
1513 299.66492
1514 276.0
1515 276.0
1516 276.0
1517 255.8284
1518 243.74171
1519 236.134
1520 236.134
1521 236.134
1522 235.37709
1523 235.17554
1524 235.0
1525 235.0
1526 235.0
1527 235.0
1528 235.0
1529 235.0
1530 235.0
1531 235.0
1532 235.0
1533 235.0
1534 235.0
1535 235.0
1536 235.0
1537 235.0
1538 235.0
1539 235.0
1540 235.0
1541 235.0
1542 235.0
1543 235.0
1544 235.0
1545 235.0
1546 235.0
1547 235.0
1548 235.0
1549 235.0
1550 235.0
1551 235.0
1552 235.0
1553 219.0
1554 34.727688
1555 36.21463
1556 315.0
1557 78.423515
1558 235.0
1559 232.92036
1560 62.130634
1561 236.134
1562 71.19907
1563 14.316668
1564 58.971634
1565 220.134
1566 219.0
1567 219.0
1568 283.0896
1569 0.0
1570 84.15263
1571 14.26935
1572 119.85413
1573 219.0
1574 199.63666
1575 16.3883
1576 111.67569
1577 14.518552
1578 235.0
1579 219.0
1580 206.79912
1581 167.72853
1582 235.0
1583 235.0
1584 22.090492
1585 219.0
1586 235.0
1587 235.0
1588 219.0
1589 239.77869
1590 134.21173
1591 3.7379606
1592 235.0
1593 219.0
1594 114.42995
1595 28.781479
1596 112.32255
1597 219.0
1598 192.44217
1599 235.0
1600 219.0
1601 88.80128
1602 26.399963
1603 507.0
1604 485.26218
1605 334.85693
1606 315.0
1607 315.0
1608 315.0
1609 315.0
1610 315.0
1611 315.0
1612 315.0
1613 302.2983
1614 299.66492
1615 283.0896
1616 276.0
1617 276.0
1618 276.0
1619 255.8284
1620 243.74171
1621 239.77869
1622 236.134
1623 236.134
1624 236.134
1625 236.134
1626 235.37709
1627 235.17554
1628 235.0
1629 235.0
1630 235.0
1631 235.0
1632 235.0
1633 235.0
1634 235.0
1635 235.0
1636 235.0
1637 235.0
1638 235.0
1639 235.0
1640 235.0
1641 235.0
1642 235.0
1643 235.0
1644 235.0
1645 235.0
1646 235.0
1647 235.0
1648 235.0
1649 235.0
1650 235.0
1651 235.0
1652 235.0
1653 289.53287
1654 14.374891
1655 62.321926
1656 219.0
1657 235.0
1658 50.065308
1659 219.0
1660 309.94635
1661 219.0
1662 207.5998
1663 20.40627
1664 155.36775
1665 235.0
1666 235.0
1667 249.9881
1668 35.812634
1669 29.322742
1670 235.0
1671 45.178192
1672 235.0
1673 235.0
1674 145.26337
1675 43.39013
1676 219.0
1677 235.0
1678 99.783005
1679 219.0
1680 37.48063
1681 119.2459
1682 158.81151
1683 219.0
1684 219.0
1685 122.69281
1686 220.134
1687 219.0
1688 219.0
1689 41.833153
1690 220.134
1691 219.0
1692 218.42534
1693 235.0
1694 121.18442
1695 223.25485
1696 235.0
1697 219.0
1698 235.0
1699 235.0
1700 220.134
1701 219.0
1702 234.90675
1703 507.0
1704 485.26218
1705 334.85693
1706 315.0
1707 315.0
1708 315.0
1709 315.0
1710 315.0
1711 315.0
1712 315.0
1713 309.94635
1714 302.2983
1715 299.66492
1716 289.53287
1717 283.0896
1718 276.0
1719 276.0
1720 276.0
1721 255.8284
1722 249.9881
1723 243.74171
1724 239.77869
1725 236.134
1726 236.134
1727 236.134
1728 236.134
1729 235.37709
1730 235.17554
1731 235.0
1732 235.0
1733 235.0
1734 235.0
1735 235.0
1736 235.0
1737 235.0
1738 235.0
1739 235.0
1740 235.0
1741 235.0
1742 235.0
1743 235.0
1744 235.0
1745 235.0
1746 235.0
1747 235.0
1748 235.0
1749 235.0
1750 235.0
1751 235.0
1752 235.0
1753 15.844332
1754 507.0
1755 219.0
1756 164.23634
1757 219.0
1758 29.049831
1759 219.0
1760 233.77472
1761 235.0
1762 219.0
1763 118.14861
1764 0.0
1765 213.92073
1766 126.03682
1767 80.94072
1768 11.829258
1769 235.0
1770 219.0
1771 263.19305
1772 219.0
1773 0.0
1774 22.00404
1775 327.7242
1776 236.134
1777 235.0
1778 53.241344
1779 185.10403
1780 219.0
1781 219.0
1782 235.0
1783 219.0
1784 235.0
1785 36.24226
1786 219.0
1787 276.0
1788 315.0
1789 177.54387
1790 219.0
1791 25.50284
1792 204.9759
1793 228.16237
1794 219.0
1795 21.320381
1796 219.0
1797 235.0
1798 219.0
1799 235.0
1800 141.06741
1801 235.0
1802 219.0
1803 507.0
1804 507.0
1805 485.26218
1806 334.85693
1807 327.7242
1808 315.0
1809 315.0
1810 315.0
1811 315.0
1812 315.0
1813 315.0
1814 315.0
1815 315.0
1816 309.94635
1817 302.2983
1818 299.66492
1819 289.53287
1820 283.0896
1821 276.0
1822 276.0
1823 276.0
1824 276.0
1825 263.19305
1826 255.8284
1827 249.9881
1828 243.74171
1829 239.77869
1830 236.134
1831 236.134
1832 236.134
1833 236.134
1834 236.134
1835 235.37709
1836 235.17554
1837 235.0
1838 235.0
1839 235.0
1840 235.0
1841 235.0
1842 235.0
1843 235.0
1844 235.0
1845 235.0
1846 235.0
1847 235.0
1848 235.0
1849 235.0
1850 235.0
1851 235.0
1852 235.0
1853 26.45337
1854 217.42924
1855 96.38681
1856 220.134
1857 91.7191
1858 307.39023
1859 219.0
1860 307.80048
1861 220.134
1862 315.0
1863 315.0
1864 235.0
1865 219.0
1866 315.0
1867 24.015173
1868 235.0
1869 28.358498
1870 134.80338
1871 219.0
1872 219.0
1873 50.924614
1874 219.0
1875 235.0
1876 209.10667
1877 276.0
1878 101.32537
1879 235.0
1880 235.0
1881 65.71504
1882 235.0
1883 45.464264
1884 177.67334
1885 138.92665
1886 219.0
1887 219.0
1888 136.97845
1889 235.0
1890 235.0
1891 219.0
1892 25.385368
1893 219.0
1894 322.78577
1895 219.0
1896 29.731998
1897 219.0
1898 219.0
1899 235.0
1900 235.0
1901 264.68594
1902 219.0
1903 507.0
1904 507.0
1905 485.26218
1906 334.85693
1907 327.7242
1908 322.78577
1909 315.0
1910 315.0
1911 315.0
1912 315.0
1913 315.0
1914 315.0
1915 315.0
1916 315.0
1917 315.0
1918 315.0
1919 315.0
1920 309.94635
1921 307.80048
1922 307.39023
1923 302.2983
1924 299.66492
1925 289.53287
1926 283.0896
1927 276.0
1928 276.0
1929 276.0
1930 276.0
1931 276.0
1932 264.68594
1933 263.19305
1934 255.8284
1935 249.9881
1936 243.74171
1937 239.77869
1938 236.134
1939 236.134
1940 236.134
1941 236.134
1942 236.134
1943 235.37709
1944 235.17554
1945 235.0
1946 235.0
1947 235.0
1948 235.0
1949 235.0
1950 235.0
1951 235.0
1952 235.0
1953 235.0
1954 176.27766
1955 219.0
1956 165.01361
1957 219.0
1958 26.480349
1959 219.0
1960 219.0
1961 219.0
1962 235.0
1963 315.0
1964 69.20591
1965 219.0
1966 219.0
1967 212.86334
1968 229.57784
1969 212.67743
1970 186.3452
1971 315.0
1972 29.548452
1973 0.0
1974 9.201517
1975 219.0
1976 280.00922
1977 219.0
1978 200.6021
1979 235.0
1980 219.0
1981 26.170689
1982 235.0
1983 219.0
1984 192.80716
1985 28.656738
1986 219.0
1987 0.0
1988 128.02141
1989 74.01127
1990 204.86612
1991 219.0
1992 41.318398
1993 123.50909
1994 235.0
1995 315.0
1996 235.0
1997 220.134
1998 180.38005
1999 0.0
2000 289.48846
2001 219.0
2002 219.0
2003 507.0
2004 507.0
2005 485.26218
2006 334.85693
2007 327.7242
2008 322.78577
2009 315.0
2010 315.0
2011 315.0
2012 315.0
2013 315.0
2014 315.0
2015 315.0
2016 315.0
2017 315.0
2018 315.0
2019 315.0
2020 315.0
2021 315.0
2022 315.0
2023 309.94635
2024 307.80048
2025 307.39023
2026 302.2983
2027 299.66492
2028 289.53287
2029 289.48846
2030 283.0896
2031 280.00922
2032 276.0
2033 276.0
2034 276.0
2035 276.0
2036 276.0
2037 264.68594
2038 263.19305
2039 255.8284
2040 249.9881
2041 243.74171
2042 239.77869
2043 236.134
2044 236.134
2045 236.134
2046 236.134
2047 236.134
2048 235.37709
2049 235.17554
2050 235.0
2051 235.0
2052 235.0
2053 219.0
2054 235.0
2055 29.588455
2056 158.94295
2057 235.0
2058 219.0
2059 315.0
2060 255.07071
2061 219.0
2062 603.0
2063 219.0
2064 219.0
2065 383.08804
2066 219.0
2067 230.91609
2068 219.0
2069 235.0
2070 219.0
2071 219.0
2072 219.0
2073 175.86732
2074 235.0
2075 296.1376
2076 14.421644
2077 2.357969
2078 0.0
2079 22.295067
2080 219.0
2081 75.66012
2082 219.0
2083 38.54863
2084 201.2443
2085 0.0
2086 46.519245
2087 9.035675
2088 144.83406
2089 0.0
2090 220.134
2091 219.0
2092 235.0
2093 219.0
2094 235.0
2095 62.220802
2096 219.0
2097 30.8
2098 225.85086
2099 213.37602
2100 219.0
2101 125.87219
2102 219.0
2103 603.0
2104 603.0
2105 507.0
2106 507.0
2107 485.26218
2108 383.08804
2109 334.85693
2110 327.7242
2111 322.78577
2112 315.0
2113 315.0
2114 315.0
2115 315.0
2116 315.0
2117 315.0
2118 315.0
2119 315.0
2120 315.0
2121 315.0
2122 315.0
2123 315.0
2124 315.0
2125 315.0
2126 315.0
2127 309.94635
2128 307.80048
2129 307.39023
2130 302.2983
2131 299.66492
2132 296.1376
2133 289.53287
2134 289.48846
2135 283.0896
2136 280.00922
2137 276.0
2138 276.0
2139 276.0
2140 276.0
2141 276.0
2142 264.68594
2143 263.19305
2144 255.8284
2145 255.07071
2146 249.9881
2147 243.74171
2148 239.77869
2149 236.134
2150 236.134
2151 236.134
2152 236.134
2153 236.134
2154 235.0
2155 43.63833
2156 88.6604
2157 30.309677
2158 235.0
2159 14.566809
2160 94.45247
2161 219.0
2162 216.76187
2163 235.0
2164 219.0
2165 315.0
2166 219.0
2167 219.0
2168 235.0
2169 234.6106
2170 307.5345
2171 235.0
2172 93.137665
2173 235.0
2174 40.03367
2175 219.0
2176 235.0
2177 235.0
2178 235.0
2179 235.0
2180 32.600002
2181 220.134
2182 193.96176
2183 0.0
2184 54.782337
2185 235.0
2186 142.22865
2187 32.50569
2188 30.903833
2189 37.780495
2190 235.0
2191 235.0
2192 219.0
2193 162.31023
2194 169.65038
2195 219.0
2196 219.0
2197 219.0
2198 219.92282
2199 219.0
2200 219.0
2201 217.42203
2202 219.0
2203 205.85901
2204 603.0
2205 507.0
2206 507.0
2207 485.26218
2208 383.08804
2209 334.85693
2210 327.7242
2211 322.78577
2212 315.0
2213 315.0
2214 315.0
2215 315.0
2216 315.0
2217 315.0
2218 315.0
2219 315.0
2220 315.0
2221 315.0
2222 315.0
2223 315.0
2224 315.0
2225 315.0
2226 315.0
2227 315.0
2228 309.94635
2229 307.80048
2230 307.5345
2231 307.39023
2232 302.2983
2233 299.66492
2234 296.1376
2235 289.53287
2236 289.48846
2237 283.0896
2238 280.00922
2239 276.0
2240 276.0
2241 276.0
2242 276.0
2243 276.0
2244 264.68594
2245 263.19305
2246 255.8284
2247 255.07071
2248 249.9881
2249 243.74171
2250 239.77869
2251 236.134
2252 236.134
2253 236.134
2254 82.77646
2255 37.48063
2256 219.0
2257 219.0
2258 216.25706
2259 219.0
2260 219.0
2261 426.97006
2262 219.0
2263 219.0
2264 166.78728
2265 220.134
2266 214.53542
2267 195.51042
2268 29.065998
2269 235.0
2270 235.0
2271 41.36966
2272 301.59702
2273 219.0
2274 27.536648
2275 235.0
2276 219.0
2277 127.23568
2278 214.46475
2279 94.83838
2280 219.0
2281 36.831455
2282 25.359386
2283 210.05258
2284 25.414562
2285 0.0
2286 42.838867
2287 250.06056
2288 219.0
2289 29.98148
2290 235.0
2291 220.134
2292 3.4941533
2293 315.0
2294 44.812485
2295 77.18141
2296 235.0
2297 219.0
2298 219.0
2299 235.0
2300 0.0
2301 44.969116
2302 235.0
2303 49.701904
2304 603.0
2305 507.0
2306 507.0
2307 485.26218
2308 426.97006
2309 383.08804
2310 334.85693
2311 327.7242
2312 322.78577
2313 315.0
2314 315.0
2315 315.0
2316 315.0
2317 315.0
2318 315.0
2319 315.0
2320 315.0
2321 315.0
2322 315.0
2323 315.0
2324 315.0
2325 315.0
2326 315.0
2327 315.0
2328 315.0
2329 315.0
2330 309.94635
2331 307.80048
2332 307.5345
2333 307.39023
2334 302.2983
2335 301.59702
2336 299.66492
2337 296.1376
2338 289.53287
2339 289.48846
2340 283.0896
2341 280.00922
2342 276.0
2343 276.0
2344 276.0
2345 276.0
2346 276.0
2347 264.68594
2348 263.19305
2349 255.8284
2350 255.07071
2351 250.06056
2352 249.9881
2353 243.74171
2354 219.0
2355 48.685978
2356 235.0
2357 25.188547
2358 0.0
2359 235.0
2360 235.0
2361 219.0
2362 219.0
2363 25.197922
2364 220.134
2365 188.6409
2366 219.0
2367 309.24533
2368 195.38963
2369 9.798495
2370 228.38538
2371 219.0
2372 129.29062
2373 219.0
2374 315.0
2375 304.39563
2376 315.0
2377 235.0
2378 219.0
2379 219.0
2380 177.18494
2381 97.14795
2382 315.0
2383 219.0
2384 235.0
2385 16.862041
2386 219.0
2387 117.19408
2388 219.0
2389 53.82187
2390 9.430004
2391 109.31819
2392 263.38412
2393 23.904873
2394 118.8379
2395 220.134
2396 235.0
2397 220.134
2398 219.0
2399 18.794464
2400 219.0
2401 235.0
2402 220.134
2403 219.0
2404 603.0
2405 507.0
2406 507.0
2407 485.26218
2408 426.97006
2409 383.08804
2410 334.85693
2411 327.7242
2412 322.78577
2413 315.0
2414 315.0
2415 315.0
2416 315.0
2417 315.0
2418 315.0
2419 315.0
2420 315.0
2421 315.0
2422 315.0
2423 315.0
2424 315.0
2425 315.0
2426 315.0
2427 315.0
2428 315.0
2429 315.0
2430 315.0
2431 315.0
2432 315.0
2433 309.94635
2434 309.24533
2435 307.80048
2436 307.5345
2437 307.39023
2438 304.39563
2439 302.2983
2440 301.59702
2441 299.66492
2442 296.1376
2443 289.53287
2444 289.48846
2445 283.0896
2446 280.00922
2447 276.0
2448 276.0
2449 276.0
2450 276.0
2451 276.0
2452 264.68594
2453 263.38412
2454 324.77042
2455 219.0
2456 0.0
2457 219.0
2458 241.31876
2459 235.0
2460 219.0
2461 77.51203
2462 20.465895
2463 219.0
2464 0.0
2465 219.0
2466 170.60638
2467 274.40466
2468 235.0
2469 219.0
2470 85.839035
2471 209.21358
2472 219.0
2473 219.0
2474 173.91785
2475 507.0
2476 235.0
2477 195.86215
2478 235.0
2479 235.0
2480 249.7299
2481 235.0
2482 219.0
2483 64.33909
2484 61.275993
2485 315.0
2486 219.0
2487 18.544182
2488 235.0
2489 49.520634
2490 55.040527
2491 219.0
2492 133.08012
2493 70.93276
2494 235.0
2495 219.0
2496 110.812164
2497 21.174385
2498 8.98955
2499 220.134
2500 235.0
2501 80.16733
2502 40.129177
2503 235.0
2504 603.0
2505 507.0
2506 507.0
2507 507.0
2508 485.26218
2509 426.97006
2510 383.08804
2511 334.85693
2512 327.7242
2513 324.77042
2514 322.78577
2515 315.0
2516 315.0
2517 315.0
2518 315.0
2519 315.0
2520 315.0
2521 315.0
2522 315.0
2523 315.0
2524 315.0
2525 315.0
2526 315.0
2527 315.0
2528 315.0
2529 315.0
2530 315.0
2531 315.0
2532 315.0
2533 315.0
2534 315.0
2535 315.0
2536 309.94635
2537 309.24533
2538 307.80048
2539 307.5345
2540 307.39023
2541 304.39563
2542 302.2983
2543 301.59702
2544 299.66492
2545 296.1376
2546 289.53287
2547 289.48846
2548 283.0896
2549 280.00922
2550 276.0
2551 276.0
2552 276.0
2553 276.0
2554 219.0
2555 219.0
2556 235.0
2557 127.04273
2558 30.056177
2559 217.12923
2560 219.0
2561 23.300846
2562 219.0
2563 37.60537
2564 356.0
2565 219.0
2566 235.0
2567 235.0
2568 219.0
2569 306.1247
2570 192.26054
2571 218.72281
2572 219.0
2573 219.0
2574 316.134
2575 31.563316
2576 363.6179
2577 0.0
2578 315.0
2579 315.0
2580 0.0
2581 235.0
2582 181.32147
2583 228.38538
2584 192.72824
2585 219.0
2586 227.98312
2587 285.69708
2588 306.93533
2589 315.0
2590 323.14484
2591 213.31708
2592 43.845573
2593 60.563736
2594 162.04211
2595 235.0
2596 219.0
2597 46.708755
2598 219.0
2599 228.1239
2600 13.404779
2601 31.94464
2602 192.34549
2603 235.0
2604 603.0
2605 507.0
2606 507.0
2607 507.0
2608 485.26218
2609 426.97006
2610 383.08804
2611 363.6179
2612 356.0
2613 334.85693
2614 327.7242
2615 324.77042
2616 323.14484
2617 322.78577
2618 316.134
2619 315.0
2620 315.0
2621 315.0
2622 315.0
2623 315.0
2624 315.0
2625 315.0
2626 315.0
2627 315.0
2628 315.0
2629 315.0
2630 315.0
2631 315.0
2632 315.0
2633 315.0
2634 315.0
2635 315.0
2636 315.0
2637 315.0
2638 315.0
2639 315.0
2640 315.0
2641 315.0
2642 315.0
2643 309.94635
2644 309.24533
2645 307.80048
2646 307.5345
2647 307.39023
2648 306.93533
2649 306.1247
2650 304.39563
2651 302.2983
2652 301.59702
2653 299.66492
2654 274.7769
2655 219.0
2656 147.86621
2657 31.4
2658 36.28085
2659 60.543842
2660 235.0
2661 21.273275
2662 236.134
2663 220.134
2664 235.0
2665 215.43054
2666 315.0
2667 219.0
2668 235.0
2669 29.545256
2670 235.0
2671 219.0
2672 219.0
2673 211.01514
2674 219.0
2675 219.0
2676 0.0
2677 288.83405
2678 74.14626
2679 228.38538
2680 219.0
2681 235.0
2682 0.0
2683 219.0
2684 235.0
2685 27.725689
2686 316.134
2687 219.0
2688 356.0
2689 235.0
2690 166.79857
2691 112.511986
2692 0.0
2693 219.0
2694 53.66596
2695 235.0
2696 219.0
2697 55.900497
2698 184.3604
2699 46.856953
2700 219.0
2701 27.417175
2702 30.521366
2703 219.0
2704 603.0
2705 507.0
2706 507.0
2707 507.0
2708 485.26218
2709 426.97006
2710 383.08804
2711 363.6179
2712 356.0
2713 356.0
2714 334.85693
2715 327.7242
2716 324.77042
2717 323.14484
2718 322.78577
2719 316.134
2720 316.134
2721 315.0
2722 315.0
2723 315.0
2724 315.0
2725 315.0
2726 315.0
2727 315.0
2728 315.0
2729 315.0
2730 315.0
2731 315.0
2732 315.0
2733 315.0
2734 315.0
2735 315.0
2736 315.0
2737 315.0
2738 315.0
2739 315.0
2740 315.0
2741 315.0
2742 315.0
2743 315.0
2744 315.0
2745 315.0
2746 309.94635
2747 309.24533
2748 307.80048
2749 307.5345
2750 307.39023
2751 306.93533
2752 306.1247
2753 304.39563
2754 507.0
2755 219.0
2756 235.0
2757 42.10119
2758 54.36581
2759 62.54065
2760 219.0
2761 37.782825
2762 315.0
2763 0.0
2764 219.0
2765 41.11882
2766 219.0
2767 31.386469
2768 284.49252
2769 315.0
2770 201.54541
2771 219.0
2772 315.0
2773 314.9469
2774 220.134
2775 130.50594
2776 269.42383
2777 219.0
2778 42.90211
2779 315.0
2780 178.64548
2781 235.0
2782 213.59628
2783 218.64426
2784 195.51042
2785 219.0
2786 235.0
2787 235.0
2788 235.0
2789 145.31427
2790 187.87383
2791 219.0
2792 44.378925
2793 235.0
2794 235.0
2795 226.8009
2796 102.017624
2797 42.49232
2798 235.0
2799 219.0
2800 219.0
2801 122.04712
2802 235.0
2803 235.0
2804 603.0
2805 507.0
2806 507.0
2807 507.0
2808 507.0
2809 485.26218
2810 426.97006
2811 383.08804
2812 363.6179
2813 356.0
2814 356.0
2815 334.85693
2816 327.7242
2817 324.77042
2818 323.14484
2819 322.78577
2820 316.134
2821 316.134
2822 315.0
2823 315.0
2824 315.0
2825 315.0
2826 315.0
2827 315.0
2828 315.0
2829 315.0
2830 315.0
2831 315.0
2832 315.0
2833 315.0
2834 315.0
2835 315.0
2836 315.0
2837 315.0
2838 315.0
2839 315.0
2840 315.0
2841 315.0
2842 315.0
2843 315.0
2844 315.0
2845 315.0
2846 315.0
2847 315.0
2848 315.0
2849 315.0
2850 315.0
2851 314.9469
2852 309.94635
2853 309.24533
2854 219.0
2855 61.74595
2856 27.935516
2857 219.0
2858 219.0
2859 23.002972
2860 236.134
2861 210.24126
2862 348.72055
2863 25.868263
2864 200.04785
2865 235.0
2866 43.38093
2867 219.0
2868 0.0
2869 16.184347
2870 197.9662
2871 235.0
2872 0.0
2873 219.0
2874 189.56798
2875 219.0
2876 507.0
2877 235.0
2878 217.866
2879 219.0
2880 235.0
2881 23.842867
2882 0.0
2883 14.523088
2884 220.45274
2885 207.40594
2886 191.40851
2887 219.0
2888 235.0
2889 219.0
2890 315.0
2891 235.0
2892 140.72307
2893 235.0
2894 66.07512
2895 207.0919
2896 219.0
2897 315.0
2898 127.35453
2899 254.983
2900 27.583715
2901 140.73843
2902 212.38538
2903 235.0
2904 603.0
2905 507.0
2906 507.0
2907 507.0
2908 507.0
2909 507.0
2910 485.26218
2911 426.97006
2912 383.08804
2913 363.6179
2914 356.0
2915 356.0
2916 348.72055
2917 334.85693
2918 327.7242
2919 324.77042
2920 323.14484
2921 322.78577
2922 316.134
2923 316.134
2924 315.0
2925 315.0
2926 315.0
2927 315.0
2928 315.0
2929 315.0
2930 315.0
2931 315.0
2932 315.0
2933 315.0
2934 315.0
2935 315.0
2936 315.0
2937 315.0
2938 315.0
2939 315.0
2940 315.0
2941 315.0
2942 315.0
2943 315.0
2944 315.0
2945 315.0
2946 315.0
2947 315.0
2948 315.0
2949 315.0
2950 315.0
2951 315.0
2952 315.0
2953 315.0
2954 219.0
2955 135.26207
2956 219.0
2957 70.2036
2958 56.164783
2959 102.76766
2960 235.96198
2961 207.91158
2962 315.0
2963 231.60716
2964 112.30051
2965 33.363873
2966 172.8449
2967 219.0
2968 219.0
2969 219.0
2970 49.289703
2971 94.92021
2972 219.0
2973 235.0
2974 202.04158
2975 180.57124
2976 219.0
2977 170.21048
2978 229.91533
2979 30.932001
2980 28.31661
2981 315.0
2982 219.0
2983 61.74317
2984 5.2434573
2985 235.0
2986 222.68608
2987 315.0
2988 219.0
2989 235.0
2990 173.15698
2991 38.54863
2992 219.0
2993 235.0
2994 307.35007
2995 299.8536
2996 235.0
2997 212.31348
2998 219.0
2999 302.69632
3000 26.801516
3001 209.90749
3002 219.0
3003 287.68097
3004 603.0
3005 507.0
3006 507.0
3007 507.0
3008 507.0
3009 507.0
3010 485.26218
3011 426.97006
3012 383.08804
3013 363.6179
3014 356.0
3015 356.0
3016 348.72055
3017 334.85693
3018 327.7242
3019 324.77042
3020 323.14484
3021 322.78577
3022 316.134
3023 316.134
3024 315.0
3025 315.0
3026 315.0
3027 315.0
3028 315.0
3029 315.0
3030 315.0
3031 315.0
3032 315.0
3033 315.0
3034 315.0
3035 315.0
3036 315.0
3037 315.0
3038 315.0
3039 315.0
3040 315.0
3041 315.0
3042 315.0
3043 315.0
3044 315.0
3045 315.0
3046 315.0
3047 315.0
3048 315.0
3049 315.0
3050 315.0
3051 315.0
3052 315.0
3053 315.0
3054 78.423515
3055 219.0
3056 235.0
3057 219.0
3058 219.0
3059 235.0
3060 10.507846
3061 54.118668
3062 235.0
3063 208.58221
3064 201.0524
3065 118.26559
3066 189.4332
3067 219.0
3068 181.8839
3069 236.134
3070 311.54324
3071 276.0
3072 235.0
3073 315.0
3074 163.76125
3075 14.061858
3076 219.0
3077 8.781219
3078 235.0
3079 219.0
3080 219.0
3081 235.0
3082 219.0
3083 219.0
3084 235.0
3085 315.0
3086 116.273834
3087 315.0
3088 236.134
3089 31.4
3090 219.0
3091 529.1762
3092 219.0
3093 201.39177
3094 219.0
3095 235.0
3096 124.879425
3097 0.0
3098 220.134
3099 141.72173
3100 14.893442
3101 24.911345
3102 219.0
3103 235.0
3104 603.0
3105 529.1762
3106 507.0
3107 507.0
3108 507.0
3109 507.0
3110 507.0
3111 485.26218
3112 426.97006
3113 383.08804
3114 363.6179
3115 356.0
3116 356.0
3117 348.72055
3118 334.85693
3119 327.7242
3120 324.77042
3121 323.14484
3122 322.78577
3123 316.134
3124 316.134
3125 315.0
3126 315.0
3127 315.0
3128 315.0
3129 315.0
3130 315.0
3131 315.0
3132 315.0
3133 315.0
3134 315.0
3135 315.0
3136 315.0
3137 315.0
3138 315.0
3139 315.0
3140 315.0
3141 315.0
3142 315.0
3143 315.0
3144 315.0
3145 315.0
3146 315.0
3147 315.0
3148 315.0
3149 315.0
3150 315.0
3151 315.0
3152 315.0
3153 315.0
3154 219.0
3155 219.0
3156 235.0
3157 219.0
3158 115.03722
3159 186.80173
3160 507.0
3161 17.257912
3162 219.0
3163 219.0
3164 152.45265
3165 205.48184
3166 46.745045
3167 192.56955
3168 235.0
3169 148.38808
3170 70.167854
3171 43.950054
3172 219.0
3173 220.134
3174 315.0
3175 55.300495
3176 315.0
3177 315.0
3178 44.035103
3179 219.0
3180 315.0
3181 219.0
3182 235.0
3183 219.0
3184 235.0
