1 32.0
2 158.85448
3 38.61463
4 25.385368
5 38.61463
6 158.85446
7 25.385368
8 38.850822
9 0.0
10 219.0
11 0.0
12 32.0
13 32.0
14 33.134
15 6.6146307
16 0.0
17 158.85446
18 207.39551
19 220.134
20 93.37531
21 0.0
22 0.0
23 0.0
24 0.0
25 0.0
26 25.385368
27 0.0
28 32.0
29 219.0
30 163.9763
31 44.155464
32 207.01793
33 25.385368
34 0.0
35 38.61463
36 30.866
37 219.0
38 32.0
39 109.40977
40 32.0
41 32.0
42 0.0
43 235.0
44 6.6146307
45 25.149174
46 32.0
47 38.61463
48 38.61463
49 219.0
50 93.37531
51 82.441956
52 32.0
53 158.85446
54 0.0
55 1.2
56 32.0
57 0.0
58 219.0
59 315.0
60 220.134
61 38.850822
62 32.0
63 32.0
64 1.2
65 0.0
66 0.0
67 93.29257
68 32.0
69 219.0
70 25.385368
71 158.85446
72 0.0
73 0.0
74 163.9763
75 1.1340001
76 0.0
77 32.0
78 25.385368
79 98.682686
80 25.149174
81 1.1340001
82 32.0
83 0.0
84 38.61463
85 220.134
86 38.61463
87 25.385368
88 32.0
89 169.5441
90 32.0
91 0.0
92 32.0
93 33.134
94 0.0
95 19.844534
96 1.1340001
97 0.0
98 38.61463
99 25.385368
100 0.0
101 315.0
102 315.0
103 235.0
104 220.134
105 220.134
106 220.134
107 219.0
108 219.0
109 219.0
110 219.0
111 219.0
112 219.0
113 207.39551
114 207.01793
115 169.5441
116 163.9763
117 163.9763
118 158.85448
119 158.85446
120 158.85446
121 158.85446
122 158.85446
123 109.40977
124 98.682686
125 93.37531
126 93.37531
127 93.29257
128 82.441956
129 44.155464
130 38.850822
131 38.850822
132 38.61463
133 38.61463
134 38.61463
135 38.61463
136 38.61463
137 38.61463
138 38.61463
139 38.61463
140 33.134
141 33.134
142 32.0
143 32.0
144 32.0
145 32.0
146 32.0
147 32.0
148 32.0
149 32.0
150 32.0
151 32.0
152 219.0
153 219.0
154 220.134
155 219.0
156 87.6954
