1 0.0
2 0.0
3 30.866
4 0.0
5 30.81372
6 1.2
7 37.48063
8 0.0
9 235.0
10 33.501465
11 175.17163
12 127.12857
13 0.0
14 25.385368
15 25.385368
16 0.0
17 0.0
18 0.0
19 0.0
20 0.0
21 6.7539415
22 0.0
23 219.0
24 130.18285
25 0.0
26 17.66593
27 0.0
28 76.91565
29 30.866
30 93.35487
31 32.0
32 0.0
33 219.0
34 0.0
35 0.0
36 220.134
37 152.95009
38 0.0
39 25.385368
40 0.0
41 98.682686
42 7.8146305
43 25.385366
44 0.0
45 39.98482
46 32.0
47 32.0
48 32.0
49 74.09296
50 30.866
51 207.90369
52 50.890675
53 32.6
54 14.479365
55 0.0
56 0.0
57 37.716824
58 0.0
59 0.0
60 201.41202
61 0.0
62 0.0
63 0.0
64 30.679255
65 6.6146307
66 0.0
67 0.0
68 20.884174
69 13.567224
70 24.280561
71 50.419865
72 0.0
73 219.0
74 117.31387
75 219.0
76 34.334
77 166.11961
78 87.92974
79 49.285866
80 131.4739
81 32.0
82 3.6813807
83 0.0
84 33.134
85 0.0
86 0.0
87 136.93683
88 147.62895
89 30.866
90 41.929207
91 43.988956
92 104.21279
93 0.0
94 220.134
95 147.62897
96 219.0
97 0.0
98 87.60242
99 141.49672
100 32.0
101 235.0
102 220.134
103 220.134
104 219.0
105 219.0
106 219.0
107 219.0
108 219.0
109 207.90369
110 201.41202
111 175.17163
112 166.11961
113 152.95009
114 147.62897
115 147.62895
116 141.49672
117 136.93683
118 131.4739
119 130.18285
120 127.12857
121 117.31387
122 104.21279
123 98.682686
124 93.35487
125 87.92974
126 87.60242
127 76.91565
128 74.09296
129 50.890675
130 50.419865
131 49.285866
132 43.988956
133 41.929207
134 39.98482
135 37.716824
136 37.48063
137 34.334
138 33.501465
139 33.134
140 32.6
141 32.0
142 32.0
143 32.0
144 32.0
145 32.0
146 32.0
147 30.866
148 30.866
149 30.866
150 30.866
151 219.0
152 28.02113
153 32.0
154 219.0
155 38.54863
156 235.0
157 136.92737
158 235.0
159 109.468094
160 196.77507
161 26.58537
162 0.0
163 0.0
164 0.0
165 34.268
166 32.0
167 114.84356
168 219.0
169 218.46045
170 87.6954
171 70.73749
172 38.68063
173 45.122955
174 38.647434
175 0.0
176 185.91795
177 87.60242
178 120.488235
179 167.46646
180 26.51937
181 37.716824
182 98.80655
183 0.0
184 0.0
185 43.02146
186 22.14904
187 30.81372
188 38.61463
189 17.636734
190 30.866
191 156.14227
192 33.134
193 33.134
194 25.149174
195 158.44577
196 32.0
197 0.0
198 219.0
199 1.1340001
200 0.0
201 235.0
202 235.0
203 235.0
204 220.134
205 220.134
206 219.0
207 219.0
208 219.0
209 219.0
210 219.0
211 219.0
212 219.0
213 219.0
214 219.0
215 218.46045
216 207.90369
217 201.41202
218 196.77507
219 185.91795
220 175.17163
221 167.46646
222 166.11961
223 158.44577
224 156.14227
225 152.95009
226 147.62897
227 147.62895
228 141.49672
229 136.93683
230 136.92737
231 131.4739
232 130.18285
233 127.12857
234 120.488235
235 117.31387
236 114.84356
237 109.468094
238 104.21279
239 98.80655
240 98.682686
241 93.35487
242 87.92974
243 87.6954
244 87.60242
245 87.60242
246 76.91565
247 74.09296
248 70.73749
249 50.890675
250 50.419865
251 219.0
252 200.88669
253 219.0
254 220.134
255 61.01551
256 219.0
257 219.0
258 235.0
259 0.0
260 219.0
261 33.134
262 25.385368
263 218.09068
264 219.0
265 235.0
266 55.15017
267 93.37531
268 98.682686
269 131.3771
270 60.43475
271 144.90138
272 219.0
273 0.0
274 179.95563
275 1.1340001
276 32.0
277 158.85448
278 38.61463
279 32.065998
280 0.0
281 0.0
282 32.0
283 32.0
284 125.9862
285 219.0
286 196.58879
287 219.0
288 98.748245
289 39.98482
290 2.868
291 137.77388
292 0.0
293 0.0
294 93.6887
295 32.0
296 0.0
297 0.0
298 24.015173
299 14.479365
300 65.81374
301 235.0
302 235.0
303 235.0
304 235.0
305 235.0
306 220.134
307 220.134
308 220.134
309 219.0
310 219.0
311 219.0
312 219.0
313 219.0
314 219.0
315 219.0
316 219.0
317 219.0
318 219.0
319 219.0
320 219.0
321 219.0
322 219.0
323 219.0
324 219.0
325 219.0
326 219.0
327 218.46045
328 218.09068
329 207.90369
330 201.41202
331 200.88669
332 196.77507
333 196.58879
334 185.91795
335 179.95563
336 175.17163
337 167.46646
338 166.11961
339 158.85448
340 158.44577
341 156.14227
342 152.95009
343 147.62897
344 147.62895
345 144.90138
346 141.49672
347 137.77388
348 136.93683
349 136.92737
350 131.4739
351 153.14421
352 235.0
353 61.545013
354 235.0
355 219.0
356 99.96075
357 30.866001
358 0.0
359 110.45925
360 219.0
361 137.0198
362 207.03165
363 220.134
364 121.15917
365 219.0
366 0.0
367 93.37531
368 105.4954
369 219.0
370 136.73114
371 211.8577
372 316.134
373 220.134
374 219.0
375 43.90635
376 219.0
377 116.37927
378 149.63977
379 142.28525
380 0.0
381 32.0
382 219.0
383 488.28674
384 114.80605
385 206.0917
386 98.60904
387 33.134
388 60.553146
389 158.85448
390 36.002
391 195.46234
392 0.0
393 164.8773
394 55.900497
395 25.385368
396 118.29656
397 220.134
398 39.814632
399 33.134
400 218.52637
401 488.28674
402 316.134
403 235.0
404 235.0
405 235.0
406 235.0
407 235.0
408 235.0
409 235.0
410 220.134
411 220.134
412 220.134
413 220.134
414 220.134
415 220.134
416 219.0
417 219.0
418 219.0
419 219.0
420 219.0
421 219.0
422 219.0
423 219.0
424 219.0
425 219.0
426 219.0
427 219.0
428 219.0
429 219.0
430 219.0
431 219.0
432 219.0
433 219.0
434 219.0
435 219.0
436 219.0
437 219.0
438 219.0
439 219.0
440 219.0
441 218.52637
442 218.46045
443 218.09068
444 211.8577
445 207.90369
446 207.03165
447 206.0917
448 201.41202
449 200.88669
450 196.77507
451 122.518425
452 236.134
453 219.0
454 158.71715
455 142.00233
456 235.0
457 191.53252
458 0.0
459 236.134
460 33.134
461 0.0
462 219.0
463 220.134
464 4.4409366
465 87.82899
466 71.48957
467 6.6146307
468 174.74208
469 37.41463
470 219.0
471 235.0
472 180.36674
473 33.134
474 29.731998
475 219.0
476 5.1552315
477 219.0
478 178.70128
479 153.2265
480 120.47789
481 48.203247
482 30.866
483 174.73912
484 220.134
485 17.433187
486 219.0
487 30.866
488 49.285866
489 219.0
490 219.0
491 202.48553
492 169.47897
493 32.0
494 9.0112705
495 169.6173
496 196.55482
497 60.619583
498 0.0
499 219.0
500 219.0
501 488.28674
502 316.134
503 236.134
504 236.134
505 235.0
506 235.0
507 235.0
508 235.0
509 235.0
510 235.0
511 235.0
512 235.0
513 235.0
514 220.134
515 220.134
516 220.134
517 220.134
518 220.134
519 220.134
520 220.134
521 220.134
522 219.0
523 219.0
524 219.0
525 219.0
526 219.0
527 219.0
528 219.0
529 219.0
530 219.0
531 219.0
532 219.0
533 219.0
534 219.0
535 219.0
536 219.0
537 219.0
538 219.0
539 219.0
540 219.0
541 219.0
542 219.0
543 219.0
544 219.0
545 219.0
546 219.0
547 219.0
548 219.0
549 219.0
550 219.0
551 0.0
552 147.55812
553 207.86392
554 235.0
555 60.193043
556 219.0
557 219.0
558 219.0
559 219.0
560 235.0
561 219.0
562 110.58752
563 168.23016
564 18.419865
565 219.0
566 6.0838547
567 32.0
568 220.134
569 142.371
570 82.060776
571 93.03338
572 219.0
573 34.268
574 30.866
575 220.134
576 158.51865
577 66.70099
578 235.0
579 32.0
580 236.134
581 41.11882
582 235.0
583 36.34663
584 32.0
585 25.385368
586 219.0
587 219.0
588 204.10797
589 235.0
590 33.134
591 219.0
592 163.9763
593 219.0
594 72.32537
595 235.0
596 18.76389
597 235.0
598 169.6173
599 31.933998
600 213.41115
601 488.28674
602 316.134
603 236.134
604 236.134
605 236.134
606 235.0
607 235.0
608 235.0
609 235.0
610 235.0
611 235.0
612 235.0
613 235.0
614 235.0
615 235.0
616 235.0
617 235.0
618 235.0
619 235.0
620 235.0
621 235.0
622 220.134
623 220.134
624 220.134
625 220.134
626 220.134
627 220.134
628 220.134
629 220.134
630 220.134
631 220.134
632 219.0
633 219.0
634 219.0
635 219.0
636 219.0
637 219.0
638 219.0
639 219.0
640 219.0
641 219.0
642 219.0
643 219.0
644 219.0
645 219.0
646 219.0
647 219.0
648 219.0
649 219.0
650 219.0
651 0.0
652 152.93501
653 220.134
654 29.666
655 219.0
656 219.0
657 147.62634
658 0.0
659 219.0
660 219.0
661 49.72958
662 235.0
663 78.936615
664 219.0
665 219.0
666 219.0
667 235.0
668 207.72482
669 219.0
670 37.48063
671 125.75753
672 219.0
673 32.0
674 196.71144
675 37.480633
676 9.191028
677 0.0
678 0.0
679 230.9246
680 191.22275
681 236.134
682 105.32537
683 235.0
684 120.63535
685 46.429264
686 213.33226
687 0.0
688 93.218925
689 219.0
690 3.8069592
691 263.29706
692 169.6173
693 219.0
694 219.0
695 195.76881
696 235.0
697 219.0
698 169.24419
699 219.0
700 315.0
701 488.28674
702 316.134
703 315.0
704 263.29706
705 236.134
706 236.134
707 236.134
708 236.134
709 235.0
710 235.0
711 235.0
712 235.0
713 235.0
714 235.0
715 235.0
716 235.0
717 235.0
718 235.0
719 235.0
720 235.0
721 235.0
722 235.0
723 235.0
724 235.0
725 235.0
726 235.0
727 235.0
728 235.0
729 230.9246
730 220.134
731 220.134
732 220.134
733 220.134
734 220.134
735 220.134
736 220.134
737 220.134
738 220.134
739 220.134
740 220.134
741 219.0
742 219.0
743 219.0
744 219.0
745 219.0
746 219.0
747 219.0
748 219.0
749 219.0
750 219.0
751 136.75366
752 202.1155
753 48.38663
754 219.0
755 98.57042
756 153.14424
757 235.0
758 220.134
759 12.267453
760 219.0
761 219.0
762 202.33723
763 68.72239
764 235.0
765 147.90118
766 315.0
767 224.10466
768 153.05693
769 103.8348
770 0.0
771 219.0
772 50.376835
773 235.0
774 179.08553
775 219.0
776 219.0
777 219.0
778 219.0
779 65.87343
780 30.866
781 219.0
782 220.134
783 193.31258
784 235.0
785 1.1340001
786 219.0
787 219.0
788 16.849848
789 220.134
790 92.886604
791 33.134
792 198.6996
793 236.134
794 203.49147
795 142.44266
796 235.0
797 180.3962
798 0.0
799 219.0
800 235.0
801 488.28674
802 316.134
803 315.0
804 315.0
805 263.29706
806 236.134
807 236.134
808 236.134
809 236.134
810 236.134
811 235.0
812 235.0
813 235.0
814 235.0
815 235.0
816 235.0
817 235.0
818 235.0
819 235.0
820 235.0
821 235.0
822 235.0
823 235.0
824 235.0
825 235.0
826 235.0
827 235.0
828 235.0
829 235.0
830 235.0
831 235.0
832 235.0
833 235.0
834 235.0
835 235.0
836 235.0
837 230.9246
838 224.10466
839 220.134
840 220.134
841 220.134
842 220.134
843 220.134
844 220.134
845 220.134
846 220.134
847 220.134
848 220.134
849 220.134
850 220.134
851 37.69726
852 192.40599
853 235.0
854 125.656906
855 213.19664
856 87.50059
857 138.4846
858 219.0
859 116.48144
860 47.12314
861 219.64569
862 115.18173
863 161.9505
864 235.0
865 219.0
866 0.0
867 0.0
868 219.0
869 29.731998
870 219.0
871 316.134
872 158.61108
873 44.769352
874 147.81596
875 235.0
876 219.0
877 236.134
878 158.62582
879 42.96126
880 29.85674
881 219.0
882 219.0
883 220.134
884 236.134
885 219.0
886 219.0
887 202.35146
888 153.40892
889 219.0
890 219.0
891 220.134
892 0.0
893 235.0
894 220.134
895 220.134
896 218.52016
897 213.74217
898 219.0
899 98.43992
900 219.0
901 488.28674
902 316.134
903 316.134
904 315.0
905 315.0
906 263.29706
907 236.134
908 236.134
909 236.134
910 236.134
911 236.134
912 236.134
913 236.134
914 235.0
915 235.0
916 235.0
917 235.0
918 235.0
919 235.0
920 235.0
921 235.0
922 235.0
923 235.0
924 235.0
925 235.0
926 235.0
927 235.0
928 235.0
929 235.0
930 235.0
931 235.0
932 235.0
933 235.0
934 235.0
935 235.0
936 235.0
937 235.0
938 235.0
939 235.0
940 235.0
941 235.0
942 235.0
943 235.0
944 230.9246
945 224.10466
946 220.134
947 220.134
948 220.134
949 220.134
950 220.134
951 147.47739
952 219.0
953 196.88832
954 1.7162966
955 219.0
956 219.0
957 235.0
958 235.0
959 235.0
960 136.78131
961 163.86197
962 143.99237
963 219.0
964 235.0
965 114.962494
966 235.0
967 235.0
968 18.674349
969 235.0
970 61.137657
971 220.134
972 235.0
973 219.0
974 236.134
975 0.0
976 219.0
977 219.0
978 219.0
979 235.0
980 0.0
981 235.0
982 92.97998
983 51.843895
984 235.0
985 219.0
986 180.51927
987 191.53133
988 235.0
989 219.0
990 115.08594
991 219.0
992 170.08286
993 220.134
994 219.0
995 235.0
996 178.48048
997 219.0
998 219.0
999 34.867996
1000 219.0
1001 488.28674
1002 316.134
1003 316.134
1004 315.0
1005 315.0
1006 263.29706
1007 236.134
1008 236.134
1009 236.134
1010 236.134
1011 236.134
1012 236.134
1013 236.134
1014 236.134
1015 235.0
1016 235.0
1017 235.0
1018 235.0
1019 235.0
1020 235.0
1021 235.0
1022 235.0
1023 235.0
1024 235.0
1025 235.0
1026 235.0
1027 235.0
1028 235.0
1029 235.0
1030 235.0
1031 235.0
1032 235.0
1033 235.0
1034 235.0
1035 235.0
1036 235.0
1037 235.0
1038 235.0
1039 235.0
1040 235.0
1041 235.0
1042 235.0
1043 235.0
1044 235.0
1045 235.0
1046 235.0
1047 235.0
1048 235.0
1049 235.0
1050 235.0
1051 0.0
1052 219.0
1053 207.81012
1054 142.1307
1055 131.0926
1056 3.5550969
1057 220.134
1058 72.438095
1059 235.0
1060 115.96436
1061 235.0
1062 313.8
1063 235.0
1064 98.72723
1065 30.866
1066 219.0
1067 219.0
1068 158.72517
1069 33.134
1070 219.0
1071 235.0
1072 219.0
1073 219.0
1074 219.0
1075 196.84343
1076 167.14774
1077 219.0
1078 168.08841
1079 76.64795
1080 219.0
1081 0.0
1082 161.12402
1083 0.0
1084 219.0
1085 45.229263
1086 236.134
1087 220.134
1088 235.0
1089 219.0
1090 219.0
1091 219.0
1092 219.0
1093 219.0
1094 61.618362
1095 235.0
1096 158.66245
1097 223.12137
1098 235.0
1099 235.0
1100 235.0
1101 488.28674
1102 316.134
1103 316.134
1104 315.0
1105 315.0
1106 313.8
1107 263.29706
1108 236.134
1109 236.134
1110 236.134
1111 236.134
1112 236.134
1113 236.134
1114 236.134
1115 236.134
1116 236.134
1117 235.0
1118 235.0
1119 235.0
1120 235.0
1121 235.0
1122 235.0
1123 235.0
1124 235.0
1125 235.0
1126 235.0
1127 235.0
1128 235.0
1129 235.0
1130 235.0
1131 235.0
1132 235.0
1133 235.0
1134 235.0
1135 235.0
1136 235.0
1137 235.0
1138 235.0
1139 235.0
1140 235.0
1141 235.0
1142 235.0
1143 235.0
1144 235.0
1145 235.0
1146 235.0
1147 235.0
1148 235.0
1149 235.0
1150 235.0
1151 112.82799
1152 133.62004
1153 236.134
1154 221.76561
1155 136.74313
1156 219.0
1157 219.0
1158 219.84918
1159 214.7608
1160 2.5484433
1161 158.85446
1162 76.640884
1163 236.134
1164 219.0
1165 39.74863
1166 235.0
1167 214.15619
1168 235.0
1169 235.0
1170 219.0
1171 219.0
1172 32.65874
1173 236.134
1174 218.56796
1175 191.58641
1176 251.27963
1177 235.0
1178 235.0
1179 235.0
1180 235.0
1181 235.0
1182 60.28656
1183 235.0
1184 0.0
1185 235.0
1186 219.0
1187 219.0
1188 137.73326
1189 219.0
1190 9.996293
1191 219.0
1192 25.385368
1193 154.5764
1194 220.134
1195 93.145256
1196 43.150627
1197 235.0
1198 235.0
1199 220.134
1200 219.0
1201 488.28674
1202 316.134
1203 316.134
1204 315.0
1205 315.0
1206 313.8
1207 263.29706
1208 251.27963
1209 236.134
1210 236.134
1211 236.134
1212 236.134
1213 236.134
1214 236.134
1215 236.134
1216 236.134
1217 236.134
1218 236.134
1219 236.134
1220 236.134
1221 235.0
1222 235.0
1223 235.0
1224 235.0
1225 235.0
1226 235.0
1227 235.0
1228 235.0
1229 235.0
1230 235.0
1231 235.0
1232 235.0
1233 235.0
1234 235.0
1235 235.0
1236 235.0
1237 235.0
1238 235.0
1239 235.0
1240 235.0
1241 235.0
1242 235.0
1243 235.0
1244 235.0
1245 235.0
1246 235.0
1247 235.0
1248 235.0
1249 235.0
1250 235.0
1251 68.18117
1252 235.0
1253 219.0
1254 114.00211
1255 220.134
1256 219.0
1257 24.218569
1258 174.51682
1259 158.69907
1260 235.0
1261 219.0
1262 219.0
1263 219.0
1264 264.80457
1265 219.0
1266 109.32978
1267 215.12564
1268 236.134
1269 219.0
1270 219.0
1271 219.0
1272 153.13303
1273 59.710182
1274 236.134
1275 47.63026
1276 219.0
1277 235.0
1278 235.0
1279 219.0
1280 219.0
1281 236.134
1282 0.0
1283 235.0
1284 76.72743
1285 267.59253
1286 219.0
1287 235.0
1288 219.0
1289 184.9548
1290 104.238655
1291 219.0
1292 217.98645
1293 60.427425
1294 32.0
1295 38.61463
1296 235.0
1297 219.0
1298 218.71039
1299 136.5149
1300 126.12538
1301 488.28674
1302 316.134
1303 316.134
1304 315.0
1305 315.0
1306 313.8
1307 267.59253
1308 264.80457
1309 263.29706
1310 251.27963
1311 236.134
1312 236.134
1313 236.134
1314 236.134
1315 236.134
1316 236.134
1317 236.134
1318 236.134
1319 236.134
1320 236.134
1321 236.134
1322 236.134
1323 236.134
1324 236.134
1325 236.134
1326 235.0
1327 235.0
1328 235.0
1329 235.0
1330 235.0
1331 235.0
1332 235.0
1333 235.0
1334 235.0
1335 235.0
1336 235.0
1337 235.0
1338 235.0
1339 235.0
1340 235.0
1341 235.0
1342 235.0
1343 235.0
1344 235.0
1345 235.0
1346 235.0
1347 235.0
1348 235.0
1349 235.0
1350 235.0
1351 219.0
1352 219.0
1353 235.0
1354 219.0
1355 71.48121
1356 219.0
1357 219.0
1358 315.0
1359 94.35877
1360 49.285866
1361 219.0
1362 131.26784
1363 142.36995
1364 235.0
1365 219.0
1366 219.0
1367 105.466484
1368 235.0
1369 91.604416
1370 235.0
1371 213.06303
1372 236.134
1373 176.04103
1374 119.38689
1375 343.19302
1376 219.0
1377 219.0
1378 257.81302
1379 219.0
1380 219.0
1381 0.0
1382 219.0
1383 219.0
1384 219.0
1385 235.0
1386 219.0
1387 61.628517
1388 135.57188
1389 235.0
1390 235.0
1391 219.0
1392 71.55451
1393 219.0
1394 235.0
1395 105.64995
1396 235.0
1397 235.0
1398 236.134
1399 220.134
1400 219.0
1401 488.28674
1402 343.19302
1403 316.134
1404 316.134
1405 315.0
1406 315.0
1407 315.0
1408 313.8
1409 267.59253
1410 264.80457
1411 263.29706
1412 257.81302
1413 251.27963
1414 236.134
1415 236.134
1416 236.134
1417 236.134
1418 236.134
1419 236.134
1420 236.134
1421 236.134
1422 236.134
1423 236.134
1424 236.134
1425 236.134
1426 236.134
1427 236.134
1428 236.134
1429 236.134
1430 236.134
1431 235.0
1432 235.0
1433 235.0
1434 235.0
1435 235.0
1436 235.0
1437 235.0
1438 235.0
1439 235.0
1440 235.0
1441 235.0
1442 235.0
1443 235.0
1444 235.0
1445 235.0
1446 235.0
1447 235.0
1448 235.0
1449 235.0
1450 235.0
1451 219.0
1452 219.0
1453 202.27512
1454 219.0
1455 219.0
1456 235.0
1457 219.0
1458 210.08823
1459 251.33487
1460 219.0
1461 86.63395
1462 219.0
1463 219.0
1464 219.0
1465 219.0
1466 202.2953
1467 236.134
1468 235.0
1469 201.64218
1470 315.0
1471 235.0
1472 236.134
1473 220.134
1474 109.38986
1475 236.134
1476 219.0
1477 153.14424
1478 219.0
1479 214.7231
1480 0.0
1481 235.0
1482 219.0
1483 235.0
1484 315.0
1485 49.285866
1486 219.0
1487 219.0
1488 219.0
1489 220.134
1490 219.0
1491 147.53455
1492 28.775732
1493 236.134
1494 219.0
1495 219.0
1496 35.401997
1497 235.0
1498 219.0
1499 219.0
1500 162.50955
1501 488.28674
1502 343.19302
1503 316.134
1504 316.134
1505 315.0
1506 315.0
1507 315.0
1508 315.0
1509 315.0
1510 313.8
1511 267.59253
1512 264.80457
1513 263.29706
1514 257.81302
1515 251.33487
1516 251.27963
1517 236.134
1518 236.134
1519 236.134
1520 236.134
1521 236.134
1522 236.134
1523 236.134
1524 236.134
1525 236.134
1526 236.134
1527 236.134
1528 236.134
1529 236.134
1530 236.134
1531 236.134
1532 236.134
1533 236.134
1534 236.134
1535 236.134
1536 236.134
1537 236.134
1538 235.0
1539 235.0
1540 235.0
1541 235.0
1542 235.0
1543 235.0
1544 235.0
1545 235.0
1546 235.0
1547 235.0
1548 235.0
1549 235.0
1550 235.0
1551 142.44266
1552 219.0
1553 236.134
1554 219.0
1555 93.30287
1556 235.0
1557 219.0
1558 235.0
1559 235.0
1560 219.0
1561 164.44958
1562 216.80763
1563 169.6173
1564 252.75696
1565 79.36425
1566 55.900497
1567 93.30167
1568 236.134
1569 219.0
1570 219.0
1571 219.0
1572 56.344875
1573 0.0
1574 76.59248
1575 236.134
1576 219.0
1577 207.9235
1578 219.0
1579 235.0
1580 220.134
1581 235.0
1582 219.0
1583 220.134
1584 235.0
1585 219.0
1586 219.0
1587 38.850822
1588 207.92455
1589 157.48148
1590 219.0
1591 235.0
1592 219.0
1593 219.0
1594 219.0
1595 179.98631
1596 219.0
1597 219.0
1598 220.134
1599 219.0
1600 126.10509
1601 488.28674
1602 343.19302
1603 316.134
1604 316.134
1605 315.0
1606 315.0
1607 315.0
1608 315.0
1609 315.0
1610 313.8
1611 267.59253
1612 264.80457
1613 263.29706
1614 257.81302
1615 252.75696
1616 251.33487
1617 251.27963
1618 236.134
1619 236.134
1620 236.134
1621 236.134
1622 236.134
1623 236.134
1624 236.134
1625 236.134
1626 236.134
1627 236.134
1628 236.134
1629 236.134
1630 236.134
1631 236.134
1632 236.134
1633 236.134
1634 236.134
1635 236.134
1636 236.134
1637 236.134
1638 236.134
1639 236.134
1640 236.134
1641 236.134
1642 235.0
1643 235.0
1644 235.0
1645 235.0
1646 235.0
1647 235.0
1648 235.0
1649 235.0
1650 235.0
1651 37.41463
1652 38.850822
1653 169.34479
1654 219.0
1655 39.806873
1656 219.0
1657 235.0
1658 0.0
1659 235.0
1660 190.00215
1661 112.85261
1662 219.0
1663 236.134
1664 315.0
1665 235.0
1666 235.0
1667 56.235416
1668 136.74123
1669 219.0
1670 28.670238
1671 219.0
1672 215.27078
1673 77.84911
1674 196.84927
1675 219.0
1676 81.338554
1677 205.86224
1678 236.134
1679 221.268
1680 109.64382
1681 177.14833
1682 235.0
1683 220.134
1684 219.0
1685 25.385368
1686 235.0
1687 236.134
1688 220.134
1689 219.0
1690 236.134
1691 219.0
1692 219.0
1693 219.0
1694 219.0
1695 219.0
1696 315.0
1697 219.0
1698 169.75589
1699 219.0
1700 235.0
1701 488.28674
1702 343.19302
1703 316.134
1704 316.134
1705 315.0
1706 315.0
1707 315.0
1708 315.0
1709 315.0
1710 315.0
1711 315.0
1712 313.8
1713 267.59253
1714 264.80457
1715 263.29706
1716 257.81302
1717 252.75696
1718 251.33487
1719 251.27963
1720 236.134
1721 236.134
1722 236.134
1723 236.134
1724 236.134
1725 236.134
1726 236.134
1727 236.134
1728 236.134
1729 236.134
1730 236.134
1731 236.134
1732 236.134
1733 236.134
1734 236.134
1735 236.134
1736 236.134
1737 236.134
1738 236.134
1739 236.134
1740 236.134
1741 236.134
1742 236.134
1743 236.134
1744 236.134
1745 236.134
1746 236.134
1747 236.134
1748 235.0
1749 235.0
1750 235.0
1751 0.0
1752 219.0
1753 235.0
1754 136.76752
1755 220.134
1756 220.134
1757 219.0
1758 235.0
1759 235.0
1760 235.0
1761 219.0
1762 199.89886
1763 37.41463
1764 196.44272
1765 219.0
1766 45.229263
1767 235.0
1768 191.24059
1769 163.38939
1770 219.0
1771 220.134
1772 235.0
1773 219.0
1774 235.0
1775 41.294987
1776 315.0
1777 89.06198
1778 172.9442
1779 235.0
1780 109.72279
1781 219.0
1782 235.0
1783 80.636246
1784 0.0
1785 194.2104
1786 214.00017
1787 236.134
1788 236.134
1789 236.134
1790 235.0
1791 219.0
1792 220.134
1793 219.0
1794 236.134
1795 268.9028
1796 1.1340001
1797 219.0
1798 219.0
1799 218.70584
1800 235.0
1801 488.28674
1802 343.19302
1803 316.134
1804 316.134
1805 315.0
1806 315.0
1807 315.0
1808 315.0
1809 315.0
1810 315.0
1811 315.0
1812 315.0
1813 313.8
1814 268.9028
1815 267.59253
1816 264.80457
1817 263.29706
1818 257.81302
1819 252.75696
1820 251.33487
1821 251.27963
1822 236.134
1823 236.134
1824 236.134
1825 236.134
1826 236.134
1827 236.134
1828 236.134
1829 236.134
1830 236.134
1831 236.134
1832 236.134
1833 236.134
1834 236.134
1835 236.134
1836 236.134
1837 236.134
1838 236.134
1839 236.134
1840 236.134
1841 236.134
1842 236.134
1843 236.134
1844 236.134
1845 236.134
1846 236.134
1847 236.134
1848 236.134
1849 236.134
1850 236.134
1851 0.0
1852 219.0
1853 235.0
1854 164.1948
1855 219.0
1856 219.0
1857 235.0
1858 220.134
1859 219.0
1860 147.6777
1861 235.0
1862 0.0
1863 220.134
1864 207.93312
1865 219.0
1866 219.0
1867 219.0
1868 219.0
1869 24.185368
1870 50.239716
1871 123.01063
1872 191.87193
1873 235.0
1874 219.0
1875 219.0
1876 236.134
1877 219.0
1878 202.41437
1879 235.0
1880 6.8508253
1881 235.0
1882 235.0
1883 235.0
1884 219.0
1885 316.134
1886 236.134
1887 32.0
1888 219.0
1889 93.74047
1890 190.13501
1891 219.0
1892 219.0
1893 219.0
1894 235.0
1895 235.0
1896 236.134
1897 235.0
1898 34.267998
1899 183.31346
1900 104.162544
1901 488.28674
1902 343.19302
1903 316.134
1904 316.134
1905 316.134
1906 315.0
1907 315.0
1908 315.0
1909 315.0
1910 315.0
1911 315.0
1912 315.0
1913 315.0
1914 313.8
1915 268.9028
1916 267.59253
1917 264.80457
1918 263.29706
1919 257.81302
1920 252.75696
1921 251.33487
1922 251.27963
1923 236.134
1924 236.134
1925 236.134
1926 236.134
1927 236.134
1928 236.134
1929 236.134
1930 236.134
1931 236.134
1932 236.134
1933 236.134
1934 236.134
1935 236.134
1936 236.134
1937 236.134
1938 236.134
1939 236.134
1940 236.134
1941 236.134
1942 236.134
1943 236.134
1944 236.134
1945 236.134
1946 236.134
1947 236.134
1948 236.134
1949 236.134
1950 236.134
1951 219.0
1952 37.486523
1953 98.78262
1954 30.8
1955 219.0
1956 213.134
1957 236.134
1958 175.15178
1959 235.0
1960 235.0
1961 212.20338
1962 235.0
1963 186.62164
1964 219.0
1965 207.62904
1966 219.0
1967 219.0
1968 219.0
1969 235.0
1970 235.0
1971 213.119
1972 32.0
1973 207.59824
1974 218.55823
1975 316.134
1976 219.0
1977 235.0
1978 185.85083
1979 235.0
1980 219.0
1981 71.42445
1982 235.0
1983 219.0
1984 219.0
1985 219.0
1986 235.0
1987 218.57207
1988 236.134
1989 199.7593
1990 293.32666
1991 27.653366
1992 141.17055
1993 235.0
1994 223.20009
1995 219.0
1996 235.0
1997 216.42268
1998 219.0
1999 219.0
2000 235.0
2001 488.28674
2002 343.19302
2003 316.134
2004 316.134
2005 316.134
2006 316.134
2007 315.0
2008 315.0
2009 315.0
2010 315.0
2011 315.0
2012 315.0
2013 315.0
2014 315.0
2015 313.8
2016 293.32666
2017 268.9028
2018 267.59253
2019 264.80457
2020 263.29706
2021 257.81302
2022 252.75696
2023 251.33487
2024 251.27963
2025 236.134
2026 236.134
2027 236.134
2028 236.134
2029 236.134
2030 236.134
2031 236.134
2032 236.134
2033 236.134
2034 236.134
2035 236.134
2036 236.134
2037 236.134
2038 236.134
2039 236.134
2040 236.134
2041 236.134
2042 236.134
2043 236.134
2044 236.134
2045 236.134
2046 236.134
2047 236.134
2048 236.134
2049 236.134
2050 236.134
2051 219.0
2052 202.36687
2053 235.0
2054 236.134
2055 219.0
2056 125.6697
2057 235.0
2058 207.13707
2059 198.40388
2060 315.0
2061 0.0
2062 144.74474
2063 236.134
2064 512.67
2065 219.0
2066 235.0
2067 213.29114
2068 219.0
2069 215.84637
2070 62.98752
2071 201.68098
2072 88.6154
2073 175.12033
2074 235.0
2075 186.0492
2076 301.82074
2077 0.0
2078 220.134
2079 218.7806
2080 219.0
2081 235.0
2082 213.29094
2083 219.0
2084 235.0
2085 235.0
2086 126.02784
2087 30.292175
2088 316.134
2089 235.0
2090 45.229263
2091 55.10611
2092 219.0
2093 98.50233
2094 115.14912
2095 220.134
2096 218.68631
2097 219.0
2098 219.81729
2099 219.0
2100 195.6579
2101 512.67
2102 488.28674
2103 343.19302
2104 316.134
2105 316.134
2106 316.134
2107 316.134
2108 316.134
2109 315.0
2110 315.0
2111 315.0
2112 315.0
2113 315.0
2114 315.0
2115 315.0
2116 315.0
2117 315.0
2118 313.8
2119 301.82074
2120 293.32666
2121 268.9028
2122 267.59253
2123 264.80457
2124 263.29706
2125 257.81302
2126 252.75696
2127 251.33487
2128 251.27963
2129 236.134
2130 236.134
2131 236.134
2132 236.134
2133 236.134
2134 236.134
2135 236.134
2136 236.134
2137 236.134
2138 236.134
2139 236.134
2140 236.134
2141 236.134
2142 236.134
2143 236.134
2144 236.134
2145 236.134
2146 236.134
2147 236.134
2148 236.134
2149 236.134
2150 236.134
2151 236.134
2152 109.727974
2153 236.134
2154 236.134
2155 219.0
2156 60.495964
2157 219.0
2158 236.134
2159 219.0
2160 235.0
2161 235.0
2162 36.064484
2163 235.0
2164 235.0
2165 131.32175
2166 236.134
2167 219.0
2168 219.0
2169 315.0
2170 219.0
2171 207.65207
2172 141.26208
2173 205.6494
2174 235.0
2175 158.7161
2176 17.285864
2177 190.38289
2178 163.75172
