1 30.866
2 16.323393
3 219.0
4 0.0
5 38.61463
6 208.64386
7 32.0
8 32.0
9 235.0
10 59.45256
11 49.520634
12 32.0
13 0.0
14 191.21191
15 0.0
16 38.61463
17 0.0
18 219.0
19 33.134
20 30.866
21 219.0
22 14.714138
23 32.0
24 219.0
25 0.0
26 0.0
27 219.0
28 19.69634
29 142.33014
30 0.0
31 14.714138
32 0.0
33 0.0
34 219.0
35 0.0
36 25.385368
37 28.60389
38 33.134
39 31.4
40 158.69907
41 0.0
42 0.0
43 34.267998
44 219.0
45 14.479365
46 30.866
47 6.6146307
48 137.41693
49 32.0
50 0.0
51 46.44256
52 86.73924
53 219.0
54 0.0
55 196.81728
56 25.149174
57 20.01105
58 98.682686
59 218.70576
60 0.0
61 158.77225
62 3.572679
63 0.0
64 32.0
65 59.05904
66 219.0
67 69.96694
68 219.0
69 25.385368
70 44.155464
71 219.0
72 46.429264
73 30.866
74 0.0
75 115.95229
76 219.0
77 50.409893
78 19.844534
79 25.385368
80 0.0
81 0.0
82 34.085476
83 0.0
84 33.134
85 219.0
86 192.32343
87 0.0
88 0.0
89 191.9252
90 0.0
91 0.0
92 0.0
93 219.0
94 22.937586
95 181.23196
96 30.866
97 3.6633818
98 33.134
99 25.385368
100 219.0
101 235.0
102 219.0
103 219.0
104 219.0
105 219.0
106 219.0
107 219.0
108 219.0
109 219.0
110 219.0
111 219.0
112 219.0
113 219.0
114 219.0
115 219.0
116 219.0
117 218.70576
118 208.64386
119 196.81728
120 192.32343
121 191.9252
122 191.21191
123 181.23196
124 158.77225
125 158.69907
126 142.33014
127 137.41693
128 115.95229
129 98.682686
130 86.73924
131 69.96694
132 59.45256
133 59.05904
134 50.409893
135 49.520634
136 46.44256
137 46.429264
138 44.155464
139 38.61463
140 38.61463
141 34.267998
142 34.085476
143 33.134
144 33.134
145 33.134
146 33.134
147 32.0
148 32.0
149 32.0
150 32.0
151 8.96879
152 77.35433
153 197.90572
154 49.285866
155 72.22231
156 219.0
157 0.0
158 205.8575
159 235.0
160 0.0
161 219.0
162 0.0
163 44.303658
164 219.0
165 219.0
166 219.0
167 25.149174
168 32.0
169 48.725693
170 17.285864
171 184.61942
172 219.0
173 0.0
174 56.135265
175 1.1340001
176 193.05133
177 30.265999
178 0.0
179 38.850822
180 0.0
181 32.0
182 71.417145
183 30.866
184 0.0
185 164.15337
186 0.0
187 39.814632
188 6.6146307
189 142.49025
190 32.0
191 148.81137
192 38.850822
193 38.61463
194 25.985367
195 213.02
196 38.61463
197 0.0
198 33.134
199 82.35664
200 0.0
201 235.0
202 235.0
203 219.0
204 219.0
205 219.0
206 219.0
207 219.0
208 219.0
209 219.0
210 219.0
211 219.0
212 219.0
213 219.0
214 219.0
215 219.0
216 219.0
217 219.0
218 219.0
219 219.0
220 219.0
221 219.0
222 219.0
223 219.0
224 218.70576
225 213.02
226 208.64386
227 205.8575
228 197.90572
229 196.81728
230 193.05133
231 192.32343
232 191.9252
233 191.21191
234 184.61942
235 181.23196
236 164.15337
237 158.77225
238 158.69907
239 148.81137
240 142.49025
241 142.33014
242 137.41693
243 115.95229
244 98.682686
245 86.73924
246 82.35664
247 77.35433
248 72.22231
249 71.417145
250 69.96694
251 0.0
252 235.0
253 55.900497
254 0.0
255 219.0
256 219.0
257 2.2680001
258 1.1340001
259 59.163044
260 38.61463
261 71.844635
262 219.0
263 219.0
264 169.5441
265 219.0
266 0.0
267 220.134
268 25.385368
269 6.6146307
270 0.0
271 109.32978
272 219.0
273 236.134
274 33.320744
275 26.51937
276 104.796585
277 86.720825
278 235.19255
279 158.75453
280 33.134
281 78.91595
282 0.0
283 133.64629
284 6.6146307
285 6.6146307
286 43.988956
287 40.34863
288 98.67548
289 87.65119
290 0.0
291 10.367068
292 193.20276
293 82.35664
294 93.37531
295 0.0
296 246.98895
297 0.0
298 220.134
299 0.0
300 153.91078
301 246.98895
302 236.134
303 235.19255
304 235.0
305 235.0
306 235.0
307 220.134
308 220.134
309 219.0
310 219.0
311 219.0
312 219.0
313 219.0
314 219.0
315 219.0
316 219.0
317 219.0
318 219.0
319 219.0
320 219.0
321 219.0
322 219.0
323 219.0
324 219.0
325 219.0
326 219.0
327 219.0
328 219.0
329 219.0
330 219.0
331 219.0
332 219.0
333 219.0
334 219.0
335 219.0
336 218.70576
337 213.02
338 208.64386
339 205.8575
340 197.90572
341 196.81728
342 193.20276
343 193.05133
344 192.32343
345 191.9252
346 191.21191
347 184.61942
348 181.23196
349 169.5441
350 164.15337
351 235.0
352 219.0
353 21.328766
354 32.0
355 204.16808
356 130.70988
357 169.6173
358 236.134
359 219.0
360 235.0
361 219.0
362 209.392
363 219.0
364 169.6173
365 42.854958
366 32.0
367 3.6594706
368 0.0
369 236.134
370 33.134
371 207.87729
372 219.0
373 104.00625
374 93.37531
375 132.53273
376 104.2716
377 220.134
378 219.0
379 32.0
380 235.0
381 45.229263
382 219.0
383 60.619583
384 10.238252
385 236.134
386 14.71414
387 37.716824
388 192.27481
389 0.0
390 56.135265
391 219.0
392 219.0
393 2.7432601
394 33.134
395 61.159977
396 220.134
397 0.0
398 147.11485
399 49.520634
400 50.75315
401 246.98895
402 236.134
403 236.134
404 236.134
405 236.134
406 235.19255
407 235.0
408 235.0
409 235.0
410 235.0
411 235.0
412 235.0
413 220.134
414 220.134
415 220.134
416 220.134
417 219.0
418 219.0
419 219.0
420 219.0
421 219.0
422 219.0
423 219.0
424 219.0
425 219.0
426 219.0
427 219.0
428 219.0
429 219.0
430 219.0
431 219.0
432 219.0
433 219.0
434 219.0
435 219.0
436 219.0
437 219.0
438 219.0
439 219.0
440 219.0
441 219.0
442 219.0
443 219.0
444 219.0
445 219.0
446 219.0
447 219.0
448 219.0
449 219.0
450 219.0
451 219.0
452 104.06457
453 219.0
454 144.55052
455 219.0
456 45.229263
457 197.0333
458 219.0
459 140.1799
460 66.80852
461 125.9928
462 38.61463
463 235.0
464 219.0
465 220.134
466 219.0
467 167.2761
468 219.0
469 219.0
470 235.0
471 136.81686
472 219.0
473 220.134
474 0.0
475 235.0
476 136.76439
477 219.0
478 235.0
479 38.61463
480 194.60074
481 219.0
482 37.48063
483 26.519367
484 38.61463
485 185.96939
486 104.09893
487 32.0
488 219.0
489 219.0
490 49.286133
491 219.0
492 219.0
493 235.0
494 60.193226
495 0.0
496 219.0
497 235.0
498 219.0
499 235.0
500 219.0
501 246.98895
502 236.134
503 236.134
504 236.134
505 236.134
506 235.19255
507 235.0
508 235.0
509 235.0
510 235.0
511 235.0
512 235.0
513 235.0
514 235.0
515 235.0
516 235.0
517 235.0
518 235.0
519 235.0
520 220.134
521 220.134
522 220.134
523 220.134
524 220.134
525 220.134
526 219.0
527 219.0
528 219.0
529 219.0
530 219.0
531 219.0
532 219.0
533 219.0
534 219.0
535 219.0
536 219.0
537 219.0
538 219.0
539 219.0
540 219.0
541 219.0
542 219.0
543 219.0
544 219.0
545 219.0
546 219.0
547 219.0
548 219.0
549 219.0
550 219.0
551 217.866
552 86.86482
553 0.0
554 219.0
555 231.18414
556 32.0
557 42.71157
558 98.682686
559 47.38908
560 235.0
561 192.46164
562 219.0
563 131.13588
564 219.0
565 219.0
566 235.0
567 219.0
568 218.72583
569 207.86127
570 220.134
571 68.007675
572 60.505848
573 236.134
574 220.134
575 196.61838
576 191.57983
577 1.1340001
578 191.35707
579 23.900496
580 32.0
581 50.091976
582 219.0
583 219.0
584 219.0
585 163.85744
586 219.0
587 235.0
588 220.134
589 235.0
590 55.21021
591 219.0
592 33.291603
593 169.6173
594 93.92135
595 0.0
596 6.6146307
597 66.80767
598 235.0
599 26.519367
600 87.54263
601 246.98895
602 236.134
603 236.134
604 236.134
605 236.134
606 236.134
607 235.19255
608 235.0
609 235.0
610 235.0
611 235.0
612 235.0
613 235.0
614 235.0
615 235.0
616 235.0
617 235.0
618 235.0
619 235.0
620 235.0
621 235.0
622 235.0
623 235.0
624 235.0
625 235.0
626 231.18414
627 220.134
628 220.134
629 220.134
630 220.134
631 220.134
632 220.134
633 220.134
634 220.134
635 220.134
636 219.0
637 219.0
638 219.0
639 219.0
640 219.0
641 219.0
642 219.0
643 219.0
644 219.0
645 219.0
646 219.0
647 219.0
648 219.0
649 219.0
650 219.0
651 219.0
652 103.23215
653 55.900764
654 219.0
655 192.4356
656 2.7432601
657 30.866
658 158.69905
659 38.61463
660 218.4111
661 235.0
662 67.75312
663 87.54281
664 30.866
665 0.0
666 220.134
667 0.0
668 98.59084
669 315.0
670 315.0
671 50.419865
672 219.0
673 219.0
674 0.0
675 175.17621
676 235.0
677 235.0
678 220.134
679 169.47897
680 154.64813
681 220.134
682 219.0
683 220.134
684 147.46828
685 0.0
686 111.56515
687 219.0
688 6.6146307
689 217.55669
690 121.83472
691 181.88301
692 32.0
693 219.0
694 0.0
695 219.0
696 0.0
697 44.211887
698 219.0
699 235.0
700 313.07443
701 315.0
702 315.0
703 313.07443
704 246.98895
705 236.134
706 236.134
707 236.134
708 236.134
709 236.134
710 235.19255
711 235.0
712 235.0
713 235.0
714 235.0
715 235.0
716 235.0
717 235.0
718 235.0
719 235.0
720 235.0
721 235.0
722 235.0
723 235.0
724 235.0
725 235.0
726 235.0
727 235.0
728 235.0
729 235.0
730 235.0
731 235.0
732 235.0
733 231.18414
734 220.134
735 220.134
736 220.134
737 220.134
738 220.134
739 220.134
740 220.134
741 220.134
742 220.134
743 220.134
744 220.134
745 220.134
746 220.134
747 219.0
748 219.0
749 219.0
750 219.0
751 32.0
752 235.0
753 104.00661
754 235.0
755 235.0
756 219.0
757 98.469826
758 699.0
759 68.38389
760 158.3737
761 219.0
762 40.88263
763 235.0
764 235.0
765 0.0
766 3.6596584
767 219.0
768 221.5372
769 235.0
770 133.84328
771 273.29794
772 236.134
773 0.0
774 163.85744
775 923.0
776 28.781479
777 96.91426
778 219.0
779 93.70878
780 219.0
781 32.0
782 180.3962
783 235.0
784 219.0
785 219.0
786 220.134
787 39.74863
788 316.134
789 219.0
790 315.0
791 53.86424
792 136.73343
793 219.0
794 51.614983
795 219.0
796 0.0
797 219.0
798 219.0
799 131.47823
800 1.1340001
801 923.0
802 699.0
803 316.134
804 315.0
805 315.0
806 315.0
807 313.07443
808 273.29794
809 246.98895
810 236.134
811 236.134
812 236.134
813 236.134
814 236.134
815 236.134
816 235.19255
817 235.0
818 235.0
819 235.0
820 235.0
821 235.0
822 235.0
823 235.0
824 235.0
825 235.0
826 235.0
827 235.0
828 235.0
829 235.0
830 235.0
831 235.0
832 235.0
833 235.0
834 235.0
835 235.0
836 235.0
837 235.0
838 235.0
839 235.0
840 235.0
841 235.0
842 235.0
843 235.0
844 235.0
845 235.0
846 231.18414
847 221.5372
848 220.134
849 220.134
850 220.134
851 217.47417
852 1594.0763
853 219.0
854 131.15764
855 219.0
856 137.87582
857 108.5275
858 219.0
859 235.0
860 79.543236
861 71.16334
862 45.200073
863 26.667883
864 219.0
865 36.880634
866 32.0
867 219.0
868 158.85446
869 32.0
870 235.0
871 219.0
872 33.186275
873 86.81269
874 219.0
875 219.0
876 180.3962
877 186.37073
878 136.71172
879 219.0
880 87.92974
881 219.0
882 191.19142
883 208.8965
884 0.0
885 219.0
886 32.0
887 235.0
888 68.96721
889 219.0
890 153.22313
891 0.0
892 219.0
893 213.90628
894 219.99141
895 237.268
896 235.0
897 114.74051
898 38.58544
899 202.28148
900 219.0
901 1594.0763
902 923.0
903 699.0
904 316.134
905 315.0
906 315.0
907 315.0
908 313.07443
909 273.29794
910 246.98895
911 237.268
912 236.134
913 236.134
914 236.134
915 236.134
916 236.134
917 236.134
918 235.19255
919 235.0
920 235.0
921 235.0
922 235.0
923 235.0
924 235.0
925 235.0
926 235.0
927 235.0
928 235.0
929 235.0
930 235.0
931 235.0
932 235.0
933 235.0
934 235.0
935 235.0
936 235.0
937 235.0
938 235.0
939 235.0
940 235.0
941 235.0
942 235.0
943 235.0
944 235.0
945 235.0
946 235.0
947 235.0
948 235.0
949 235.0
950 235.0
951 229.53377
952 198.49782
953 235.0
954 236.134
955 195.44203
956 60.266685
957 235.0
958 219.0
959 219.0
960 219.0
961 235.0
962 191.24944
963 235.0
964 234.5757
965 212.98312
966 39.74863
967 219.0
968 197.4498
969 219.0
970 13.22926
971 219.0
972 235.89917
973 52.52258
974 128.02817
975 219.0
976 2.7432601
977 219.0
978 219.0
979 147.73172
980 219.0
981 0.0
982 180.3962
983 219.0
984 219.0
985 236.134
986 235.0
987 219.0
988 219.0
989 2.2680001
990 220.134
991 235.0
992 109.40977
993 235.0
994 114.96958
995 219.0
996 235.0
997 169.41891
998 56.62641
999 235.0
1000 120.401184
1001 1594.0763
1002 923.0
1003 699.0
1004 316.134
1005 315.0
1006 315.0
1007 315.0
1008 313.07443
1009 273.29794
1010 246.98895
1011 237.268
1012 236.134
1013 236.134
1014 236.134
1015 236.134
1016 236.134
1017 236.134
1018 236.134
1019 236.134
1020 235.89917
1021 235.19255
1022 235.0
1023 235.0
1024 235.0
1025 235.0
1026 235.0
1027 235.0
1028 235.0
1029 235.0
1030 235.0
1031 235.0
1032 235.0
1033 235.0
1034 235.0
1035 235.0
1036 235.0
1037 235.0
1038 235.0
1039 235.0
1040 235.0
1041 235.0
1042 235.0
1043 235.0
1044 235.0
1045 235.0
1046 235.0
1047 235.0
1048 235.0
1049 235.0
1050 235.0
1051 219.0
1052 507.0
1053 250.5991
1054 236.134
1055 0.0
1056 219.0
1057 219.0
1058 0.0
1059 142.43124
1060 44.137142
1061 237.268
1062 219.0
1063 175.13895
1064 219.0
1065 220.134
1066 60.383698
1067 219.0
1068 236.134
1069 0.0
1070 216.25673
1071 24.185368
1072 235.0
1073 507.0
1074 219.0
1075 39.74863
1076 235.0
1077 220.134
1078 19.844534
1079 68.55223
1080 32.0
1081 236.134
1082 236.134
1083 0.0
1084 219.0
1085 6.6146307
1086 115.19927
1087 219.0
1088 219.0
1089 235.0
1090 219.0
1091 236.134
1092 102.805756
1093 219.0
1094 1.2
1095 219.0
1096 235.0
1097 0.0
1098 35.74663
1099 219.0
1100 219.0
1101 1594.0763
1102 923.0
1103 699.0
1104 507.0
1105 507.0
1106 316.134
1107 315.0
1108 315.0
1109 315.0
1110 313.07443
1111 273.29794
1112 250.5991
1113 246.98895
1114 237.268
1115 237.268
1116 236.134
1117 236.134
1118 236.134
1119 236.134
1120 236.134
1121 236.134
1122 236.134
1123 236.134
1124 236.134
1125 236.134
1126 236.134
1127 236.134
1128 236.134
1129 235.89917
1130 235.19255
1131 235.0
1132 235.0
1133 235.0
1134 235.0
1135 235.0
1136 235.0
1137 235.0
1138 235.0
1139 235.0
1140 235.0
1141 235.0
1142 235.0
1143 235.0
1144 235.0
1145 235.0
1146 235.0
1147 235.0
1148 235.0
1149 235.0
1150 235.0
1151 603.0
1152 596.3854
1153 213.37318
1154 235.0
1155 219.0
1156 219.0
1157 219.0
1158 219.0
1159 219.0
1160 115.169525
1161 220.2
1162 2.7432601
1163 0.0
1164 235.0
1165 315.0
1166 141.7758
1167 114.89543
1168 220.134
1169 128.1873
1170 219.0
1171 219.0
1172 315.0
1173 236.134
1174 0.0
1175 348.83798
1176 236.134
1177 507.0
1178 30.866
1179 235.0
1180 180.53062
1181 235.0
1182 235.0
1183 235.0
1184 0.0
1185 219.0
1186 315.0
1187 235.0
1188 220.134
1189 219.0
1190 72.259575
1191 7.8146305
1192 196.63551
1193 191.56264
1194 219.0
1195 235.0
1196 0.0
1197 219.0
1198 235.0
1199 30.866
1200 235.0
1201 1594.0763
1202 923.0
1203 699.0
1204 603.0
1205 596.3854
1206 507.0
1207 507.0
1208 507.0
1209 348.83798
1210 316.134
1211 315.0
1212 315.0
1213 315.0
1214 315.0
1215 315.0
1216 315.0
1217 313.07443
1218 273.29794
1219 250.5991
1220 246.98895
1221 237.268
1222 237.268
1223 236.134
1224 236.134
1225 236.134
1226 236.134
1227 236.134
1228 236.134
1229 236.134
1230 236.134
1231 236.134
1232 236.134
1233 236.134
1234 236.134
1235 236.134
1236 236.134
1237 236.134
1238 235.89917
1239 235.19255
1240 235.0
1241 235.0
1242 235.0
1243 235.0
1244 235.0
1245 235.0
1246 235.0
1247 235.0
1248 235.0
1249 235.0
1250 235.0
1251 1995.0
1252 219.0
1253 0.0
1254 315.0
1255 594.36676
1256 315.0
1257 219.0
1258 219.0
1259 236.134
1260 235.0
1261 49.756996
1262 169.47897
1263 235.0
1264 90.572365
1265 199.36574
1266 219.0
1267 33.134
1268 245.67763
1269 0.0
1270 235.0
1271 236.6553
1272 235.0
1273 235.0
1274 219.0
1275 0.0
1276 220.134
1277 235.0
1278 219.0
1279 236.134
1280 219.0
1281 219.0
1282 3756.6418
1283 235.0
1284 236.134
1285 219.0
1286 251.07138
1287 220.54326
1288 117.45563
1289 118.108665
1290 235.0
1291 235.0
1292 235.0
1293 235.0
1294 84.42503
1295 213.03229
1296 219.0
1297 235.0
1298 235.0
1299 219.0
1300 219.0
1301 3756.6418
1302 1995.0
1303 1594.0763
1304 923.0
1305 699.0
1306 603.0
1307 596.3854
1308 594.36676
1309 507.0
1310 507.0
1311 507.0
1312 348.83798
1313 316.134
1314 315.0
1315 315.0
1316 315.0
1317 315.0
1318 315.0
1319 315.0
1320 315.0
1321 315.0
1322 313.07443
1323 273.29794
1324 251.07138
1325 250.5991
1326 246.98895
1327 245.67763
1328 237.268
1329 237.268
1330 236.6553
1331 236.134
1332 236.134
1333 236.134
1334 236.134
1335 236.134
1336 236.134
1337 236.134
1338 236.134
1339 236.134
1340 236.134
1341 236.134
1342 236.134
1343 236.134
1344 236.134
1345 236.134
1346 236.134
1347 236.134
1348 236.134
1349 235.89917
1350 235.19255
1351 107.01446
1352 235.0
1353 316.134
1354 219.0
1355 182.775
1356 215.29251
1357 219.0
1358 1275.288
1359 235.0
1360 39.511948
1361 923.0
1362 109.49724
1363 219.0
1364 235.0
1365 243.5181
1366 235.0
1367 219.0
1368 115.10968
1369 219.0
1370 235.0
1371 219.0
1372 109.35785
1373 235.0
1374 231.13669
1375 84.05009
1376 30.8
1377 158.44447
1378 235.0
1379 219.0
1380 315.0
1381 219.0
1382 235.0
1383 104.06457
1384 31.934
1385 45.229263
1386 235.0
1387 236.134
1388 235.0
1389 236.134
1390 220.134
1391 235.0
1392 235.0
1393 -2.0144858
1394 32.0
1395 142.06476
1396 235.0
1397 235.0
1398 234.15404
1399 219.0
1400 38.61463
1401 3756.6418
1402 1995.0
1403 1594.0763
1404 1275.288
1405 923.0
1406 923.0
1407 699.0
1408 603.0
1409 596.3854
1410 594.36676
1411 507.0
1412 507.0
1413 507.0
1414 348.83798
1415 316.134
1416 316.134
1417 315.0
1418 315.0
1419 315.0
1420 315.0
1421 315.0
1422 315.0
1423 315.0
1424 315.0
1425 315.0
1426 313.07443
1427 273.29794
1428 251.07138
1429 250.5991
1430 246.98895
1431 245.67763
1432 243.5181
1433 237.268
1434 237.268
1435 236.6553
1436 236.134
1437 236.134
1438 236.134
1439 236.134
1440 236.134
1441 236.134
1442 236.134
1443 236.134
1444 236.134
1445 236.134
1446 236.134
1447 236.134
1448 236.134
1449 236.134
1450 236.134
1451 50.583008
1452 207.40137
1453 603.0
1454 315.0
1455 671.9187
1456 235.0
1457 235.0
1458 219.0
1459 200.03195
1460 203.67067
1461 227.8158
1462 235.0
1463 508.134
1464 219.0
1465 98.7375
1466 96.65323
1467 235.0
1468 38.61463
1469 235.0
1470 219.0
1471 349.4624
1472 315.0
1473 142.49673
1474 0.0
1475 507.0
1476 236.134
1477 193.43765
1478 219.0
1479 235.0
1480 32.0
1481 219.0
1482 258.66815
1483 235.0
1484 236.134
1485 236.134
1486 49.023277
1487 165.54991
1488 235.0
1489 5.685955
1490 196.8314
1491 219.0
1492 153.17218
1493 235.0
1494 235.0
1495 158.62582
1496 219.0
1497 219.0
1498 219.0
1499 34.09383
1500 121.08617
1501 3756.6418
1502 1995.0
1503 1594.0763
1504 1275.288
1505 923.0
1506 923.0
1507 699.0
1508 671.9187
1509 603.0
1510 603.0
1511 596.3854
1512 594.36676
1513 508.134
1514 507.0
1515 507.0
1516 507.0
1517 507.0
1518 349.4624
1519 348.83798
1520 316.134
1521 316.134
1522 315.0
1523 315.0
1524 315.0
1525 315.0
1526 315.0
1527 315.0
1528 315.0
1529 315.0
1530 315.0
1531 315.0
1532 315.0
1533 313.07443
1534 273.29794
1535 258.66815
1536 251.07138
1537 250.5991
1538 246.98895
1539 245.67763
1540 243.5181
1541 237.268
1542 237.268
1543 236.6553
1544 236.134
1545 236.134
1546 236.134
1547 236.134
1548 236.134
1549 236.134
1550 236.134
1551 1099.0
1552 972.59644
1553 82.48065
1554 219.0
1555 219.0
1556 315.0
1557 220.134
1558 699.0
1559 236.134
1560 604.134
1561 603.0
1562 206.74413
1563 699.0
1564 315.0
1565 219.0
1566 219.0
1567 219.0
1568 32.0
1569 262.25806
1570 235.0
1571 315.0
1572 45.465454
1573 71.34555
1574 24.84543
1575 315.0
1576 235.0
1577 150.62822
1578 219.0
1579 177.11572
1580 219.0
1581 235.0
1582 1.1340001
1583 220.134
1584 204.47801
1585 236.134
1586 123.63881
1587 235.0
1588 44.137142
1589 160.11372
1590 211.37128
1591 235.0
1592 235.0
1593 236.134
1594 219.0
1595 247.94566
1596 219.0
1597 235.0
1598 236.134
1599 235.0
1600 213.01498
1601 3756.6418
1602 1995.0
1603 1594.0763
1604 1275.288
1605 1099.0
1606 972.59644
1607 923.0
1608 923.0
1609 699.0
1610 699.0
1611 699.0
1612 671.9187
1613 604.134
1614 603.0
1615 603.0
1616 603.0
1617 596.3854
1618 594.36676
1619 508.134
1620 507.0
1621 507.0
1622 507.0
1623 507.0
1624 349.4624
1625 348.83798
1626 316.134
1627 316.134
1628 315.0
1629 315.0
1630 315.0
1631 315.0
1632 315.0
1633 315.0
1634 315.0
1635 315.0
1636 315.0
1637 315.0
1638 315.0
1639 315.0
1640 315.0
1641 315.0
1642 315.0
1643 313.07443
1644 273.29794
1645 262.25806
1646 258.66815
1647 251.07138
1648 250.5991
1649 247.94566
1650 246.98895
1651 98.50808
1652 0.0
1653 219.0
1654 315.0
1655 109.32978
1656 507.0
1657 269.2951
1658 219.0
1659 1099.0
1660 219.0
1661 163.72668
1662 219.0
1663 316.134
1664 0.0
1665 235.0
1666 228.14914
1667 235.0
1668 315.0
1669 235.0
1670 235.0
1671 235.0
1672 235.0
1673 19.848295
1674 205.69824
1675 219.0
1676 219.0
1677 236.134
1678 220.134
1679 219.0
1680 28.193039
1681 235.0
1682 219.0
1683 219.0
1684 0.0
1685 200.04675
1686 219.0
1687 235.0
1688 219.0
1689 235.0
1690 0.0
1691 131.09923
1692 235.0
1693 0.0
1694 220.134
1695 235.0
1696 136.76117
1697 197.58974
1698 32.0
1699 236.134
1700 235.0
1701 3756.6418
1702 1995.0
1703 1594.0763
1704 1275.288
1705 1099.0
1706 1099.0
1707 972.59644
1708 923.0
1709 923.0
1710 699.0
1711 699.0
1712 699.0
1713 671.9187
1714 604.134
1715 603.0
1716 603.0
1717 603.0
1718 596.3854
1719 594.36676
1720 508.134
1721 507.0
1722 507.0
1723 507.0
1724 507.0
1725 507.0
1726 349.4624
1727 348.83798
1728 316.134
1729 316.134
1730 316.134
1731 315.0
1732 315.0
1733 315.0
1734 315.0
1735 315.0
1736 315.0
1737 315.0
1738 315.0
1739 315.0
1740 315.0
1741 315.0
1742 315.0
1743 315.0
1744 315.0
1745 315.0
1746 315.0
1747 315.0
1748 313.07443
1749 273.29794
1750 269.2951
1751 235.0
1752 236.134
1753 603.0
1754 171.35109
1755 235.0
1756 274.57028
1757 603.0
1758 236.134
1759 209.44899
1760 235.0
1761 315.0
1762 236.134
1763 219.0
1764 219.0
1765 236.134
1766 220.134
1767 235.0
1768 131.42485
1769 260.49667
1770 507.0
1771 235.0
1772 219.0
1773 220.134
1774 219.0
1775 923.0
1776 219.0
1777 219.0
1778 316.134
1779 235.0
1780 1276.134
1781 219.0
1782 5.4865203
1783 235.0
1784 1.1340001
1785 236.134
1786 219.0
1787 236.134
1788 219.0
1789 78.05175
1790 171.74165
1791 219.0
1792 219.0
1793 219.0
1794 212.92816
1795 0.0
1796 235.0
1797 315.0
1798 219.0
1799 219.0
1800 219.0
1801 3756.6418
1802 1995.0
1803 1594.0763
1804 1276.134
1805 1275.288
1806 1099.0
1807 1099.0
1808 972.59644
1809 923.0
1810 923.0
1811 923.0
1812 699.0
1813 699.0
1814 699.0
1815 671.9187
1816 604.134
1817 603.0
1818 603.0
1819 603.0
1820 603.0
1821 603.0
1822 596.3854
1823 594.36676
1824 508.134
1825 507.0
1826 507.0
1827 507.0
1828 507.0
1829 507.0
1830 507.0
1831 349.4624
1832 348.83798
1833 316.134
1834 316.134
1835 316.134
1836 316.134
1837 315.0
1838 315.0
1839 315.0
1840 315.0
1841 315.0
1842 315.0
1843 315.0
1844 315.0
1845 315.0
1846 315.0
1847 315.0
1848 315.0
1849 315.0
1850 315.0
1851 38.61463
1852 0.0
1853 41.594078
1854 115.12157
1855 3.8069592
1856 316.134
1857 2699.0
1858 0.0
1859 219.0
1860 219.0
1861 1012.0
1862 15.180589
1863 219.0
1864 220.134
1865 219.0
1866 219.0
1867 219.0
1868 398.01233
1869 0.0
1870 176.03377
1871 0.0
1872 235.0
1873 315.0
1874 219.0
1875 235.0
1876 235.0
1877 219.0
1878 235.0
1879 0.0
1880 219.0
1881 235.0
1882 354.6593
1883 219.0
1884 235.0
1885 609.8508
1886 219.0
1887 905.2498
1888 23.268034
1889 212.38538
1890 236.134
1891 219.0
1892 236.134
1893 235.0
1894 924.134
1895 221.268
1896 235.0
1897 235.0
1898 315.0
1899 50.830227
1900 235.0
1901 3756.6418
1902 2699.0
1903 1995.0
1904 1594.0763
1905 1276.134
1906 1275.288
1907 1099.0
1908 1099.0
1909 1012.0
1910 972.59644
1911 924.134
1912 923.0
1913 923.0
1914 923.0
1915 905.2498
1916 699.0
1917 699.0
1918 699.0
1919 671.9187
1920 609.8508
1921 604.134
1922 603.0
1923 603.0
1924 603.0
1925 603.0
1926 603.0
1927 596.3854
1928 594.36676
1929 508.134
1930 507.0
1931 507.0
1932 507.0
1933 507.0
1934 507.0
1935 507.0
1936 398.01233
1937 354.6593
1938 349.4624
1939 348.83798
1940 316.134
1941 316.134
1942 316.134
1943 316.134
1944 316.134
1945 315.0
1946 315.0
1947 315.0
1948 315.0
1949 315.0
1950 315.0
1951 421.50946
1952 1099.0
1953 65.95329
1954 220.134
1955 263.18423
1956 161.70409
1957 219.0
1958 115.0232
1959 219.0
1960 219.0
1961 603.0
1962 219.0
1963 214.89029
1964 219.0
1965 235.0
1966 48.312866
1967 219.0
1968 667.0
1969 263.76312
1970 103.99005
1971 603.0
1972 235.0
1973 508.134
1974 219.0
1975 220.134
1976 235.0
1977 46.94693
1978 1090.1182
1979 315.0
1980 235.0
1981 219.0
1982 219.0
1983 219.0
1984 219.0
1985 124.58392
1986 110.60209
1987 236.134
1988 235.0
1989 259.46378
1990 316.134
1991 315.0
1992 219.0
1993 315.0
1994 219.0
1995 99.76318
1996 40.171566
1997 315.0
1998 219.0
1999 235.0
2000 219.0
2001 3756.6418
2002 2699.0
2003 1995.0
2004 1594.0763
2005 1276.134
2006 1275.288
2007 1099.0
2008 1099.0
2009 1099.0
2010 1090.1182
2011 1012.0
2012 972.59644
2013 924.134
2014 923.0
2015 923.0
2016 923.0
2017 905.2498
2018 699.0
2019 699.0
2020 699.0
2021 671.9187
2022 667.0
2023 609.8508
2024 604.134
2025 603.0
2026 603.0
2027 603.0
2028 603.0
2029 603.0
2030 603.0
2031 603.0
2032 596.3854
2033 594.36676
2034 508.134
2035 508.134
2036 507.0
2037 507.0
2038 507.0
2039 507.0
2040 507.0
2041 507.0
2042 421.50946
2043 398.01233
2044 354.6593
2045 349.4624
2046 348.83798
2047 316.134
2048 316.134
2049 316.134
2050 316.134
2051 55.08574
2052 0.0
2053 220.134
2054 219.0
2055 235.0
2056 219.0
2057 0.0
2058 169.51347
2059 219.0
2060 228.38538
2061 315.0
2062 0.0
2063 241.0502
2064 332.69183
2065 235.0
2066 219.0
2067 315.0
2068 923.0
2069 219.0
2070 252.63972
2071 233.866
2072 219.0
2073 98.76996
2074 220.134
2075 603.0
2076 219.0
2077 219.0
2078 214.35687
2079 219.0
2080 135.94177
2081 219.0
2082 250.7394
2083 588.95123
2084 235.0
2085 235.0
2086 219.0
2087 251.10243
2088 219.0
2089 219.0
2090 508.134
2091 235.0
2092 33.134
2093 115.15988
2094 185.80096
2095 219.0
2096 219.0
2097 316.134
2098 507.0
2099 220.134
2100 219.0
2101 3756.6418
2102 2699.0
2103 1995.0
2104 1594.0763
2105 1276.134
2106 1275.288
2107 1099.0
2108 1099.0
2109 1099.0
2110 1090.1182
2111 1012.0
2112 972.59644
2113 924.134
2114 923.0
2115 923.0
2116 923.0
2117 923.0
2118 905.2498
2119 699.0
2120 699.0
2121 699.0
2122 671.9187
2123 667.0
2124 609.8508
2125 604.134
2126 603.0
2127 603.0
2128 603.0
2129 603.0
2130 603.0
2131 603.0
2132 603.0
2133 603.0
2134 596.3854
2135 594.36676
2136 588.95123
2137 508.134
2138 508.134
2139 508.134
2140 507.0
2141 507.0
2142 507.0
2143 507.0
2144 507.0
2145 507.0
2146 507.0
2147 421.50946
2148 398.01233
2149 354.6593
2150 349.4624
2151 32.0
2152 1099.0
2153 219.0
2154 219.0
2155 236.134
2156 219.0
2157 507.0
2158 479.58865
2159 4096.0
2160 243.79364
2161 235.0
2162 109.737015
2163 398.427
2164 315.0
2165 219.0
2166 315.0
2167 114.9763
2168 1967.2441
2169 1147.1677
2170 138.12158
2171 507.0
2172 219.0
2173 729.6232
2174 76.80473
2175 1995.0
2176 923.0
2177 1275.0
2178 233.866
2179 61.00336
2180 235.0
2181 604.134
2182 219.0
2183 236.134
2184 219.0
2185 218.07268
2186 314.53717
2187 235.0
2188 219.0
2189 936.43756
2190 0.0
2191 235.0
2192 219.0
2193 235.0
2194 186.23648
2195 219.0
2196 700.134
2197 219.0
2198 201.37875
2199 219.0
2200 0.0
2201 4096.0
2202 3756.6418
2203 2699.0
2204 1995.0
2205 1995.0
2206 1967.2441
2207 1594.0763
2208 1276.134
2209 1275.288
2210 1275.0
2211 1147.1677
2212 1099.0
2213 1099.0
2214 1099.0
2215 1099.0
2216 1090.1182
2217 1012.0
2218 972.59644
2219 936.43756
2220 924.134
2221 923.0
2222 923.0
2223 923.0
2224 923.0
2225 923.0
2226 905.2498
2227 729.6232
2228 700.134
2229 699.0
2230 699.0
2231 699.0
2232 671.9187
2233 667.0
2234 609.8508
2235 604.134
2236 604.134
2237 603.0
2238 603.0
2239 603.0
2240 603.0
2241 603.0
2242 603.0
2243 603.0
2244 603.0
2245 596.3854
2246 594.36676
2247 588.95123
2248 508.134
2249 508.134
2250 508.134
2251 3095.2593
2252 236.134
2253 219.0
2254 236.134
2255 0.0
2256 2274.2656
2257 315.0
2258 603.0
2259 250.02325
2260 1275.0
2261 603.0
2262 153.009
2263 257.0042
2264 1007.77985
2265 256.5118
2266 315.0
2267 0.0
2268 219.0
2269 235.0
2270 103.95983
2271 219.0
2272 507.0
2273 603.0
2274 235.0
2275 235.0
2276 603.0
2277 219.0
2278 315.0
2279 1100.134
2280 219.0
2281 207.93652
2282 219.0
2283 219.0
2284 1324.134
2285 219.0
2286 603.6
2287 220.134
2288 219.0
2289 219.0
2290 603.0
2291 598.33746
2292 226.05994
2293 603.0
2294 219.0
2295 301.95093
2296 524.65247
2297 219.0
2298 199.14413
2299 219.0
2300 220.134
2301 4096.0
2302 3756.6418
2303 3095.2593
2304 2699.0
2305 2274.2656
2306 1995.0
2307 1995.0
2308 1967.2441
2309 1594.0763
2310 1324.134
2311 1276.134
2312 1275.288
2313 1275.0
2314 1275.0
2315 1147.1677
2316 1100.134
2317 1099.0
2318 1099.0
2319 1099.0
2320 1099.0
2321 1090.1182
2322 1012.0
2323 1007.77985
2324 972.59644
2325 936.43756
2326 924.134
2327 923.0
2328 923.0
2329 923.0
2330 923.0
2331 923.0
2332 905.2498
2333 729.6232
2334 700.134
2335 699.0
2336 699.0
2337 699.0
2338 671.9187
2339 667.0
2340 609.8508
2341 604.134
2342 604.134
2343 603.6
2344 603.0
2345 603.0
2346 603.0
2347 603.0
2348 603.0
2349 603.0
2350 603.0
2351 235.0
2352 235.0
2353 699.0
2354 313.866
2355 1324.134
2356 219.0
2357 109.32978
2358 235.0
2359 219.0
2360 236.134
2361 1276.134
2362 13.352446
2363 220.134
2364 220.134
2365 315.0
2366 316.134
2367 60.28656
2368 235.0
2369 180.4025
2370 1099.0
2371 228.38538
2372 298.92395
2373 235.0
2374 98.60904
2375 220.134
2376 311.13242
2377 247.3608
2378 235.0
2379 603.0
2380 699.0
2381 235.0
2382 1659.0
2383 315.0
2384 691.412
2385 923.0
2386 235.0
2387 685.8694
2388 1835.0
2389 235.0
2390 109.716896
2391 220.134
2392 315.0
2393 235.0
2394 1243.6
2395 236.134
2396 603.0
2397 235.0
2398 236.134
2399 235.0
2400 93.02307
2401 4096.0
2402 3756.6418
2403 3095.2593
2404 2699.0
2405 2274.2656
2406 1995.0
2407 1995.0
2408 1967.2441
2409 1835.0
2410 1659.0
2411 1594.0763
2412 1324.134
2413 1324.134
2414 1276.134
2415 1276.134
2416 1275.288
2417 1275.0
2418 1275.0
2419 1243.6
2420 1147.1677
2421 1100.134
2422 1099.0
2423 1099.0
2424 1099.0
2425 1099.0
2426 1099.0
2427 1090.1182
2428 1012.0
2429 1007.77985
2430 972.59644
2431 936.43756
2432 924.134
2433 923.0
2434 923.0
2435 923.0
2436 923.0
2437 923.0
2438 923.0
2439 905.2498
2440 729.6232
2441 700.134
2442 699.0
2443 699.0
2444 699.0
2445 699.0
2446 699.0
2447 691.412
2448 685.8694
2449 671.9187
2450 667.0
2451 103.96518
2452 235.0
2453 219.0
2454 236.134
2455 235.0
2456 316.134
2457 219.0
2458 1275.0
2459 219.0
2460 603.0
2461 622.0077
2462 235.0
2463 88.93044
2464 540.6996
2465 1051.0
2466 235.0
2467 220.134
2468 923.0
2469 220.134
2470 507.0
2471 507.0
2472 0.0
2473 235.0
2474 315.0
2475 87.766396
2476 3468.881
2477 264.8049
2478 235.0
2479 235.0
2480 209.5266
2481 219.0
2482 236.134
2483 507.0
2484 219.0
2485 1323.0
2486 219.0
2487 315.0
2488 235.0
2489 219.0
2490 274.57666
2491 231.30365
2492 236.134
2493 507.0
2494 305.449
2495 603.0
2496 33.134
2497 699.0
2498 220.134
2499 235.0
2500 1081.0076
2501 4096.0
2502 3756.6418
2503 3468.881
2504 3095.2593
2505 2699.0
2506 2274.2656
2507 1995.0
2508 1995.0
2509 1967.2441
2510 1835.0
2511 1659.0
2512 1594.0763
2513 1324.134
2514 1324.134
2515 1323.0
2516 1276.134
2517 1276.134
2518 1275.288
2519 1275.0
2520 1275.0
2521 1275.0
2522 1243.6
2523 1147.1677
2524 1100.134
2525 1099.0
2526 1099.0
2527 1099.0
2528 1099.0
2529 1099.0
2530 1090.1182
2531 1081.0076
2532 1051.0
2533 1012.0
2534 1007.77985
2535 972.59644
2536 936.43756
2537 924.134
2538 923.0
2539 923.0
2540 923.0
2541 923.0
2542 923.0
2543 923.0
2544 923.0
2545 905.2498
2546 729.6232
2547 700.134
2548 699.0
2549 699.0
2550 699.0
2551 603.0
2552 912.42255
2553 235.0
2554 235.0
2555 235.0
2556 219.0
2557 508.134
2558 109.32978
2559 315.0
2560 315.0
2561 592.09863
2562 37.550285
2563 236.134
2564 1099.0
2565 315.0
2566 236.134
2567 268.6895
2568 603.0
2569 219.0
2570 315.0
2571 220.134
2572 2363.0
2573 303.97424
2574 220.134
2575 219.0
2576 213.24599
2577 219.0
2578 1099.0
2579 235.0
2580 210.80989
2581 225.68301
2582 220.134
2583 235.0
2584 236.134
2585 98.682686
2586 219.0
2587 134.77061
2588 241.62148
2589 219.0
2590 212.14914
2591 219.0
2592 603.0
2593 220.57747
2594 236.134
2595 315.0
2596 315.0
2597 315.0
2598 235.0
2599 219.0
2600 219.0
2601 4096.0
2602 3756.6418
2603 3468.881
2604 3095.2593
2605 2699.0
2606 2363.0
2607 2274.2656
2608 1995.0
2609 1995.0
2610 1967.2441
2611 1835.0
2612 1659.0
2613 1594.0763
2614 1324.134
2615 1324.134
2616 1323.0
2617 1276.134
2618 1276.134
2619 1275.288
2620 1275.0
2621 1275.0
2622 1275.0
2623 1243.6
2624 1147.1677
2625 1100.134
2626 1099.0
2627 1099.0
2628 1099.0
2629 1099.0
2630 1099.0
2631 1099.0
2632 1099.0
2633 1090.1182
2634 1081.0076
2635 1051.0
2636 1012.0
2637 1007.77985
2638 972.59644
2639 936.43756
2640 924.134
2641 923.0
2642 923.0
2643 923.0
2644 923.0
2645 923.0
2646 923.0
2647 923.0
2648 912.42255
2649 905.2498
2650 729.6232
2651 86.34196
2652 507.0
2653 2143.2952
2654 667.0
2655 1249.6146
2656 315.0
2657 220.134
2658 700.134
2659 1797.1654
2660 1275.0
2661 311.78146
2662 315.0
2663 315.0
2664 219.0
2665 220.134
2666 315.0
2667 235.0
2668 700.134
2669 104.168785
2670 236.134
2671 288.1958
2672 220.134
2673 220.134
2674 219.0
2675 26.519367
2676 235.0
2677 136.90768
2678 38.61463
2679 66.11036
2680 235.0
2681 0.0
2682 235.0
2683 219.0
2684 235.0
2685 265.11426
2686 235.0
2687 1275.0
2688 288.4864
2689 235.0
2690 235.0
2691 699.0
2692 603.0
2693 923.0
2694 235.0
2695 923.0
2696 236.134
2697 235.0
2698 603.0
2699 474.49893
2700 349.09122
2701 4096.0
2702 3756.6418
2703 3468.881
2704 3095.2593
2705 2699.0
2706 2363.0
2707 2274.2656
2708 2143.2952
2709 1995.0
2710 1995.0
2711 1967.2441
2712 1835.0
2713 1797.1654
2714 1659.0
2715 1594.0763
2716 1324.134
2717 1324.134
2718 1323.0
2719 1276.134
2720 1276.134
2721 1275.288
2722 1275.0
2723 1275.0
2724 1275.0
2725 1275.0
2726 1275.0
2727 1249.6146
2728 1243.6
2729 1147.1677
2730 1100.134
2731 1099.0
2732 1099.0
2733 1099.0
2734 1099.0
2735 1099.0
2736 1099.0
2737 1099.0
2738 1090.1182
2739 1081.0076
2740 1051.0
2741 1012.0
2742 1007.77985
2743 972.59644
2744 936.43756
2745 924.134
2746 923.0
2747 923.0
2748 923.0
2749 923.0
2750 923.0
2751 603.0
2752 40.34863
2753 667.0
2754 235.0
2755 235.0
2756 220.134
2757 600.732
2758 235.0
2759 44.769352
2760 616.2504
2761 219.0
2762 310.2245
2763 316.134
2764 592.6951
2765 2.2680001
2766 1275.0
2767 1275.0
2768 235.0
2769 315.0
2770 235.0
2771 263.37885
2772 508.134
2773 507.0
2774 603.0
2775 2667.0
2776 313.866
2777 219.0
2778 219.0
2779 235.0
2780 31.933998
2781 219.0
2782 1323.0
2783 147.73015
2784 235.0
2785 219.0
2786 905.58813
2787 219.0
2788 315.0
2789 315.0
2790 235.0
2791 217.03084
2792 235.0
2793 98.60904
2794 220.134
2795 309.99954
2796 692.0
2797 236.134
2798 219.0
2799 219.0
2800 219.0
2801 4096.0
2802 3756.6418
2803 3468.881
2804 3095.2593
2805 2699.0
2806 2667.0
2807 2363.0
2808 2274.2656
2809 2143.2952
2810 1995.0
2811 1995.0
2812 1967.2441
2813 1835.0
2814 1797.1654
2815 1659.0
2816 1594.0763
2817 1324.134
2818 1324.134
2819 1323.0
2820 1323.0
2821 1276.134
2822 1276.134
2823 1275.288
2824 1275.0
2825 1275.0
2826 1275.0
2827 1275.0
2828 1275.0
2829 1275.0
2830 1275.0
2831 1249.6146
2832 1243.6
2833 1147.1677
2834 1100.134
2835 1099.0
2836 1099.0
2837 1099.0
2838 1099.0
2839 1099.0
2840 1099.0
2841 1099.0
2842 1090.1182
2843 1081.0076
2844 1051.0
2845 1012.0
2846 1007.77985
2847 972.59644
2848 936.43756
2849 924.134
2850 923.0
2851 76.78755
2852 251.22975
2853 235.0
2854 71.23286
2855 235.0
2856 315.0
2857 235.0
2858 235.0
2859 316.134
2860 235.0
2861 699.0
2862 1275.0
2863 235.0
2864 1835.0
2865 235.0
2866 507.0
2867 235.0
2868 235.0
2869 235.0
2870 138.2198
2871 154.31592
2872 1836.134
2873 235.51318
2874 219.0
2875 98.779175
2876 1580.3595
2877 507.0
2878 1276.134
2879 603.0
2880 1275.0
2881 5.574937
2882 219.0
2883 603.0
2884 235.0
2885 505.866
2886 1099.0
2887 235.0
2888 235.0
2889 0.0
2890 219.0
2891 98.627235
2892 315.0
2893 298.35593
2894 252.75696
2895 219.0
2896 415.91165
2897 177.44008
2898 316.134
2899 300.57645
2900 219.0
2901 4096.0
2902 3756.6418
2903 3468.881
2904 3095.2593
2905 2699.0
2906 2667.0
2907 2363.0
2908 2274.2656
2909 2143.2952
2910 1995.0
2911 1995.0
2912 1967.2441
2913 1836.134
2914 1835.0
2915 1835.0
2916 1797.1654
2917 1659.0
2918 1594.0763
2919 1580.3595
2920 1324.134
2921 1324.134
2922 1323.0
2923 1323.0
2924 1276.134
2925 1276.134
2926 1276.134
2927 1275.288
2928 1275.0
2929 1275.0
2930 1275.0
2931 1275.0
2932 1275.0
2933 1275.0
2934 1275.0
2935 1275.0
2936 1275.0
2937 1249.6146
2938 1243.6
2939 1147.1677
2940 1100.134
2941 1099.0
2942 1099.0
2943 1099.0
2944 1099.0
2945 1099.0
2946 1099.0
2947 1099.0
2948 1099.0
2949 1090.1182
2950 1081.0076
2951 219.0
2952 429.05405
2953 125.89376
2954 507.0
2955 219.0
2956 316.134
2957 923.0
2958 219.0
2959 220.134
2960 219.0
2961 315.0
2962 1086.0302
2963 235.0
2964 1243.0
2965 603.0
2966 236.134
2967 507.0
2968 220.134
2969 235.0
2970 308.61444
2971 235.0
2972 253.65161
2973 1099.0
2974 236.134
2975 219.0
2976 1963.4657
2977 195.55986
2978 119.60612
2979 315.0
2980 311.24408
2981 220.134
2982 236.134
2983 315.0
2984 219.0
2985 235.0
2986 1099.0
2987 241.61462
2988 603.0
2989 81.030266
2990 316.60925
2991 199.14413
2992 219.0
2993 235.0
2994 235.0
2995 104.13212
2996 213.34167
2997 507.0
2998 219.0
2999 235.0
3000 235.0
3001 4096.0
3002 3756.6418
3003 3468.881
3004 3095.2593
3005 2699.0
3006 2667.0
3007 2363.0
3008 2274.2656
3009 2143.2952
3010 1995.0
3011 1995.0
3012 1967.2441
3013 1963.4657
3014 1836.134
3015 1835.0
3016 1835.0
3017 1797.1654
3018 1659.0
3019 1594.0763
3020 1580.3595
3021 1324.134
3022 1324.134
3023 1323.0
3024 1323.0
3025 1276.134
3026 1276.134
3027 1276.134
3028 1275.288
3029 1275.0
3030 1275.0
3031 1275.0
3032 1275.0
3033 1275.0
3034 1275.0
3035 1275.0
3036 1275.0
3037 1275.0
3038 1249.6146
3039 1243.6
3040 1243.0
3041 1147.1677
3042 1100.134
3043 1099.0
3044 1099.0
3045 1099.0
3046 1099.0
3047 1099.0
3048 1099.0
3049 1099.0
3050 1099.0
3051 109.32978
3052 33.134
3053 1074.3398
3054 236.134
3055 219.0
3056 220.134
3057 929.8508
3058 235.0
3059 235.0
3060 236.134
3061 137.9748
3062 315.0
3063 220.134
3064 219.0
3065 1051.0
3066 313.866
3067 219.0
3068 235.0
3069 235.0
3070 236.134
3071 236.134
3072 236.134
3073 315.0
3074 596.3854
3075 219.0
3076 116.36407
3077 235.0
3078 235.0
3079 315.0
3080 1302.3699
3081 235.0
3082 617.0674
3083 1556.1812
3084 1323.0
3085 219.0
3086 1275.0
3087 1275.0
3088 131.36324
3089 604.134
3090 507.0
3091 315.0
3092 603.0
3093 235.0
3094 219.0
3095 219.0
3096 132.29141
3097 0.0
3098 1.2
3099 0.0
3100 235.0
3101 4096.0
3102 3756.6418
3103 3468.881
3104 3095.2593
3105 2699.0
3106 2667.0
3107 2363.0
3108 2274.2656
3109 2143.2952
3110 1995.0
3111 1995.0
3112 1967.2441
3113 1963.4657
3114 1836.134
3115 1835.0
3116 1835.0
3117 1797.1654
3118 1659.0
3119 1594.0763
3120 1580.3595
3121 1556.1812
3122 1324.134
3123 1324.134
3124 1323.0
3125 1323.0
3126 1323.0
3127 1302.3699
3128 1276.134
3129 1276.134
3130 1276.134
3131 1275.288
3132 1275.0
3133 1275.0
3134 1275.0
3135 1275.0
3136 1275.0
3137 1275.0
3138 1275.0
3139 1275.0
3140 1275.0
3141 1275.0
3142 1275.0
3143 1249.6146
3144 1243.6
3145 1243.0
3146 1147.1677
3147 1100.134
3148 1099.0
3149 1099.0
3150 1099.0
3151 315.0
3152 236.134
3153 2648.0388
3154 929.8508
3155 208.2625
3156 442.24747
3157 315.0
3158 219.0
3159 235.0
3160 109.32978
3161 142.41586
3162 235.0
3163 49.31418
3164 235.0
3165 219.0
3166 235.0
3167 219.0
3168 603.0
3169 71.04566
3170 1323.0
3171 648.6497
3172 315.0
3173 315.0
3174 380.45126
3175 315.0
3176 235.0
3177 315.0
3178 235.0
3179 316.134
3180 240.3686
3181 186.44566
3182 1532.7318
3183 235.0
3184 235.0
3185 315.0
3186 219.0
3187 1243.0
3188 235.0
3189 606.3432
3190 235.0
3191 3099.3489
3192 1555.7549
3193 507.0
3194 219.0
3195 1099.0
3196 219.0
3197 219.0
3198 39.74863
3199 235.0
3200 233.866
3201 4096.0
3202 3756.6418
3203 3468.881
3204 3099.3489
3205 3095.2593
