1 299.0
2 299.0
3 299.0
4 299.0
5 299.0
6 45.881092
7 45.881092
8 45.881092
9 45.881092
10 45.881092
11 0.0
12 0.0
13 0.0
14 0.0
15 0.0
16 9.666553
17 9.666553
18 9.666553
19 9.666553
20 9.666553
21 69.28185
22 69.28185
23 69.28185
24 69.28185
25 69.28185
26 79.93996
27 79.93996
28 79.93996
29 79.93996
30 79.93996
31 50.717197
32 50.717197
33 50.717197
34 50.717197
35 50.717197
36 68.81376
37 68.81376
38 68.81376
39 68.81376
40 68.81376
41 10.929998
42 10.929998
43 10.929998
44 10.929998
45 10.929998
46 14.606262
47 14.606262
48 14.606262
49 14.606262
50 14.606262
51 200.732
52 200.732
53 200.732
54 200.732
55 200.732
56 62.059635
57 62.059635
58 62.059635
59 62.059635
60 62.059635
61 75.5868
62 75.5868
63 75.5868
64 75.5868
65 75.5868
66 0.0
67 0.0
68 0.0
69 0.0
70 0.0
71 15.723383
72 15.723383
73 15.723383
74 15.723383
75 15.723383
76 254.3746
77 254.3746
78 254.3746
79 254.3746
80 254.3746
81 72.64478
82 72.64478
83 72.64478
84 72.64478
85 72.64478
86 120.98065
87 120.98065
88 120.98065
89 120.98065
90 120.98065
91 0.0
92 0.0
93 0.0
94 0.0
95 0.0
96 0.0
97 0.0
98 0.0
99 0.0
100 0.0
