1 235.0
2 0.0
3 6.6146307
4 32.0
5 0.0
6 235.0
7 0.0
8 0.0
9 25.385368
10 32.0
11 219.0
12 33.134
13 32.0
14 30.8
15 32.0
16 38.61463
17 30.866
18 0.0
19 0.0
20 158.85448
21 0.0
22 38.61463
23 0.0
24 32.0
25 158.85448
26 191.2551
27 32.0
28 38.61463
29 32.0
30 169.6173
31 219.0
32 25.385368
33 33.134
34 6.6146307
35 25.385368
36 202.80531
37 207.89313
38 98.682686
39 38.61463
40 93.37531
41 0.0
42 0.0
43 32.0
44 32.0
45 0.0
46 30.866
47 163.93513
48 32.0
49 180.29054
50 0.0
51 38.61463
52 25.385368
53 0.0
54 219.0
55 0.0
56 32.0
57 0.0
58 32.0
59 0.0
60 38.61463
61 25.385368
62 180.3962
63 158.85448
64 220.134
65 30.866
66 1.2
67 219.0
68 32.0
69 0.0
70 219.0
71 0.0
72 0.0
73 30.81372
74 32.0
75 235.0
76 0.0
77 25.385368
78 38.61463
79 0.0
80 169.6173
81 38.61463
82 219.0
83 0.0
84 33.134
85 25.385368
86 104.07178
87 30.866
88 93.37531
89 0.0
90 98.682686
91 0.0
92 0.0
93 147.72139
94 0.0
95 33.2
96 32.0
97 158.85448
98 104.07178
99 0.0
100 0.0
101 235.0
102 235.0
103 235.0
104 220.134
105 219.0
106 219.0
107 219.0
108 219.0
109 219.0
110 219.0
111 207.89313
112 202.80531
113 191.2551
114 180.3962
115 180.29054
116 169.6173
117 169.6173
118 163.93513
119 158.85448
120 158.85448
121 158.85448
122 158.85448
123 147.72139
124 104.07178
125 104.07178
126 98.682686
127 98.682686
128 93.37531
129 93.37531
130 38.61463
131 38.61463
132 38.61463
133 38.61463
134 38.61463
135 38.61463
136 38.61463
137 38.61463
138 33.2
139 33.134
140 33.134
141 33.134
142 32.0
143 32.0
144 32.0
145 32.0
146 32.0
147 32.0
148 32.0
149 32.0
150 32.0
151 158.85446
152 219.0
153 219.0
154 93.37531
155 32.0
156 32.0
157 33.134
158 32.0
159 219.0
160 6.6146307
161 49.285866
162 0.0
163 104.07178
164 219.0
165 49.285866
166 169.6173
167 38.61463
168 219.0
169 25.385368
170 219.0
171 158.85448
172 0.0
173 0.0
174 19.844534
175 98.682686
176 0.0
177 98.682686
178 32.0
179 169.6173
180 38.61463
181 33.134
182 219.0
183 38.61463
184 33.134
185 0.0
186 0.0
187 1.2
188 0.0
189 219.0
190 0.0
191 30.866
192 25.385368
193 33.134
194 1.1340001
195 0.6
196 32.0
197 0.0
198 32.0
199 0.0
200 0.0
201 235.0
202 235.0
203 235.0
204 220.134
205 219.0
206 219.0
207 219.0
208 219.0
209 219.0
210 219.0
211 219.0
212 219.0
213 219.0
214 219.0
215 219.0
216 219.0
217 219.0
218 219.0
219 207.89313
220 202.80531
221 191.2551
222 180.3962
223 180.29054
224 169.6173
225 169.6173
226 169.6173
227 169.6173
228 163.93513
229 158.85448
230 158.85448
231 158.85448
232 158.85448
233 158.85448
234 158.85446
235 147.72139
236 104.07178
237 104.07178
238 104.07178
239 98.682686
240 98.682686
241 98.682686
242 98.682686
243 93.37531
244 93.37531
245 93.37531
246 49.285866
247 49.285866
248 38.61463
249 38.61463
250 38.61463
251 32.0
252 219.0
253 219.0
254 38.61463
255 32.0
256 219.0
257 12.155465
258 103.940704
259 32.0
260 98.60904
261 82.17816
262 0.0
263 158.85448
264 191.2754
265 30.8
266 104.07178
267 219.0
268 32.0
269 180.3962
270 32.0
271 0.0
272 38.61463
273 49.285866
274 98.682686
275 158.85446
276 219.0
277 38.61463
278 174.73912
279 32.0
280 0.0
281 153.36514
282 158.85446
283 158.85446
284 169.6173
285 32.0
286 93.05713
287 38.61463
288 38.61463
289 0.0
290 93.37531
291 98.682686
292 98.682686
293 219.0
294 25.385368
295 33.134
296 38.61463
297 0.0
298 38.61463
299 1.2
300 0.0
301 235.0
302 235.0
303 235.0
304 220.134
305 219.0
306 219.0
307 219.0
308 219.0
309 219.0
310 219.0
311 219.0
312 219.0
313 219.0
314 219.0
315 219.0
316 219.0
317 219.0
318 219.0
319 219.0
320 219.0
321 219.0
322 219.0
323 219.0
324 219.0
325 207.89313
326 202.80531
327 191.2754
328 191.2551
329 180.3962
330 180.3962
331 180.29054
332 174.73912
333 169.6173
334 169.6173
335 169.6173
336 169.6173
337 169.6173
338 163.93513
339 158.85448
340 158.85448
341 158.85448
342 158.85448
343 158.85448
344 158.85448
345 158.85446
346 158.85446
347 158.85446
348 158.85446
349 153.36514
350 147.72139
351 32.0
352 169.6173
353 32.0
354 104.00625
355 219.0
356 0.0
357 219.0
358 219.0
359 219.0
360 219.0
361 32.0
362 220.134
363 147.72139
364 219.0
365 191.33827
366 219.0
367 180.3791
368 93.37531
369 38.61463
370 32.0
371 219.0
372 0.0
373 220.134
374 219.0
375 158.85448
376 0.0
377 219.0
378 219.0
379 30.81372
380 0.0
381 32.0
382 38.61463
383 158.85446
384 169.5441
385 98.682686
386 0.0
387 158.85446
388 30.866
389 32.0
390 219.0
391 98.60904
392 32.0
393 219.0
394 25.385368
395 147.82523
396 158.85446
397 32.0
398 0.0
399 32.0
400 153.27272
401 235.0
402 235.0
403 235.0
404 220.134
405 220.134
406 220.134
407 219.0
408 219.0
409 219.0
410 219.0
411 219.0
412 219.0
413 219.0
414 219.0
415 219.0
416 219.0
417 219.0
418 219.0
419 219.0
420 219.0
421 219.0
422 219.0
423 219.0
424 219.0
425 219.0
426 219.0
427 219.0
428 219.0
429 219.0
430 219.0
431 219.0
432 219.0
433 219.0
434 219.0
435 219.0
436 219.0
437 219.0
438 219.0
439 219.0
440 207.89313
441 202.80531
442 191.33827
443 191.2754
444 191.2551
445 180.3962
446 180.3962
447 180.3791
448 180.29054
449 174.73912
450 169.6173
451 158.85446
452 32.0
453 191.2754
454 103.940704
455 220.134
456 191.26524
457 30.866
458 32.0
459 235.0
460 38.61463
461 32.0
462 220.134
463 93.37531
464 219.0
465 32.0
466 219.0
467 104.00625
468 235.0
469 219.0
470 169.6173
471 219.0
472 219.0
473 219.0
474 158.85448
475 219.0
476 219.0
477 0.0
478 235.0
479 32.0
480 219.0
481 103.940704
482 236.134
483 19.844534
484 25.385366
485 38.61463
486 219.0
487 0.0
488 315.0
489 0.0
490 30.866
491 30.866
492 30.81372
493 32.0
494 0.0
495 236.134
496 49.285866
497 219.0
498 38.61463
499 219.0
500 32.0
