1 13.396415
2 0.0
3 125.9862
4 212.9405
5 203.49147
6 1.1340001
7 38.61463
8 37.480633
9 218.7371
10 0.0
11 93.37531
12 0.0
13 178.9157
14 49.285866
15 219.0
16 94.018974
17 25.385368
18 0.0
19 17.535137
20 199.92259
21 25.385368
22 25.385368
23 0.0
24 34.32028
25 507.0
26 33.134
27 49.619152
28 0.0
29 219.0
30 0.0
31 147.62897
32 98.543495
33 30.866
34 220.134
35 142.1645
36 87.60242
37 219.0
38 180.41383
39 0.0
40 30.866
41 33.134
42 0.0
43 25.385368
44 147.62895
45 0.0
46 0.0
47 0.0
48 0.0
49 33.134
50 219.0
51 0.0
52 219.0
53 0.0
54 219.0
55 215.64348
56 0.0
57 171.77719
58 141.01434
59 122.99083
60 38.61463
61 33.134
62 147.59518
63 0.0
64 120.84625
65 6.6146307
66 163.93967
67 0.0
68 25.385368
69 218.3851
70 219.0
71 0.0
72 33.134
73 30.866
74 0.0
75 176.61629
76 43.968376
77 0.0
78 220.134
79 0.0
80 6.6146307
81 26.519367
82 51.006287
83 219.0
84 0.0
85 98.748245
86 60.328598
87 0.0
88 219.0
89 0.0
90 0.0
91 102.85071
92 7.1841965
93 32.0
94 34.267998
95 30.866
96 0.0
97 33.134
98 0.0
99 29.731998
100 0.0
101 507.0
102 507.0
103 220.134
104 220.134
105 219.0
106 219.0
107 219.0
108 219.0
109 219.0
110 219.0
111 219.0
112 219.0
113 219.0
114 218.7371
115 218.3851
116 215.64348
117 212.9405
118 203.49147
119 199.92259
120 180.41383
121 178.9157
122 176.61629
123 171.77719
124 163.93967
125 147.62897
126 147.62895
127 147.59518
128 142.1645
129 141.01434
130 125.9862
131 122.99083
132 120.84625
133 102.85071
134 98.748245
135 98.543495
136 94.018974
137 93.37531
138 87.60242
139 60.328598
140 51.006287
141 49.619152
142 49.285866
143 43.968376
144 38.61463
145 38.61463
146 37.480633
147 34.32028
148 34.267998
149 33.134
150 33.134
151 33.134
152 191.49829
153 219.0
154 54.001247
155 82.15918
156 6.6146307
157 209.24709
158 147.62897
159 219.0
160 0.0
161 0.0
162 174.68542
163 29.731998
164 32.0
165 0.0
166 32.0
167 33.134003
168 1.1340001
169 117.98019
170 3.363054
171 191.38994
172 0.0
173 507.0
174 0.0
175 176.32141
176 219.0
177 0.0
178 32.0
179 219.0
180 0.0
181 190.21162
182 61.138767
183 114.731316
184 114.975334
185 60.322742
186 0.0
187 0.0
188 30.866
189 191.22142
190 164.09755
191 0.0
192 235.0
193 39.51297
194 235.0
195 147.95432
196 31.4
197 0.0
198 33.134
199 33.134
200 87.92974
201 32.0
202 507.0
203 507.0
204 235.0
205 235.0
206 220.134
207 220.134
208 219.0
209 219.0
210 219.0
211 219.0
212 219.0
213 219.0
214 219.0
215 219.0
216 219.0
217 219.0
218 219.0
219 219.0
220 219.0
221 218.7371
222 218.3851
223 215.64348
224 212.9405
225 209.24709
226 203.49147
227 199.92259
228 191.49829
229 191.38994
230 191.22142
231 190.21162
232 180.41383
233 178.9157
234 176.61629
235 176.32141
236 174.68542
237 171.77719
238 164.09755
239 163.93967
240 147.95432
241 147.62897
242 147.62897
243 147.62895
244 147.59518
245 142.1645
246 141.01434
247 125.9862
248 122.99083
249 120.84625
250 117.98019
251 114.975334
252 49.285866
253 235.0
254 49.285866
255 158.69907
256 219.0
257 0.0
258 219.0
259 0.0
260 204.16325
261 125.257225
262 98.543495
263 27.78537
264 125.648796
265 224.50894
266 169.5441
267 219.0
268 235.0
269 220.134
270 25.385368
271 0.0
272 137.03123
273 220.134
274 131.30977
275 17.451633
276 127.9487
277 0.0
278 219.0
279 0.0
280 67.482864
281 235.0
282 38.83676
283 0.0
284 219.0
285 0.0
286 38.61463
287 219.0
288 147.62897
289 24.185368
290 58.993042
291 220.134
292 79.44827
293 98.543495
294 32.0
295 164.01741
296 0.0
297 0.0
298 219.0
299 1.1340001
300 219.0
301 146.66968
302 507.0
303 507.0
304 235.0
305 235.0
306 235.0
307 235.0
308 235.0
309 224.50894
310 220.134
311 220.134
312 220.134
313 220.134
314 220.134
315 219.0
316 219.0
317 219.0
318 219.0
319 219.0
320 219.0
321 219.0
322 219.0
323 219.0
324 219.0
325 219.0
326 219.0
327 219.0
328 219.0
329 219.0
330 219.0
331 219.0
332 219.0
333 219.0
334 219.0
335 219.0
336 218.7371
337 218.3851
338 215.64348
339 212.9405
340 209.24709
341 204.16325
342 203.49147
343 199.92259
344 191.49829
345 191.38994
346 191.22142
347 190.21162
348 180.41383
349 178.9157
350 176.61629
351 176.32141
352 175.16995
353 181.27182
354 219.0
355 194.91927
356 219.0
357 6.6146307
358 1.1340001
359 189.76123
360 219.0
361 220.134
362 235.0
363 0.0
364 157.15762
365 82.25217
366 236.134
367 219.0
368 0.0
369 0.0
370 67.56258
371 196.6806
372 219.0
373 169.29753
374 24.251368
375 30.866
376 219.0
377 78.34695
378 0.0
379 196.55974
380 32.0
381 45.23538
382 235.0111
383 147.62895
384 191.5412
385 235.0
386 153.19499
387 32.0
388 0.0
389 158.78128
390 39.74863
391 204.5338
392 32.0
393 213.36115
394 213.21367
395 219.0
396 203.42429
397 185.52225
398 212.95058
399 28.193209
400 0.0
401 218.77357
402 507.0
403 507.0
404 236.134
405 235.0111
406 235.0
407 235.0
408 235.0
409 235.0
410 235.0
411 235.0
412 235.0
413 224.50894
414 220.134
415 220.134
416 220.134
417 220.134
418 220.134
419 220.134
420 219.0
421 219.0
422 219.0
423 219.0
424 219.0
425 219.0
426 219.0
427 219.0
428 219.0
429 219.0
430 219.0
431 219.0
432 219.0
433 219.0
434 219.0
435 219.0
436 219.0
437 219.0
438 219.0
439 219.0
440 219.0
441 219.0
442 219.0
443 219.0
444 219.0
445 219.0
446 219.0
447 219.0
448 218.77357
449 218.7371
450 218.3851
451 215.64348
452 235.0
453 235.0
454 219.0
455 219.0
456 153.23157
457 55.17242
458 235.0
459 235.0
460 236.134
461 74.09891
462 33.134
463 111.89295
464 65.89636
465 235.0
466 103.825615
467 49.520634
468 44.964638
469 219.0
470 169.6218
471 219.0
472 235.0
473 219.0
474 219.0
475 32.0
476 203.55667
477 219.0
478 0.0
479 219.0
480 219.0
481 235.0
482 92.91691
483 219.0
484 100.017815
485 219.0
486 49.285866
487 32.0
488 219.0
489 219.0
490 220.134
491 219.0
492 163.95152
493 0.0
494 169.69958
495 219.0
496 0.0
497 14.3930235
498 197.96375
499 202.21796
500 32.0
501 0.0
502 507.0
503 507.0
504 236.134
505 236.134
506 235.0111
507 235.0
508 235.0
509 235.0
510 235.0
511 235.0
512 235.0
513 235.0
514 235.0
515 235.0
516 235.0
517 235.0
518 235.0
519 235.0
520 235.0
521 224.50894
522 220.134
523 220.134
524 220.134
525 220.134
526 220.134
527 220.134
528 220.134
529 219.0
530 219.0
531 219.0
532 219.0
533 219.0
534 219.0
535 219.0
536 219.0
537 219.0
538 219.0
539 219.0
540 219.0
541 219.0
542 219.0
543 219.0
544 219.0
545 219.0
546 219.0
547 219.0
548 219.0
549 219.0
550 219.0
551 219.0
552 209.03363
553 185.7724
554 154.54422
555 54.97002
556 175.67581
557 265.32095
558 71.22631
559 35.19015
560 45.229263
561 219.0
562 219.0
563 82.1477
564 235.0
565 43.968376
566 34.454742
567 25.149174
568 220.134
569 235.0
570 219.0
571 0.0
572 136.67862
573 39.935375
574 219.0
575 220.134
576 220.134
577 228.38538
578 32.0
579 38.58544
580 219.0
581 196.93974
582 46.35144
583 219.0
584 26.703093
585 25.385368
586 220.134
587 219.0
588 219.0
589 87.59094
590 219.0
591 315.0
592 219.0
593 195.5571
594 25.385368
595 0.0
596 0.0
597 219.0
598 235.0
599 231.30365
600 71.5286
601 1.1340001
602 507.0
603 507.0
604 315.0
605 265.32095
606 236.134
607 236.134
608 235.0111
609 235.0
610 235.0
611 235.0
612 235.0
613 235.0
614 235.0
615 235.0
616 235.0
617 235.0
618 235.0
619 235.0
620 235.0
621 235.0
622 235.0
623 235.0
624 235.0
625 235.0
626 231.30365
627 228.38538
628 224.50894
629 220.134
630 220.134
631 220.134
632 220.134
633 220.134
634 220.134
635 220.134
636 220.134
637 220.134
638 220.134
639 220.134
640 219.0
641 219.0
642 219.0
643 219.0
644 219.0
645 219.0
646 219.0
647 219.0
648 219.0
649 219.0
650 219.0
651 219.0
652 165.05495
653 236.134
654 45.475895
655 44.05152
656 219.0
657 161.03296
658 6.6146307
659 163.9763
660 235.0
661 235.0
662 235.0
663 235.0
664 219.0
665 111.58032
666 26.8696
667 33.186275
668 219.0
669 235.0
670 219.0
671 219.0
672 235.0
673 0.0
674 219.0
675 136.81552
676 120.48457
677 0.0
678 219.0
679 219.0
680 220.134
681 220.134
682 219.0
683 72.71431
684 175.11385
685 219.0
686 220.134
687 220.134
688 34.334
689 220.134
690 219.0
691 236.134
692 219.0
693 219.0
694 219.0
695 219.0
696 219.0
697 220.134
698 14.429259
699 219.0
700 132.13382
701 219.0
702 507.0
703 507.0
704 315.0
705 265.32095
706 236.134
707 236.134
708 236.134
709 236.134
710 235.0111
711 235.0
712 235.0
713 235.0
714 235.0
715 235.0
716 235.0
717 235.0
718 235.0
719 235.0
720 235.0
721 235.0
722 235.0
723 235.0
724 235.0
725 235.0
726 235.0
727 235.0
728 235.0
729 235.0
730 235.0
731 235.0
732 235.0
733 235.0
734 231.30365
735 228.38538
736 224.50894
737 220.134
738 220.134
739 220.134
740 220.134
741 220.134
742 220.134
743 220.134
744 220.134
745 220.134
746 220.134
747 220.134
748 220.134
749 220.134
750 220.134
751 220.134
752 160.36684
753 219.0
754 219.0
755 42.25282
756 234.79149
757 185.97322
758 14.479365
759 171.16481
760 31.99924
761 219.0
762 32.0
763 236.134
764 49.285866
765 14.763346
766 185.70374
767 236.134
768 219.0
769 0.0
770 0.0
771 245.71736
772 219.0
773 0.0
774 219.0
775 235.0
776 219.0
777 3.8406622
778 93.215675
779 219.0
780 219.0
781 235.0
782 186.24835
783 0.0
784 236.134
785 0.0
786 25.385368
787 71.26604
788 120.46868
789 72.45457
790 1.1340001
791 219.0
792 185.98004
793 0.0
794 33.134
795 82.90962
796 136.97586
797 220.134
798 220.134
799 220.134
800 220.134
801 220.134
802 507.0
803 507.0
804 315.0
805 265.32095
806 245.71736
807 236.134
808 236.134
809 236.134
810 236.134
811 236.134
812 236.134
813 236.134
814 235.0111
815 235.0
816 235.0
817 235.0
818 235.0
819 235.0
820 235.0
821 235.0
822 235.0
823 235.0
824 235.0
825 235.0
826 235.0
827 235.0
828 235.0
829 235.0
830 235.0
831 235.0
832 235.0
833 235.0
834 235.0
835 235.0
836 235.0
837 235.0
838 235.0
839 235.0
840 234.79149
841 231.30365
842 228.38538
843 224.50894
844 220.134
845 220.134
846 220.134
847 220.134
848 220.134
849 220.134
850 220.134
851 220.134
852 93.37531
853 236.134
854 315.0
855 210.50531
856 101.00773
857 89.931915
858 220.134
859 98.62436
860 174.80183
861 235.0
862 32.0
863 236.134
864 0.0
865 33.134
866 228.02365
867 50.89099
868 213.21165
869 143.42297
870 191.77074
871 219.0
872 185.7629
873 219.0
874 235.0
875 0.0
876 61.564045
877 219.0
878 47.081726
879 235.0
880 217.10115
881 235.0
882 219.0
883 174.99863
884 114.82372
885 1.1340001
886 0.0
887 235.0
888 219.0
889 201.61423
890 106.401794
891 93.23611
892 66.803085
893 0.0
894 31.4
895 219.0
896 125.793
897 235.0
898 219.0
899 25.385368
900 219.0
901 220.134
902 507.0
903 507.0
904 315.0
905 315.0
906 265.32095
907 245.71736
908 236.134
909 236.134
910 236.134
911 236.134
912 236.134
913 236.134
914 236.134
915 236.134
916 236.134
917 235.0111
918 235.0
919 235.0
920 235.0
921 235.0
922 235.0
923 235.0
924 235.0
925 235.0
926 235.0
927 235.0
928 235.0
929 235.0
930 235.0
931 235.0
932 235.0
933 235.0
934 235.0
935 235.0
936 235.0
937 235.0
938 235.0
939 235.0
940 235.0
941 235.0
942 235.0
943 235.0
944 235.0
945 235.0
946 235.0
947 235.0
948 235.0
949 234.79149
950 231.30365
951 228.38538
952 603.0
953 71.3582
954 235.0
955 219.0
956 235.0
957 114.75603
958 163.213
959 206.30661
960 106.447296
961 219.0
962 219.0
963 72.432
964 219.0
965 119.61967
966 201.79607
967 219.0
968 235.0
969 50.50643
970 220.134
971 38.61463
972 235.0
973 226.47626
974 235.13734
975 235.0
976 235.0
977 235.0
978 219.0
979 236.134
980 236.134
981 315.0
982 88.79987
983 235.0
984 219.0
985 44.55236
986 235.0
987 158.78128
988 235.0
989 191.13365
990 132.4289
991 219.0
992 236.134
993 33.067997
994 45.170883
995 219.0
996 213.29164
997 219.0
998 186.12936
999 219.0
1000 20.073275
1001 152.17342
1002 603.0
1003 603.0
1004 507.0
1005 507.0
1006 315.0
1007 315.0
1008 315.0
1009 265.32095
1010 245.71736
1011 236.134
1012 236.134
1013 236.134
1014 236.134
1015 236.134
1016 236.134
1017 236.134
1018 236.134
1019 236.134
1020 236.134
1021 236.134
1022 236.134
1023 235.13734
1024 235.0111
1025 235.0
1026 235.0
1027 235.0
1028 235.0
1029 235.0
1030 235.0
1031 235.0
1032 235.0
1033 235.0
1034 235.0
1035 235.0
1036 235.0
1037 235.0
1038 235.0
1039 235.0
1040 235.0
1041 235.0
1042 235.0
1043 235.0
1044 235.0
1045 235.0
1046 235.0
1047 235.0
1048 235.0
1049 235.0
1050 235.0
1051 235.0
1052 235.0
1053 235.0
1054 186.10983
1055 235.0
1056 219.0
1057 235.0
1058 315.0
1059 316.134
1060 235.0
1061 235.0
1062 169.44719
1063 161.67265
1064 235.0
1065 235.0
1066 153.25244
1067 235.0
1068 160.01132
1069 316.134
1070 169.7099
1071 235.0
1072 235.0
1073 147.76547
1074 219.0
1075 219.0
1076 219.0
1077 52.233925
1078 235.0
1079 219.0
1080 120.55235
1081 315.0
1082 132.55519
1083 220.134
1084 235.0
1085 235.0
1086 235.0
1087 235.0
1088 44.095264
1089 143.58871
1090 219.0
1091 235.0
1092 0.14467716
1093 235.0
1094 60.193043
1095 219.0
1096 235.0
1097 0.0
1098 38.460316
1099 32.6
1100 178.39606
1101 235.1077
1102 235.0
1103 603.0
1104 507.0
1105 507.0
1106 316.134
1107 316.134
1108 315.0
1109 315.0
1110 315.0
1111 315.0
1112 315.0
1113 265.32095
1114 245.71736
1115 236.134
1116 236.134
1117 236.134
1118 236.134
1119 236.134
1120 236.134
1121 236.134
1122 236.134
1123 236.134
1124 236.134
1125 236.134
1126 236.134
1127 235.13734
1128 235.1077
1129 235.0111
1130 235.0
1131 235.0
1132 235.0
1133 235.0
1134 235.0
1135 235.0
1136 235.0
1137 235.0
1138 235.0
1139 235.0
1140 235.0
1141 235.0
1142 235.0
1143 235.0
1144 235.0
1145 235.0
1146 235.0
1147 235.0
1148 235.0
1149 235.0
1150 235.0
1151 235.0
1152 235.0
1153 25.385368
1154 0.0
1155 129.44537
1156 219.0
1157 219.0
1158 219.0
1159 235.0
1160 117.95252
1161 220.134
1162 235.0
1163 93.3527
1164 121.67047
1165 219.0
1166 699.0
1167 235.0
1168 94.6472
1169 219.0
1170 220.134
1171 236.134
1172 219.0
1173 163.90714
1174 235.0
1175 19.29789
1176 235.0
1177 235.0
1178 37.480633
1179 136.85954
1180 235.0
1181 104.197495
1182 219.0
1183 235.18782
1184 0.0
1185 207.66133
1186 219.0
1187 220.134
1188 0.0
1189 235.0
1190 30.8
1191 235.0
1192 219.0
1193 219.0
1194 202.06476
1195 0.0
1196 219.0
1197 147.5467
1198 219.0
1199 144.40157
1200 235.0
1201 219.0
1202 219.0
1203 699.0
1204 699.0
1205 603.0
1206 507.0
1207 507.0
1208 316.134
1209 316.134
1210 315.0
1211 315.0
1212 315.0
1213 315.0
1214 315.0
1215 265.32095
1216 245.71736
1217 236.134
1218 236.134
1219 236.134
1220 236.134
1221 236.134
1222 236.134
1223 236.134
1224 236.134
1225 236.134
1226 236.134
1227 236.134
1228 236.134
1229 236.134
1230 235.18782
1231 235.13734
1232 235.1077
1233 235.0111
1234 235.0
1235 235.0
1236 235.0
1237 235.0
1238 235.0
1239 235.0
1240 235.0
1241 235.0
1242 235.0
1243 235.0
1244 235.0
1245 235.0
1246 235.0
1247 235.0
1248 235.0
1249 235.0
1250 235.0
1251 235.0
1252 235.0
1253 235.0
1254 2363.0
1255 180.68486
1256 38.61463
1257 235.0
1258 39.98482
1259 219.0
1260 219.0
1261 246.97734
1262 235.0
1263 220.134
1264 183.436
1265 219.0
1266 219.0
1267 161.11119
1268 114.91629
1269 191.24727
1270 235.0
1271 78.25851
1272 120.88552
1273 235.0
1274 220.134
1275 31.933998
1276 0.0
1277 235.0
1278 235.0
1279 159.81651
1280 219.0
1281 212.40466
1282 274.10068
1283 0.0
1284 219.0
1285 219.0
1286 235.0
1287 235.0
1288 235.0
1289 219.0
1290 213.29276
1291 199.695
1292 207.8595
1293 219.0
1294 74.89157
1295 235.0
1296 121.43519
1297 581.9104
1298 235.0
1299 103.88235
1300 235.0
1301 191.4016
1302 219.0
1303 35.39611
