1 0.0
2 48.128716
3 48.371147
4 14.332041
5 149.44188
6 8.042854
7 17.026136
8 17.103722
9 0.0
10 13.580138
11 41.48263
12 219.0
13 18.27853
14 30.269516
15 0.0
16 0.0
17 127.78565
18 30.865997
19 39.979736
20 37.6058
21 0.0
22 110.32773
23 55.787247
24 55.03935
25 82.3343
26 49.723736
27 128.35747
28 39.98482
29 34.267998
30 14.254668
31 32.194214
32 0.0
33 219.0
34 45.494583
35 38.38572
36 71.20463
37 35.468002
38 0.0
39 14.286604
40 0.0
41 0.0
42 0.0
43 19.8098
44 0.0
45 44.264767
46 30.866
47 48.814808
48 22.838617
49 0.0
50 66.06814
51 0.0
52 18.94095
53 145.29858
54 22.978056
55 28.387604
56 38.850822
57 78.52448
58 36.35252
59 72.91316
60 46.417862
61 98.10368
62 33.127155
63 78.25015
64 0.0
65 0.0
66 0.0
67 103.281784
68 2.2152004
69 0.0
70 219.0
71 31.844818
72 66.0335
73 131.2894
74 82.184395
75 143.5847
76 0.0
77 100.78206
78 31.4
79 135.16595
80 10.26962
81 136.66881
82 175.91492
83 25.163235
84 26.92625
85 0.0
86 106.682495
87 70.055725
88 14.236333
89 36.35252
90 0.0
91 0.0
92 78.36406
93 35.943256
94 25.385368
95 128.45885
96 0.0
97 0.0
98 60.596592
99 17.778185
100 54.89067
101 219.0
102 219.0
103 219.0
104 175.91492
105 149.44188
106 145.29858
107 143.5847
108 136.66881
109 135.16595
110 131.2894
111 128.45885
112 128.35747
113 127.78565
114 110.32773
115 106.682495
116 103.281784
117 100.78206
118 98.10368
119 82.3343
120 82.184395
121 78.52448
122 78.36406
123 78.25015
124 72.91316
125 71.20463
126 70.055725
127 66.06814
128 66.0335
129 60.596592
130 55.787247
131 55.03935
132 54.89067
133 49.723736
134 48.814808
135 48.371147
136 48.128716
137 46.417862
138 45.494583
139 44.264767
140 41.48263
141 39.98482
142 39.979736
143 38.850822
144 38.38572
145 37.6058
146 36.35252
147 36.35252
148 35.943256
149 35.468002
150 34.267998
151 11.537818
152 219.0
153 219.0
154 43.93324
155 15.790096
156 9.907839
157 157.79407
158 48.88215
159 48.57108
160 106.3884
161 98.82523
162 0.0
163 44.99939
164 72.10405
165 34.267998
166 113.67129
167 38.57504
168 0.0
169 315.0
170 114.83522
171 18.83227
172 7.984826
173 116.215225
174 85.472176
175 40.881874
176 50.76737
177 39.98363
178 32.652275
179 0.0
180 77.93301
181 153.24213
182 0.0
183 235.0
184 121.25816
185 219.0
186 104.33786
187 10.651053
188 219.0
189 36.440933
190 49.520634
191 186.72504
192 47.69991
193 16.735935
194 43.68714
195 52.384834
196 164.17432
197 109.324066
198 0.0
199 99.58579
200 3.5433223
201 315.0
202 235.0
203 219.0
204 219.0
205 219.0
206 219.0
207 219.0
208 219.0
209 219.0
210 186.72504
211 175.91492
212 164.17432
213 157.79407
214 153.24213
215 149.44188
216 145.29858
217 143.5847
218 136.66881
219 135.16595
220 131.2894
221 128.45885
222 128.35747
223 127.78565
224 121.25816
225 116.215225
226 114.83522
227 113.67129
228 110.32773
229 109.324066
230 106.682495
231 106.3884
232 104.33786
233 103.281784
234 100.78206
235 99.58579
236 98.82523
237 98.10368
238 85.472176
239 82.3343
240 82.184395
241 78.52448
242 78.36406
243 78.25015
244 77.93301
245 72.91316
246 72.10405
247 71.20463
248 70.055725
249 66.06814
250 66.0335
251 33.19543
252 0.0
253 112.3873
254 43.988956
255 41.88746
256 235.0
257 124.344505
258 38.75394
259 0.0
260 38.567104
261 0.0
262 0.0
263 36.477253
264 25.414562
265 3.7823572
266 151.79955
267 23.233562
268 141.39726
269 42.858345
270 94.15933
271 65.93984
272 122.319756
273 73.49857
274 112.16015
275 2.337293
276 78.011925
277 0.0
278 219.0
279 3.643185
280 121.33745
281 0.0
282 28.781479
283 219.0
284 83.964836
285 98.65049
286 66.00961
287 0.0
288 48.179718
289 6.8508253
290 131.51768
291 175.99454
292 85.485054
293 25.40598
294 63.572395
295 122.254486
296 25.13589
297 55.010456
298 37.41463
299 33.40983
300 42.88976
301 315.0
302 235.0
303 235.0
304 219.0
305 219.0
306 219.0
307 219.0
308 219.0
309 219.0
310 219.0
311 219.0
312 219.0
313 186.72504
314 175.99454
315 175.91492
316 164.17432
317 157.79407
318 153.24213
319 151.79955
320 149.44188
321 145.29858
322 143.5847
323 141.39726
324 136.66881
325 135.16595
326 131.51768
327 131.2894
328 128.45885
329 128.35747
330 127.78565
331 124.344505
332 122.319756
333 122.254486
334 121.33745
335 121.25816
336 116.215225
337 114.83522
338 113.67129
339 112.3873
340 112.16015
341 110.32773
342 109.324066
343 106.682495
344 106.3884
345 104.33786
346 103.281784
347 100.78206
348 99.58579
349 98.82523
350 98.65049
351 201.00844
352 153.53119
353 74.37421
354 165.95836
355 121.96304
356 42.082634
357 134.16707
358 132.98253
359 210.63786
360 216.09445
361 219.0
362 49.45264
363 54.957355
364 159.9368
365 38.388115
366 235.0
367 3.9036174
368 105.30289
369 114.35578
370 219.0
371 55.97108
372 164.90987
373 122.46266
374 55.501114
375 47.31565
376 188.56693
377 13.7090025
378 0.0
379 38.073368
380 171.07018
381 190.4031
382 0.0
383 40.296738
384 31.989128
385 125.37613
386 148.83513
387 24.48028
388 0.0
389 213.00674
390 77.21264
391 18.110247
392 123.53236
393 26.283175
394 135.91415
395 74.24689
396 41.482628
397 6.6263456
398 177.6809
399 165.38298
400 94.18817
401 315.0
402 235.0
403 235.0
404 235.0
405 219.0
406 219.0
407 219.0
408 219.0
409 219.0
410 219.0
411 219.0
412 219.0
413 219.0
414 219.0
415 219.0
416 216.09445
417 213.00674
418 210.63786
419 201.00844
420 190.4031
421 188.56693
422 186.72504
423 177.6809
424 175.99454
425 175.91492
426 171.07018
427 165.95836
428 165.38298
429 164.90987
430 164.17432
431 159.9368
432 157.79407
433 153.53119
434 153.24213
435 151.79955
436 149.44188
437 148.83513
438 145.29858
439 143.5847
440 141.39726
441 136.66881
442 135.91415
443 135.16595
444 134.16707
445 132.98253
446 131.51768
447 131.2894
448 128.45885
449 128.35747
450 127.78565
451 83.25546
452 175.17567
453 46.126255
454 190.1733
455 20.639154
456 230.1112
457 121.70147
458 75.0112
459 105.62822
460 147.7804
461 43.754375
462 127.89283
463 88.88673
464 145.75056
465 0.0
466 21.21941
467 163.92162
468 194.38936
469 22.166847
470 102.10052
471 185.9173
472 173.40256
473 142.3275
474 170.2634
475 114.13241
476 108.63305
477 27.62057
478 40.001045
479 150.96301
480 44.155464
481 44.116123
482 0.0
483 149.90434
484 104.255875
485 16.4308
486 28.987606
487 2.9056349
488 65.602585
489 209.82047
490 35.654743
491 36.41948
492 38.250824
493 0.0
494 100.901825
495 175.04805
496 176.40327
497 31.934
498 219.0
499 196.08156
500 59.35967
501 315.0
502 235.0
503 235.0
504 235.0
505 230.1112
506 219.0
507 219.0
508 219.0
509 219.0
510 219.0
511 219.0
512 219.0
513 219.0
514 219.0
515 219.0
516 219.0
517 219.0
518 216.09445
519 213.00674
520 210.63786
521 209.82047
522 201.00844
523 196.08156
524 194.38936
525 190.4031
526 190.1733
527 188.56693
528 186.72504
529 185.9173
530 177.6809
531 176.40327
532 175.99454
533 175.91492
534 175.17567
535 175.04805
536 173.40256
537 171.07018
538 170.2634
539 165.95836
540 165.38298
541 164.90987
542 164.17432
543 163.92162
544 159.9368
545 157.79407
546 153.53119
547 153.24213
548 151.79955
549 150.96301
550 149.90434
551 30.866
552 97.25232
553 219.0
554 0.0
555 173.97282
556 87.635704
557 73.409325
558 0.0
559 96.898125
560 40.369366
561 185.89546
562 169.71706
563 219.0
564 32.666
565 219.0
566 65.96443
567 61.137657
568 0.0
569 56.941227
570 12.346249
571 39.23059
572 0.0
573 196.62119
574 159.18486
575 47.008022
576 219.49763
577 219.0
578 180.37007
579 124.35577
580 46.750626
581 183.0551
582 67.94746
583 170.73254
584 131.62177
585 123.72228
586 131.04504
587 136.82214
588 156.68268
589 148.59874
590 11.716572
591 114.16768
592 135.69061
593 166.12424
594 14.347812
595 101.33627
596 220.134
597 114.313934
598 220.134
599 0.0
600 202.67119
601 315.0
602 235.0
603 235.0
604 235.0
605 230.1112
606 220.134
607 220.134
608 219.49763
609 219.0
610 219.0
611 219.0
612 219.0
613 219.0
614 219.0
615 219.0
616 219.0
617 219.0
618 219.0
619 219.0
620 219.0
621 219.0
622 219.0
623 219.0
624 219.0
625 216.09445
626 213.00674
627 210.63786
628 209.82047
629 202.67119
630 201.00844
631 196.62119
632 196.08156
633 194.38936
634 190.4031
635 190.1733
636 188.56693
637 186.72504
638 185.9173
639 185.89546
640 183.0551
641 180.37007
642 177.6809
643 176.40327
644 175.99454
645 175.91492
646 175.17567
647 175.04805
648 173.97282
649 173.40256
650 171.07018
651 25.96328
652 219.0
653 76.33982
654 299.45993
655 53.740383
656 235.0
657 205.0434
658 132.27426
659 179.5442
660 219.0
661 0.0
662 190.70433
663 235.0
664 155.4356
665 167.32329
666 55.675922
667 0.0
668 106.61869
669 35.684586
670 224.28336
671 38.890976
672 152.6088
673 124.23808
674 88.59645
675 219.0
676 203.96866
677 122.10172
678 0.0
679 235.0
680 84.021324
681 103.7232
682 94.018974
683 150.51974
684 191.94197
685 176.77968
686 204.34781
687 46.279507
688 118.65177
689 101.49794
690 128.33461
691 111.2154
692 153.4356
693 123.773994
694 39.489555
695 66.83658
696 44.10049
697 174.74255
698 133.71161
699 176.39087
700 219.0
701 315.0
702 299.45993
703 235.0
704 235.0
705 235.0
706 235.0
707 235.0
708 235.0
709 230.1112
710 224.28336
711 220.134
712 220.134
713 219.49763
714 219.0
715 219.0
716 219.0
717 219.0
718 219.0
719 219.0
720 219.0
721 219.0
722 219.0
723 219.0
724 219.0
725 219.0
726 219.0
727 219.0
728 219.0
729 219.0
730 219.0
731 219.0
732 219.0
733 219.0
734 216.09445
735 213.00674
736 210.63786
737 209.82047
738 205.0434
739 204.34781
740 203.96866
741 202.67119
742 201.00844
743 196.62119
744 196.08156
745 194.38936
746 191.94197
747 190.70433
748 190.4031
749 190.1733
750 188.56693
751 219.0
752 219.0
753 96.86332
754 93.479675
755 128.841
756 219.0
757 219.0
758 0.0
759 31.052746
760 212.97208
761 219.0
762 18.952505
763 135.11879
764 219.0
765 157.60965
766 155.62692
767 142.18973
768 215.33385
769 207.94212
770 29.790741
771 166.31511
772 191.41098
773 165.16391
774 219.0
775 32.94089
776 110.211044
777 93.40676
778 95.26797
779 13.398763
780 19.775085
781 51.777233
782 206.3343
783 112.79696
784 181.77187
785 33.796486
786 120.322044
787 115.00827
788 218.88788
789 146.60835
790 50.493313
791 229.24028
792 34.062675
793 202.32915
794 199.50298
795 218.6619
796 173.05872
797 219.0
798 117.69194
799 151.77997
800 219.0
801 315.0
802 299.45993
803 235.0
804 235.0
805 235.0
806 235.0
807 235.0
808 235.0
809 230.1112
810 229.24028
811 224.28336
812 220.134
813 220.134
814 219.49763
815 219.0
816 219.0
817 219.0
818 219.0
819 219.0
820 219.0
821 219.0
822 219.0
823 219.0
824 219.0
825 219.0
826 219.0
827 219.0
828 219.0
829 219.0
830 219.0
831 219.0
832 219.0
833 219.0
834 219.0
835 219.0
836 219.0
837 219.0
838 219.0
839 219.0
840 219.0
841 219.0
842 219.0
843 219.0
844 218.88788
845 218.6619
846 216.09445
847 215.33385
848 213.00674
849 212.97208
850 210.63786
851 116.72243
852 191.19907
853 60.05604
854 156.73845
855 61.137657
856 123.15025
857 16.853262
858 219.0
859 219.0
860 218.7549
861 235.0
862 197.59213
863 0.0
864 55.223953
865 219.0
866 219.0
867 235.0
868 220.134
869 39.74863
870 235.0
871 71.98954
872 45.371773
873 84.171844
874 97.80347
875 235.0
876 164.00099
877 201.5722
878 219.0
879 180.36058
880 273.3966
881 120.20951
882 184.03256
883 38.651443
884 315.0
885 164.25583
886 14.360537
887 0.0
888 41.776318
889 83.42132
890 32.655415
891 38.05828
892 220.134
893 156.98106
894 193.04552
895 203.02174
896 45.952496
897 152.11023
898 219.0
899 209.1695
900 219.0
901 315.0
902 315.0
903 299.45993
904 273.3966
905 235.0
906 235.0
907 235.0
908 235.0
909 235.0
910 235.0
911 235.0
912 235.0
913 235.0
914 235.0
915 230.1112
916 229.24028
917 224.28336
918 220.134
919 220.134
920 220.134
921 220.134
922 219.49763
923 219.0
924 219.0
925 219.0
926 219.0
927 219.0
928 219.0
929 219.0
930 219.0
931 219.0
932 219.0
933 219.0
934 219.0
935 219.0
936 219.0
937 219.0
938 219.0
939 219.0
940 219.0
941 219.0
942 219.0
943 219.0
944 219.0
945 219.0
946 219.0
947 219.0
948 219.0
949 219.0
950 219.0
951 29.731998
952 33.796482
953 219.0
954 186.96976
955 0.0
956 219.0
957 219.0
958 223.34099
959 125.8862
960 198.48883
961 219.0
962 130.42686
963 178.93323
964 34.062294
965 219.0
966 112.685196
967 103.67645
968 145.33418
969 142.16193
970 235.0
971 170.52475
972 160.47246
973 102.59852
974 189.44649
975 47.786633
976 219.0
977 43.972652
978 0.0
979 0.0
980 72.273285
981 219.0
982 185.71992
983 185.27438
984 175.76181
985 0.0
986 168.53697
987 15.483537
988 219.0
989 219.0
990 235.0
991 220.134
992 30.265999
993 299.47275
994 161.3545
995 36.294353
996 49.72958
997 0.0
998 171.9097
999 62.461597
1000 219.0
1001 315.0
1002 315.0
1003 299.47275
1004 299.45993
1005 273.3966
1006 235.0
1007 235.0
1008 235.0
1009 235.0
1010 235.0
1011 235.0
1012 235.0
1013 235.0
1014 235.0
1015 235.0
1016 235.0
1017 235.0
1018 230.1112
1019 229.24028
1020 224.28336
1021 223.34099
1022 220.134
1023 220.134
1024 220.134
1025 220.134
1026 220.134
1027 219.49763
1028 219.0
1029 219.0
1030 219.0
1031 219.0
1032 219.0
1033 219.0
1034 219.0
1035 219.0
1036 219.0
1037 219.0
1038 219.0
1039 219.0
1040 219.0
1041 219.0
1042 219.0
1043 219.0
1044 219.0
1045 219.0
1046 219.0
1047 219.0
1048 219.0
1049 219.0
1050 219.0
1051 218.36974
1052 57.0668
1053 219.0
1054 219.0
1055 220.134
1056 204.36427
1057 66.59873
1058 235.0
1059 151.46263
1060 125.53055
1061 316.134
1062 95.23975
1063 219.0
1064 30.39074
1065 141.90349
1066 38.562904
1067 153.05865
1068 0.0
1069 116.45581
1070 159.8833
1071 220.134
1072 219.0
1073 219.0
1074 191.3408
1075 235.0
1076 217.866
1077 96.48929
1078 219.0
1079 82.62517
1080 29.131998
1081 217.47165
1082 219.0
1083 45.817863
1084 0.0
1085 191.15852
1086 229.90117
1087 167.41913
1088 32.534
1089 213.64641
1090 315.0
1091 20.445957
1092 219.0
1093 235.0
1094 45.46477
1095 219.0
1096 219.0
1097 0.0
1098 165.78795
1099 89.359985
1100 30.81372
1101 316.134
1102 315.0
1103 315.0
1104 315.0
1105 299.47275
1106 299.45993
1107 273.3966
1108 235.0
1109 235.0
1110 235.0
1111 235.0
1112 235.0
1113 235.0
1114 235.0
1115 235.0
1116 235.0
1117 235.0
1118 235.0
1119 235.0
1120 235.0
1121 235.0
1122 235.0
1123 230.1112
1124 229.90117
1125 229.24028
1126 224.28336
1127 223.34099
1128 220.134
1129 220.134
1130 220.134
1131 220.134
1132 220.134
1133 220.134
1134 220.134
1135 219.49763
1136 219.0
1137 219.0
1138 219.0
1139 219.0
1140 219.0
1141 219.0
1142 219.0
1143 219.0
1144 219.0
1145 219.0
1146 219.0
1147 219.0
1148 219.0
1149 219.0
1150 219.0
1151 235.0
1152 26.36356
1153 34.97313
1154 0.0
1155 219.0
1156 153.98116
1157 219.0
1158 219.0
1159 219.0
1160 220.134
1161 219.0
1162 219.0
1163 0.0
1164 219.0
1165 133.82172
1166 74.53579
1167 136.02606
1168 61.137657
