1 0.0
2 27.923082
3 0.0
4 39.64965
5 2.20926
6 93.56519
7 317.4206
8 0.0
9 355.27463
10 47.61803
11 203.0
12 166.18538
13 0.0
14 108.67119
15 44.130745
16 253.91455
17 0.0
18 0.0
19 282.85138
20 58.349407
21 95.16991
22 17.169651
23 0.0
24 1.7340001
25 0.0
26 15.120329
27 203.0
28 0.0
29 334.39923
30 229.46855
31 48.594395
32 0.0
33 11.988956
34 2.2680001
35 249.79626
36 3.4680002
37 0.0
38 1.2
39 0.0
40 41.793957
41 140.8599
42 0.0
43 18.657087
44 0.0
45 146.15453
46 15.328638
47 53.061146
48 175.20367
49 0.0
50 20.259136
51 152.44849
52 21.473845
53 0.0
54 0.0
55 127.711464
56 0.0
57 0.0
58 41.06953
59 0.0
60 348.5941
61 412.147
62 219.0
63 223.45483
64 17.508982
65 173.09227
66 40.39843
67 219.0
68 309.97012
69 9.7540455
70 128.13101
71 438.69525
72 2.2680001
73 142.30151
74 24.404232
75 44.914974
76 0.0
77 127.45524
78 98.33389
79 56.208836
80 77.67277
81 111.7644
82 17.888624
83 185.866
84 6.6865206
85 417.08075
86 180.6981
87 0.0
88 0.0
89 428.63162
90 424.04895
91 220.134
92 446.8633
93 284.134
94 90.440796
95 337.81488
96 283.0
97 220.134
98 414.42868
99 204.75696
100 219.0
101 124.945755
102 219.0
103 8.812767
104 219.0
105 219.0
106 205.91827
107 155.0
108 219.0
109 25.895638
110 420.64005
111 219.0
112 478.71747
113 295.22516
114 220.134
115 219.6
116 85.10096
117 20.174355
118 185.16536
119 431.4909
120 132.21327
121 301.2786
122 385.56497
123 440.29614
124 306.59055
125 45.28999
126 381.61273
127 467.09464
128 62.644054
129 319.58624
130 301.92413
131 61.77048
132 0.0
133 25.45048
134 50.608013
135 26.994625
136 32.4225
137 130.87457
138 91.82484
139 373.63736
140 17.72411
141 117.79414
142 437.1283
143 449.44812
144 9.8983
145 134.21849
146 387.96432
147 90.79359
148 379.08594
149 376.17645
150 400.8521
151 244.26994
152 125.23551
153 22.63511
154 397.29422
155 34.828053
156 266.4
157 267.6
158 350.19278
159 323.10864
160 153.41974
161 0.0
162 164.76341
163 216.55249
164 332.8381
165 374.52298
166 0.0
167 303.85532
168 62.856148
169 55.385
170 282.2886
171 57.608
172 0.0
173 341.28793
174 0.0
175 6.6146307
176 397.2847
177 49.806793
178 16.906885
179 325.79236
180 52.22642
181 84.53003
182 133.15715
183 251.0
184 241.04333
185 247.14268
186 168.174
187 224.08626
188 251.0
189 57.612247
190 240.12134
191 57.50563
192 51.636314
193 226.20605
194 32.534
195 236.72632
196 160.23837
197 229.92558
198 57.248024
199 45.71541
200 36.54326
201 116.09554
202 229.7941
203 8.731151
204 0.0
205 251.0
206 0.0
207 83.72811
208 95.68085
209 0.0
210 110.43301
211 0.0
212 38.665764
213 178.84036
214 94.33241
215 214.34123
216 17.642534
217 61.693295
218 57.431267
219 78.1105
220 212.0
221 127.49644
222 0.0
223 49.472767
224 216.76181
225 142.45683
226 45.135147
227 91.22585
228 33.468548
229 131.97765
230 65.08851
231 173.16292
232 57.64931
233 230.28831
234 251.0
235 159.56847
236 160.08414
237 108.54001
238 117.50335
239 32.070118
240 87.67596
241 26.946346
242 204.134
243 62.0135
244 203.0
245 0.0
246 106.18518
247 29.270718
248 126.70324
249 204.134
250 204.134
251 76.08021
252 48.0201
253 58.946095
254 84.435036
255 12.116768
256 189.53883
257 37.372192
258 133.13876
259 203.0
260 105.04277
261 41.30242
262 203.0
263 163.22961
264 110.37338
265 42.25282
266 81.984825
267 315.0
268 129.47345
269 173.53131
270 203.0
271 203.0
272 106.90231
273 128.48639
274 203.0
275 0.0
276 142.69202
277 0.0
278 83.74668
279 0.0
280 188.59999
281 5.483855
282 3.2185202
283 203.0
284 113.22392
285 149.27393
286 408.40448
287 109.03406
288 33.082806
289 0.0
290 186.07819
291 203.0
292 0.0
293 154.30138
294 0.0
295 668.58777
296 60.272736
297 77.733505
298 275.6078
299 204.134
300 46.26183
301 668.58777
302 104.12224
303 171.0
304 236.134
305 235.0
306 357.67892
307 92.29438
308 74.71086
309 363.0
310 95.31822
311 81.782455
312 25.725136
313 0.0
314 217.71683
315 42.479538
316 91.82155
317 97.40818
318 171.0
319 140.6956
320 70.73643
321 171.0
322 1.1340001
323 89.64688
324 363.0
325 236.134
326 24.581558
327 70.7385
328 235.0
329 235.0
330 363.9415
331 172.134
332 71.15708
333 121.599625
334 247.30365
335 44.522957
336 69.72545
337 182.95006
338 363.0
339 51.8397
340 0.0
341 21.528044
342 210.63802
343 235.0
344 235.0
345 531.9797
346 98.563324
347 149.06757
348 0.0
349 92.51489
350 0.0
351 52.965187
352 201.54565
353 104.69366
354 21.07165
355 76.66187
356 71.56331
357 28.481588
358 64.876686
359 235.0
360 48.431335
361 38.93736
362 187.14629
363 141.77147
364 452.0747
365 219.0
366 219.0
367 220.134
368 126.59102
369 1.1340001
370 65.48251
371 0.0
372 219.0
373 61.607544
374 28.98947
375 0.0
376 106.981804
377 136.58493
378 74.3717
379 90.72994
380 276.51624
381 69.15411
382 315.0
383 68.0453
384 53.3283
385 51.117004
386 166.14078
387 100.14881
388 28.781479
389 38.850822
390 60.899715
391 30.8
392 220.134
393 219.0
394 67.172646
395 46.417862
396 143.88113
397 66.126816
398 171.65877
399 49.679344
400 86.83818
401 56.534397
402 187.70227
403 294.69986
404 76.74995
405 31.167757
406 43.79982
407 2.4206376
408 67.37393
409 52.316277
410 219.0
411 6.8508253
412 40.88263
413 84.68992
414 42.73105
415 112.53477
416 219.0
417 54.879692
418 93.97322
419 40.788944
420 30.915995
421 61.288143
422 121.31532
423 207.54245
424 114.7641
425 75.87576
426 142.34753
427 167.91461
428 267.0
429 165.39682
430 254.98813
431 246.02425
432 241.399
433 101.88783
434 202.21652
435 99.606636
436 103.06081
437 40.052082
438 118.32149
439 57.120556
440 92.93571
441 265.5768
442 0.0
443 48.973843
444 245.26389
445 94.24943
446 89.0979
447 0.0
448 83.49161
449 188.43877
450 126.972946
451 242.81062
452 86.75645
453 38.30277
454 253.8864
455 0.0
456 90.17132
457 93.27346
458 207.99783
459 25.85427
460 48.371895
461 0.0
462 44.57287
463 295.08795
464 61.59042
465 249.64252
466 88.00152
467 0.0
468 0.0
469 0.0
470 198.00467
471 150.95633
472 39.887917
473 4.8277802
474 133.74959
475 121.724556
476 166.00246
477 238.76265
478 0.0
479 0.0
480 47.590904
481 267.0
482 187.0
483 57.272987
484 431.0533
485 551.56396
486 311.98996
487 543.7978
488 551.2532
489 98.03988
490 124.77445
491 635.0
492 60.24443
493 87.7244
494 197.69545
495 4.7564306
496 9.18515
497 155.26152
498 45.542206
499 153.38463
500 39.24187
501 192.78339
502 65.35825
503 72.766945
504 1067.0
505 54.579033
506 110.939064
507 115.02018
508 104.49733
509 552.7529
510 172.19838
511 92.24154
512 219.0
513 76.873856
514 220.134
515 100.13457
516 121.61931
517 142.22523
518 78.057045
519 231.13716
520 187.0
521 58.12998
522 635.0
523 19.733648
524 657.2142
525 55.597683
526 82.082016
527 81.17783
528 54.060646
529 38.013874
530 74.68135
531 32.065998
532 106.36617
533 61.4724
534 72.645615
535 75.59836
536 0.0
537 67.416794
538 38.88295
539 39.61663
540 38.73294
541 811.0
542 1067.0
543 219.0
544 219.0
545 220.134
546 219.0
547 524.134
548 332.28595
549 443.0
550 315.0
551 65.02797
552 115.0249
553 82.09159
554 76.991394
555 136.5504
556 117.30302
557 211.32762
558 63.60664
559 99.41605
560 219.0
561 219.0
562 109.456245
563 252.88538
564 110.59461
565 103.89133
566 84.94929
567 71.418274
568 31.876284
569 81.83136
570 76.89727
571 174.98694
572 315.0
573 91.11473
574 120.3011
575 136.77852
576 114.98065
577 188.00491
578 84.60429
579 82.05634
580 80.979416
581 219.0
582 120.525185
583 219.0
584 44.265453
585 315.0
586 120.28516
587 219.0
588 731.6
589 148.53336
590 100.07412
591 0.0
592 39.21463
593 443.0
594 219.0
595 219.0
596 77.79219
597 69.68793
598 220.134
599 35.102764
600 54.246044
601 87.86128
602 104.31624
603 306.84036
604 171.0
605 301.4067
606 333.24
607 329.68256
608 154.30496
609 0.0
610 355.99673
611 171.0
612 315.59143
613 171.0
614 299.674
615 171.0
616 171.0
617 73.67751
618 303.5012
619 111.97708
620 0.0
621 347.97733
622 110.947136
623 171.0
624 286.9547
625 303.66608
626 171.0
627 313.46033
628 94.10034
629 129.88843
630 248.55215
631 171.0
632 171.0
633 333.77844
634 186.29901
635 393.9219
636 171.0
637 138.73676
638 315.9322
639 139.84181
640 321.88797
641 171.0
642 171.0
643 355.32562
644 304.2825
645 171.0
646 90.72444
647 100.22891
648 134.62958
649 172.134
650 171.0
651 356.89297
652 171.0
653 294.39282
654 115.56649
655 171.0
656 171.0
657 427.0
658 330.75095
659 324.58218
660 171.0
661 109.8737
662 62.13647
663 267.0
664 267.0
665 267.0
666 267.0
667 267.0
668 267.0
669 267.0
670 267.0
671 267.0
672 267.0
673 267.0
674 268.134
675 267.0
676 267.0
677 268.134
678 268.134
679 267.0
680 267.0
681 268.134
682 88.25259
683 154.68448
684 267.0
685 267.0
686 267.0
687 267.0
688 200.48131
689 267.0
690 272.83664
691 268.134
692 267.0
693 268.134
694 268.134
695 267.0
696 268.134
697 52.34214
698 428.3884
699 268.134
700 170.71973
701 267.0
702 267.0
703 267.0
704 268.134
705 307.01285
706 0.0
707 268.134
708 408.77457
709 267.0
710 267.0
711 267.0
712 201.04248
713 267.0
714 0.0
715 413.60486
716 465.72177
717 268.134
718 267.0
719 267.0
720 267.0
721 411.1035
722 267.0
723 219.6
724 272.8021
725 196.26195
726 342.04324
727 354.9765
728 321.01245
729 330.93216
730 512.8986
731 219.0
732 333.66174
733 0.0
734 219.0
735 220.134
736 219.0
737 219.0
738 219.0
739 277.28503
740 268.27005
741 219.0
742 296.8836
743 126.0281
744 186.5513
745 219.0
746 284.68365
747 82.39512
748 219.0
749 219.0
750 219.0
751 0.0
752 181.07904
753 149.13808
754 48.801556
755 20.687866
756 176.78786
757 320.05588
758 47.842815
759 45.44854
760 0.0
761 150.05205
762 219.0
763 88.75354
764 128.59546
765 107.48752
766 39.327484
767 219.0
768 138.59827
769 125.24507
770 219.0
771 18.378012
772 117.5528
773 219.0
774 219.0
775 107.66088
776 219.0
777 53.06449
778 217.866
779 0.0
780 0.0
781 32.0
782 112.78927
783 290.91672
784 126.09135
785 375.4126
786 395.0
787 343.1646
788 219.6
789 226.61761
790 368.48654
791 204.17084
792 291.1374
793 334.92188
794 260.17148
795 286.841
796 163.99768
797 345.31342
798 166.03725
799 213.24564
800 101.937294
801 258.266
802 131.83116
803 231.13716
804 240.11876
805 363.0
806 315.0
807 235.0
808 512.6554
809 302.76828
810 173.26799
811 97.2657
812 363.0
813 172.68965
814 289.1179
815 224.16441
816 211.70273
817 219.0
818 219.0
819 220.134
820 152.30247
821 363.0
822 222.468
823 358.34174
824 219.423
825 299.72324
826 45.71541
827 106.7548
828 273.27805
829 80.73568
830 220.134
831 145.41782
832 315.0
833 0.0
834 315.0
835 15.913035
836 510.38733
837 382.9803
838 73.66286
839 286.06464
840 380.24588
841 71.03413
842 258.72562
843 159.30911
844 203.0
845 379.6
846 379.0
847 379.0
848 50.770756
849 240.37335
850 393.3684
851 263.50134
852 245.73663
853 203.0
854 203.0
855 48.529602
856 203.0
857 204.134
858 668.134
859 299.0
860 154.61604
861 106.11015
862 204.134
863 335.82452
864 115.717445
865 253.25739
866 124.102165
867 376.732
868 330.50287
869 204.134
870 183.19702
871 203.0
872 0.0
873 623.91327
874 203.0
875 0.0
876 379.0
877 203.0
878 176.75461
879 89.76603
880 75.93525
881 203.0
882 70.45624
883 203.0
884 379.0
885 353.50696
886 204.134
887 115.43325
888 262.01953
889 377.8
890 45.152317
891 95.91262
892 75.26857
893 137.29591
894 15.522687
895 176.08691
896 173.85748
897 186.68239
898 57.80632
899 48.005424
900 204.134
901 2.3406255
902 375.5355
903 155.0
904 576.5697
905 203.0
906 155.0
907 363.0
908 344.25717
909 203.0
910 363.0
911 155.0
912 78.25587
913 283.0
914 283.0
915 65.30342
916 203.0
917 203.0
918 66.51598
919 155.0
920 65.75157
921 156.134
922 202.50043
923 0.0
924 203.0
925 188.83797
926 35.025887
927 161.15556
928 363.0
929 204.134
930 155.0
931 198.93553
932 152.309
933 203.0
934 178.01047
935 2.7432601
936 221.55989
937 132.46805
938 203.0
939 203.0
940 203.0
941 155.0
942 155.0
943 203.0
944 347.31226
945 204.134
946 0.0
947 203.0
948 203.0
949 363.0
950 203.0
951 409.76913
952 155.0
953 556.25464
954 226.89943
955 155.0
956 56.368347
957 203.0
958 61.648438
959 0.0
960 155.0
961 155.0
962 156.134
963 593.5557
964 53.947353
965 72.99398
966 183.01675
967 299.0
968 275.89148
969 78.37152
970 229.6498
971 207.91342
972 506.39426
973 263.14993
974 110.89626
975 285.33777
976 240.47963
977 117.48993
978 39.74863
979 52.024994
980 170.94447
981 53.802246
982 56.228855
983 763.0
984 77.62446
985 72.7744
986 187.2499
987 180.0
988 34.268
989 203.41939
990 28.909342
991 619.0
992 296.0211
993 63.241653
994 191.2039
995 0.0
996 619.0
997 65.21058
998 291.76883
999 258.91135
1000 83.9654
1001 119.6385
1002 197.36293
1003 101.48934
1004 283.09158
1005 232.01152
1006 33.559086
1007 285.04803
1008 33.61708
1009 61.603462
1010 267.68503
1011 99.39414
1012 299.0
1013 48.23963
1014 52.748543
1015 0.0
1016 165.76855
1017 97.200386
1018 85.79584
1019 40.853436
1020 67.81169
1021 0.0
1022 12.2316
1023 501.10126
1024 62.515396
1025 97.29648
1026 507.0
1027 42.170364
1028 58.283257
1029 603.0
1030 675.9694
1031 37.48063
1032 63.0376
1033 191.36443
1034 386.0957
1035 297.86612
1036 47.968384
1037 203.0
1038 120.68375
1039 54.103745
1040 106.322174
1041 153.5924
1042 507.0
1043 22.881172
1044 36.53011
1045 54.358025
1046 26.735516
1047 37.962738
1048 93.25806
1049 34.14326
1050 40.88263
1051 33.733997
1052 25.149174
1053 70.63656
1054 22.34505
1055 24.251366
1056 53.38309
1057 44.035244
1058 28.551609
1059 38.40939
1060 33.199997
1061 34.743256
1062 53.37862
1063 507.0
1064 19.060764
1065 25.385368
1066 38.654755
1067 26.283176
1068 33.134
1069 47.38959
1070 8.856384
1071 58.479897
1072 24.185368
1073 29.91272
1074 58.705627
1075 74.8294
1076 158.56711
1077 372.0
1078 0.0
1079 62.600685
1080 0.0
1081 11.4244
1082 33.2
1083 169.28749
1084 347.0
1085 770.51794
1086 347.0
1087 117.066414
1088 299.0
1089 875.0
1090 347.0
1091 154.15779
1092 270.402
1093 217.27495
1094 265.09573
1095 591.7877
1096 0.0
1097 173.21538
1098 267.0
1099 300.134
1100 646.0047
1101 47.938137
1102 110.457535
1103 267.0
1104 267.0
1105 37.53937
1106 0.0
1107 214.60953
1108 0.0
1109 0.0
1110 40.460075
1111 1.1340001
1112 159.7058
1113 89.3074
1114 299.0
1115 64.22252
1116 43.847496
1117 0.0
1118 299.0
1119 30.269222
1120 0.0
1121 54.442986
1122 25.17077
1123 267.0
1124 40.22389
1125 30.446089
1126 26.690496
1127 40.40091
1128 157.66136
1129 33.00926
1130 257.4609
1131 39.65146
1132 34.743256
1133 6.8508253
1134 24.281322
1135 42.022236
1136 634.4863
1137 29.61074
1138 267.0
1139 20.66716
1140 18.71025
1141 0.0
1142 11.185215
1143 251.0
1144 523.0
1145 251.0
1146 251.0
1147 365.7822
1148 171.0
1149 251.0
1150 145.67886
1151 43.898228
1152 379.0
1153 74.72588
1154 32.234573
1155 171.0
1156 65.64489
1157 104.96783
1158 79.875275
1159 172.134
1160 163.7306
1161 76.60179
1162 251.0
1163 36.0849
1164 83.66651
1165 103.9996
1166 166.68129
1167 92.05206
1168 34.913452
1169 37.07726
1170 60.406364
1171 0.0
1172 39.73663
1173 91.146164
1174 80.07759
1175 45.084053
1176 55.116535
1177 109.485214
1178 251.0
1179 39.85889
1180 135.33427
1181 50.350082
1182 85.56013
1183 41.803555
1184 0.0
1185 14.722333
1186 46.99168
1187 171.0
1188 0.0
1189 26.322737
1190 90.544685
1191 0.0
1192 0.0
1193 69.69905
1194 50.23236
1195 171.0
1196 131.4102
1197 171.0
1198 0.0
1199 0.0
1200 72.20322
1201 70.1643
1202 86.36098
1203 556.7938
1204 320.6667
1205 333.53967
1206 274.88513
1207 360.5483
1208 395.0
1209 194.11998
1210 395.0
1211 317.53583
1212 258.90894
1213 356.925
1214 352.08536
1215 187.03906
1216 387.76016
1217 245.91756
1218 389.5125
1219 190.94843
1220 1.1340001
1221 258.9158
1222 251.0
1223 189.83083
1224 247.79039
1225 0.0
1226 251.6
1227 1.60926
1228 273.71417
1229 247.54431
1230 333.04498
1231 251.6
1232 195.10028
1233 32.86083
1234 1.7340001
1235 251.0
1236 251.0
1237 84.3398
1238 12.00326
1239 251.0
1240 42.62566
1241 251.0
1242 11.26666
1243 0.0
1244 211.45827
1245 20.602392
1246 39.510235
1247 251.0
1248 38.244713
1249 3.1830535
1250 0.0
1251 11.570375
1252 189.83603
1253 112.26109
1254 0.0
1255 0.0
1256 23.612896
1257 0.0
1258 344.80396
1259 308.45346
1260 0.0
1261 0.0
1262 14.594469
1263 235.6
1264 392.1325
1265 347.1871
1266 209.9913
1267 168.61829
1268 331.0
1269 191.66037
1270 126.76466
1271 382.16165
1272 210.89226
1273 66.2902
1274 331.0
1275 120.909546
1276 105.4912
1277 235.0
1278 179.82886
1279 203.76266
1280 409.77954
1281 133.30267
1282 100.29895
1283 114.619774
1284 331.0
1285 95.94593
1286 35.486065
1287 235.0
1288 191.00266
1289 37.790466
1290 235.0
1291 438.54486
1292 62.67777
1293 0.53400004
1294 235.6
1295 86.34103
1296 205.32028
1297 212.36034
1298 102.66889
1299 105.79549
1300 24.101055
1301 149.82622
1302 152.1157
1303 37.59782
1304 5.257118
1305 390.2048
1306 103.34712
1307 21.589481
1308 329.932
1309 199.37817
1310 2.9472427
1311 331.0
1312 33.519703
1313 0.0
1314 14.244078
1315 3.2185202
1316 331.0
1317 49.507175
1318 43.18068
1319 331.0
1320 16.597855
1321 29.114817
1322 331.0
1323 133.42159
1324 155.0
1325 76.13935
1326 184.32735
1327 155.0
1328 155.0
1329 188.134
1330 205.41435
1331 187.0
1332 155.0
1333 183.40137
1334 144.85167
1335 155.0
1336 156.134
1337 155.0
1338 204.98715
1339 187.0
1340 187.0
1341 300.81824
1342 194.5291
1343 155.0
1344 155.0
1345 156.134
1346 155.0
1347 155.0
1348 155.0
1349 188.134
1350 155.0
1351 188.134
1352 0.0
1353 121.72543
1354 155.0
1355 238.65627
1356 309.5827
1357 155.0
1358 155.0
1359 115.74576
1360 154.32889
1361 155.0
1362 234.26814
1363 155.0
1364 155.0
1365 30.35314
1366 155.0
1367 156.134
1368 155.0
1369 232.37161
1370 109.43789
1371 156.134
1372 155.0
1373 241.10184
1374 128.67395
1375 101.24479
1376 155.0
1377 100.019295
1378 263.50964
1379 155.0
1380 105.0319
1381 156.134
1382 155.0
1383 209.25095
1384 219.0
1385 315.0
1386 315.0
1387 379.25922
1388 248.35046
1389 186.73239
1390 52.26949
1391 206.89885
1392 0.6
1393 66.896866
1394 215.29825
1395 475.61673
1396 212.38538
1397 127.386826
1398 200.76529
1399 40.441177
1400 219.0
1401 219.0
1402 0.0
1403 217.8
1404 219.6
1405 219.0
1406 385.52097
1407 206.30386
1408 81.15557
1409 315.0
1410 283.0
1411 275.52676
1412 209.85344
1413 286.69785
1414 113.67788
1415 219.0
1416 219.0
1417 255.54257
1418 153.37283
1419 214.2722
1420 5.4874773
1421 216.35355
1422 270.7971
1423 115.971634
1424 307.58926
1425 49.866985
1426 84.77572
1427 209.10654
1428 397.37854
1429 219.6
1430 323.12988
1431 219.0
1432 315.0
1433 0.0
1434 84.918846
1435 38.392548
1436 219.79826
1437 283.49863
1438 2.7432601
1439 99.504974
1440 207.94771
1441 210.96411
1442 125.17071
1443 140.1317
1444 249.37094
1445 258.4225
1446 295.74933
1447 285.32556
1448 204.43369
1449 290.63516
1450 296.8612
1451 273.828
1452 277.7602
1453 287.44522
1454 308.19397
1455 315.0
1456 263.55115
1457 326.62363
1458 315.0
1459 315.0
1460 34.277412
1461 59.888256
1462 282.17404
1463 81.8264
1464 75.64607
1465 66.037926
1466 0.9992926
1467 206.31516
1468 254.38759
1469 53.335262
1470 267.0
1471 92.410255
1472 77.54865
1473 223.26358
1474 130.67445
1475 165.78334
1476 268.61578
1477 67.77625
1478 87.67961
1479 204.79048
1480 22.152828
1481 76.894485
1482 172.28137
1483 82.63895
1484 222.16306
1485 207.32156
1486 206.4187
1487 166.12273
1488 103.24658
1489 148.47527
1490 98.75412
1491 61.009254
1492 133.97484
1493 212.0
1494 274.81158
1495 157.9911
1496 14.994933
1497 84.22602
1498 150.26024
1499 14.560897
1500 0.0
1501 126.44511
1502 142.31949
1503 347.0
1504 325.81137
1505 334.00018
1506 176.2772
1507 347.0
1508 325.3465
1509 397.2616
1510 334.65253
1511 333.5729
1512 230.78592
1513 347.0
1514 6.8508253
1515 316.02325
1516 0.0
1517 336.11914
1518 313.3212
1519 12.3036585
1520 347.0
1521 324.19763
1522 50.763714
1523 159.37253
1524 121.376526
1525 0.0
1526 176.04672
1527 105.40744
1528 22.323948
1529 155.21272
1530 109.88204
1531 136.7632
1532 324.85864
1533 0.0
1534 1.1340001
1535 110.91972
1536 328.16837
1537 200.59561
1538 124.5127
1539 4.448718
1540 152.02997
1541 0.0
1542 13.089249
1543 154.5587
1544 1.1340001
1545 335.41837
1546 335.6737
1547 41.34058
1548 0.0
1549 0.0
1550 0.0
1551 220.8282
1552 52.613365
1553 132.39124
1554 104.03289
1555 209.85884
1556 385.10593
1557 165.10558
1558 0.0
1559 0.0
1560 17.285864
1561 0.0
1562 32.679806
1563 304.2409
1564 115.300606
1565 71.266594
1566 299.76773
1567 293.852
1568 300.9721
1569 162.44078
1570 98.595505
1571 302.74664
1572 101.410034
1573 284.54395
1574 171.77745
1575 251.0
1576 59.502945
1577 96.794716
1578 126.677536
1579 304.53027
1580 308.9693
1581 296.81076
1582 121.55434
1583 127.193825
1584 112.20793
1585 113.67308
1586 120.80214
1587 213.32707
1588 251.0
1589 295.1296
1590 146.33104
1591 145.49815
1592 148.03523
1593 309.95572
1594 48.795315
1595 267.15195
1596 268.3646
1597 251.0
1598 109.463264
1599 286.32803
1600 210.98518
1601 67.755486
1602 214.08807
1603 268.46667
1604 366.1832
1605 293.63397
1606 4.4409366
1607 177.17638
1608 117.47304
1609 131.426
1610 202.12492
1611 37.32626
1612 170.22502
1613 277.5396
1614 71.307785
1615 150.0294
1616 159.46297
1617 105.785866
1618 251.0
1619 290.34283
1620 11.550633
1621 294.9124
1622 188.67313
1623 172.5443
1624 251.0
1625 331.0
1626 74.24568
1627 87.69683
1628 251.0
1629 114.88427
1630 316.05527
1631 331.0
1632 300.89633
1633 252.134
1634 160.12892
1635 119.387505
1636 159.15047
1637 57.21718
1638 232.28291
1639 153.64603
1640 139.20709
1641 131.19554
1642 324.17636
1643 331.0
1644 193.30849
1645 251.0
1646 120.256836
1647 54.111137
1648 322.28635
1649 146.93802
1650 96.75534
1651 122.58439
1652 159.50278
1653 188.21944
1654 329.44336
1655 220.77208
1656 231.73853
1657 131.77092
1658 55.991837
1659 131.58894
1660 201.53781
1661 206.85654
1662 218.22276
1663 176.01585
1664 266.54083
1665 160.80963
1666 150.2918
1667 256.24673
1668 331.0
1669 251.0
1670 263.10208
1671 123.88157
1672 130.3555
1673 105.71845
1674 201.68878
1675 36.87431
1676 133.42212
1677 232.05676
1678 331.0
1679 304.73178
1680 67.223785
1681 178.44215
1682 187.82129
1683 155.0
1684 155.0
1685 221.57175
1686 155.0
1687 167.30365
1688 83.87542
1689 156.134
1690 155.0
1691 155.0
1692 110.34908
1693 188.134
1694 187.0
1695 187.0
1696 156.134
1697 187.0
1698 29.886423
1699 180.8646
1700 155.0
1701 155.0
1702 128.17389
1703 187.0
1704 0.0
1705 2.6129665
1706 187.0
1707 87.83587
1708 441.2861
1709 187.0
1710 155.0
1711 363.0
1712 187.0
1713 155.0
1714 62.088352
1715 187.0
1716 187.0
1717 72.70087
1718 155.0
1719 183.50584
1720 1339.0
1721 363.0
1722 799.57587
1723 187.0
1724 436.94302
1725 187.0
1726 187.0
1727 155.0
1728 187.0
1729 98.5005
1730 258.653
1731 183.63683
1732 187.0
1733 61.05768
1734 98.57204
1735 187.0
1736 1096.412
1737 187.0
1738 187.0
1739 187.0
1740 127.05739
1741 1155.3038
1742 138.61742
1743 1339.0
1744 907.0
1745 300.46255
1746 539.0
1747 227.30136
1748 154.84717
1749 404.0965
1750 313.4421
1751 53.715816
1752 146.24887
1753 267.66763
1754 295.52426
1755 251.51183
1756 7.951968
1757 467.27502
1758 539.0
1759 290.69788
1760 812.8464
1761 235.20064
1762 215.22736
1763 411.55896
1764 394.71216
1765 63.74043
1766 99.516304
1767 21.328007
1768 124.99285
1769 54.788692
1770 0.0
1771 0.0
1772 428.5217
1773 297.41574
1774 178.99779
1775 108.98655
1776 50.063152
1777 447.93542
1778 59.500355
1779 13.521702
1780 150.21278
1781 37.188694
1782 73.058624
1783 311.44077
1784 234.27196
1785 83.769844
1786 56.088505
1787 539.0
1788 241.84947
1789 210.94135
1790 133.59364
1791 490.60187
1792 434.7512
1793 110.71164
1794 65.96775
1795 0.0
1796 223.31932
1797 340.73538
1798 29.539566
1799 60.582077
1800 76.81042
1801 325.04715
1802 298.35776
1803 255.32909
1804 538.5413
1805 431.37927
1806 287.02713
1807 405.39746
1808 245.39824
1809 408.93622
1810 341.1745
1811 121.46559
1812 251.0
1813 17.285864
1814 130.29953
1815 251.0
1816 300.2
1817 252.134
1818 93.00894
1819 367.45764
1820 211.45796
1821 205.59964
1822 400.39038
1823 459.0
1824 251.0
1825 163.12822
1826 251.0
1827 199.43059
1828 478.1625
1829 612.68713
1830 435.1323
1831 51.650715
1832 405.62268
1833 347.0
1834 413.91183
1835 203.25264
1836 166.15475
1837 256.4146
1838 215.4451
1839 405.9758
1840 251.0
1841 251.0
1842 451.9146
1843 251.0
1844 98.33807
1845 507.65274
1846 158.38947
1847 456.35773
1848 251.0
1849 354.04602
1850 486.71616
1851 395.6231
1852 350.02374
1853 427.39386
1854 251.0
1855 153.01059
1856 164.28914
1857 351.7755
1858 106.71959
1859 251.0
1860 251.0
1861 142.13977
1862 251.0
1863 120.446304
1864 410.75208
1865 362.33026
1866 296.23438
1867 187.0
1868 60.85386
1869 354.1818
1870 255.95543
1871 283.0
1872 381.62302
1873 412.134
1874 5.4874773
1875 187.0
1876 126.0433
1877 187.0
1878 310.1171
1879 283.6
1880 187.0
1881 283.0
1882 362.43832
1883 283.0
1884 262.00003
1885 283.0
1886 402.59116
1887 283.0
1888 283.0
1889 623.28064
1890 295.92035
1891 385.41815
1892 283.0
1893 283.0
1894 234.81271
1895 368.5804
1896 200.64813
1897 370.74353
1898 149.86191
1899 64.01293
1900 325.73865
1901 306.90747
1902 283.0
1903 392.6273
1904 283.0
1905 283.0
1906 283.0
1907 302.02365
1908 394.06238
1909 293.751
1910 406.11984
1911 483.8816
1912 266.9894
1913 283.0
1914 64.88905
1915 380.21094
1916 283.0
1917 283.0
1918 346.95316
1919 317.43158
1920 215.58809
1921 326.39514
1922 342.06567
1923 224.04628
1924 164.5053
1925 171.0
1926 188.71211
1927 109.38779
1928 341.87048
1929 182.32256
1930 363.0
1931 227.43459
1932 170.87335
1933 157.99727
1934 195.8894
1935 84.62596
1936 110.659935
1937 363.36407
1938 171.6
1939 342.82834
1940 234.88072
1941 251.8575
1942 251.91263
1943 97.80059
1944 299.0
1945 192.39793
1946 166.50261
1947 169.866
1948 322.42743
1949 171.0
1950 443.0
1951 299.0
1952 240.5552
1953 299.0
1954 169.10422
1955 299.0
1956 153.40897
1957 163.263
1958 116.80845
1959 165.3162
1960 184.89397
1961 162.96156
1962 171.0
1963 174.71251
1964 363.6
1965 171.8421
1966 164.38538
1967 138.3393
1968 361.44885
1969 208.83646
1970 206.96022
1971 163.05205
1972 178.62099
1973 129.88808
1974 191.4927
1975 257.5018
1976 249.04335
1977 172.2
1978 171.0
1979 122.12702
1980 167.1933
1981 234.02577
1982 111.622185
1983 36.624924
1984 235.0
1985 235.0
1986 165.31787
1987 366.63162
1988 375.63104
1989 350.40427
1990 346.69324
1991 203.0
1992 355.9398
1993 142.99316
1994 382.53864
1995 357.29327
1996 203.0
1997 357.61578
1998 355.99872
1999 207.25255
2000 220.70068
2001 204.134
2002 203.0
2003 206.468
2004 370.6756
2005 235.0
2006 235.0
2007 451.0929
2008 61.177372
2009 362.15018
2010 101.082306
2011 365.50412
2012 98.5831
2013 203.0
2014 363.32468
2015 95.443405
2016 69.07561
2017 15.0469
2018 54.3789
2019 144.15643
2020 369.65558
2021 267.29135
2022 182.56541
2023 33.46322
2024 157.4635
2025 2.2680001
2026 350.55362
2027 0.0
2028 351.9717
2029 271.98914
2030 0.0
2031 38.81147
2032 555.0618
2033 1.7340001
2034 69.14161
2035 203.0
2036 105.55951
2037 148.81749
2038 129.33023
2039 130.37839
2040 60.250942
2041 203.0
2042 6.943139
2043 355.48746
2044 555.71075
2045 111.67738
2046 458.78543
2047 475.0
2048 472.4234
2049 468.26352
2050 386.04916
2051 283.0
2052 243.08705
2053 471.22537
2054 345.14044
2055 555.0
2056 475.0
2057 237.35959
2058 452.35626
2059 225.05893
2060 147.64513
2061 283.0
2062 283.0
2063 252.47371
2064 387.44852
2065 565.08264
2066 283.0
2067 283.0
2068 462.06082
2069 547.1705
2070 283.0
2071 283.0
2072 468.3074
2073 465.46603
2074 444.45224
2075 303.45322
2076 283.0
2077 528.888
2078 466.36346
2079 283.0
2080 566.88544
2081 283.0
2082 460.25577
2083 431.16696
2084 283.0
2085 790.7546
2086 469.18625
2087 283.0
2088 462.449
2089 283.0
2090 283.0
2091 283.0
2092 345.4936
2093 283.0
2094 462.96225
2095 283.0
2096 283.0
2097 634.5927
2098 466.51822
2099 283.0
2100 653.9252
2101 555.0
2102 604.02985
2103 468.80716
2104 244.36563
2105 127.882256
2106 244.93971
2107 91.19403
2108 274.8904
2109 110.14523
2110 307.84564
2111 76.02387
2112 274.0699
2113 306.11288
2114 308.93973
2115 32.629925
2116 119.373055
2117 141.91563
2118 244.73244
2119 303.25446
2120 234.20926
2121 113.388725
2122 109.655754
2123 104.687965
2124 269.9439
2125 127.175
2126 267.4973
2127 140.67392
2128 173.66583
2129 388.50882
2130 187.0
2131 140.34145
2132 253.43517
2133 255.9232
2134 257.05414
2135 250.10483
2136 270.17465
2137 109.158005
2138 68.03543
2139 245.50641
2140 244.50862
2141 187.0
2142 94.46621
2143 112.68849
2144 271.99432
2145 312.14352
2146 264.88275
2147 106.55691
2148 303.01117
2149 72.789276
2150 251.52359
2151 142.64003
2152 139.74953
2153 181.1004
2154 249.58826
2155 187.0
2156 302.4356
2157 187.0
2158 283.0
2159 247.33275
2160 291.52747
2161 257.3321
2162 187.0
2163 257.33807
2164 235.0
2165 468.7342
2166 400.4872
2167 384.4788
2168 235.0
2169 235.0
2170 235.0
2171 402.42142
2172 235.0
2173 235.0
2174 235.0
2175 495.61996
2176 235.0
2177 499.31436
2178 235.0
2179 767.79987
2180 497.23016
2181 501.59894
2182 457.0904
2183 235.0
2184 235.0
2185 411.0
2186 107.90642
2187 0.0
2188 555.0
2189 161.52052
2190 235.0
2191 241.58543
2192 395.46014
2193 235.0
2194 235.0
2195 235.0
2196 235.0
2197 235.0
2198 407.5622
2199 129.68338
2200 391.64178
2201 235.0
2202 277.4303
2203 235.0
2204 56.0784
2205 235.0
2206 192.29434
2207 408.78107
2208 235.0
2209 235.0
2210 158.90758
2211 235.0
2212 384.30817
2213 66.81601
2214 459.67746
2215 235.0
2216 235.0
2217 235.0
2218 235.0
2219 235.0
2220 187.66737
2221 204.73038
2222 235.0
2223 235.0
2224 251.0
2225 763.0
2226 305.60312
2227 472.94864
2228 251.0
2229 251.0
2230 487.5748
2231 251.0
2232 251.0
2233 763.0
2234 251.0
2235 251.0
2236 315.0
2237 481.75803
2238 142.43039
2239 321.75418
2240 411.0
2241 369.43182
2242 686.45294
2243 43.714375
2244 251.0
2245 251.0
2246 98.73839
2247 318.46802
2248 333.00214
2249 435.67667
2250 251.0
2251 715.0
2252 316.2
2253 473.8635
2254 251.0
2255 94.813644
2256 251.0
2257 763.0
2258 416.8952
2259 686.6713
2260 409.266
2261 315.0
2262 668.2
2263 315.0
2264 315.0
2265 251.0
2266 315.0
2267 251.0
2268 702.30414
2269 324.551
2270 110.52267
2271 251.0
2272 370.6353
2273 411.0
2274 308.3231
2275 412.134
2276 470.01285
2277 107.485146
2278 327.3499
2279 105.08659
2280 333.68256
2281 673.6865
2282 251.0
2283 87.882126
2284 102.82366
2285 244.68452
2286 187.0
2287 147.72935
2288 187.0
2289 142.29625
2290 246.95029
2291 187.0
2292 103.22907
2293 261.50452
2294 264.20776
2295 242.1183
2296 136.65276
2297 204.134
2298 246.59653
2299 67.16842
2300 267.0
2301 84.142265
2302 145.8256
2303 158.5788
2304 187.0
2305 187.0
2306 122.26175
2307 102.45503
2308 153.26514
2309 88.969154
2310 111.22918
2311 107.66826
2312 139.06555
2313 103.95322
2314 158.71298
2315 139.10077
2316 101.63675
2317 99.877914
2318 101.63675
2319 98.36821
2320 121.20446
2321 110.095184
2322 131.87532
2323 120.23262
2324 102.83361
2325 114.89308
2326 94.3152
2327 103.8174
2328 103.05588
2329 110.569405
2330 136.86162
2331 47.723392
2332 54.338024
2333 107.71016
2334 125.67503
2335 131.48608
2336 109.686226
2337 110.569405
2338 103.95322
2339 108.86132
2340 188.134
2341 123.82228
2342 104.66584
2343 31.115479
2344 283.0
2345 191.53426
2346 471.19302
2347 123.970314
2348 443.0
2349 443.0
2350 181.47102
2351 246.10452
2352 178.04362
2353 443.0
2354 166.84595
2355 443.0
2356 103.8798
2357 98.619675
2358 103.8798
2359 443.0
2360 103.3981
2361 87.916664
2362 158.36403
2363 93.19836
2364 96.41574
2365 283.0
2366 283.0
2367 493.19507
2368 147.54079
2369 443.0
2370 108.61169
2371 23.662766
2372 182.6692
2373 443.0
2374 146.91054
2375 98.54058
2376 87.50439
2377 82.37057
2378 108.50652
2379 443.0
2380 109.68673
2381 126.09704
2382 443.0
2383 283.0
2384 98.45853
2385 100.40465
2386 283.0
2387 283.0
2388 443.0
2389 283.0
2390 142.39247
2391 240.53287
2392 493.00894
2393 283.0
2394 443.0
2395 603.0
2396 134.07317
2397 169.59677
2398 283.0
2399 103.840515
2400 283.0
2401 82.43762
2402 443.0
2403 94.484024
2404 201.007
2405 235.0
2406 235.0
2407 391.59457
2408 572.7164
2409 744.3377
2410 379.0
2411 463.5192
2412 379.0
2413 379.0
2414 263.27972
2415 537.6921
2416 603.6
2417 379.0
2418 215.99628
2419 160.28523
2420 379.0
2421 451.92435
2422 328.83438
2423 396.84137
2424 396.7682
2425 450.96802
2426 515.409
2427 547.1933
2428 539.00665
2429 556.1605
2430 379.0
2431 530.637
2432 478.48004
2433 220.6316
2434 315.0
2435 118.72544
2436 235.0
2437 315.0
2438 519.08624
2439 235.0
2440 469.27963
2441 210.97784
2442 217.54352
2443 235.0
2444 315.0
2445 315.0
2446 651.0
2447 379.0
2448 203.0
2449 235.0
2450 379.0
2451 205.81046
2452 531.2854
2453 614.78217
2454 203.0
2455 330.5684
2456 329.43488
2457 330.5684
2458 203.0
2459 203.0
2460 328.83438
2461 379.0
2462 379.0
2463 473.02853
2464 216.21924
2465 346.79178
2466 213.6
2467 385.82666
2468 284.62128
2469 219.0
2470 219.0
2471 160.34393
2472 121.48298
2473 219.0
2474 186.6485
2475 219.0
2476 219.0
2477 219.6
2478 187.8207
2479 31.370173
2480 69.55981
2481 256.05426
2482 61.873344
2483 367.30768
2484 96.703285
2485 363.71344
2486 201.23299
2487 0.0
2488 366.45255
2489 380.5816
2490 340.39453
2491 164.0
2492 111.50126
2493 359.53946
2494 293.2552
2495 146.30394
2496 199.25449
2497 209.235
2498 183.17235
2499 219.0
2500 125.971725
2501 219.66913
2502 199.09914
2503 211.9617
2504 118.56881
2505 0.0
2506 219.0
2507 114.72692
2508 204.06342
2509 181.3546
2510 70.96309
2511 219.0
2512 202.46469
2513 355.09775
2514 214.61415
2515 185.03746
2516 381.9753
2517 219.0
2518 39.267902
2519 89.531456
2520 199.98921
2521 193.64311
2522 391.0511
2523 155.20595
2524 145.46574
2525 138.43231
2526 299.54443
2527 174.57036
2528 404.66983
2529 168.52608
2530 220.86392
2531 166.19899
2532 149.93283
2533 132.5669
2534 218.65993
2535 287.99634
2536 225.04643
2537 220.43623
2538 12.41626
2539 354.36923
2540 342.50504
2541 132.0751
2542 215.99501
2543 92.93033
2544 66.75098
2545 0.0
2546 52.64426
2547 170.6739
2548 41.40563
2549 33.155476
2550 86.17751
2551 99.98519
2552 214.90338
2553 0.0
2554 168.47441
2555 210.8317
2556 260.46768
2557 47.570473
2558 77.77751
2559 153.75336
2560 81.43353
2561 70.118126
2562 59.26477
2563 64.30756
2564 46.748657
2565 23.985113
2566 294.55905
2567 347.6598
2568 99.67087
2569 255.64026
2570 183.52951
2571 50.035847
2572 42.740517
2573 64.33965
2574 125.740074
2575 173.53984
2576 250.20512
2577 144.68811
2578 97.37324
2579 48.301792
2580 67.97387
2581 246.9187
2582 127.188736
2583 66.20304
2584 297.15485
2585 270.5741
2586 330.47226
2587 307.26245
2588 292.70392
2589 290.89398
2590 275.37766
2591 319.20096
2592 103.789246
2593 69.71601
2594 411.0
2595 335.93094
2596 334.06577
2597 133.92676
2598 251.6
2599 36.053326
2600 3.4680002
2601 251.0
2602 105.153725
2603 107.6838
2604 77.76733
2605 276.0
2606 246.96103
2607 39.360428
2608 122.79313
2609 166.14417
2610 96.227905
2611 111.16657
2612 247.63127
2613 51.439243
2614 219.9874
2615 280.37512
2616 47.279087
2617 104.193306
2618 508.44565
2619 395.0
2620 104.49469
2621 287.0645
2622 99.18676
2623 143.68593
2624 142.66728
2625 81.18169
2626 137.6915
2627 95.88744
2628 67.39788
2629 227.101
2630 268.9038
2631 153.12512
2632 17.177029
2633 159.97792
2634 0.0
2635 133.78317
2636 78.21818
2637 103.907005
2638 73.9154
2639 64.02442
2640 119.80398
2641 67.07689
2642 99.980316
2643 97.15108
2644 219.0
2645 94.46487
2646 93.75992
2647 219.0
2648 73.91713
2649 256.88693
2650 100.393974
2651 95.283676
2652 283.0
2653 259.62674
2654 355.07376
2655 277.43018
2656 56.486134
2657 263.43314
2658 55.20386
2659 90.01221
2660 76.786446
2661 219.0
2662 141.4516
2663 219.0
2664 264.9514
2665 99.598625
2666 283.0
2667 11.23805
2668 219.0
2669 219.0
2670 247.56525
2671 283.0
2672 279.4962
2673 274.92456
2674 207.9341
2675 99.16119
2676 203.0
2677 283.0
2678 248.48433
2679 112.601395
2680 283.0
2681 269.72916
2682 219.0
2683 260.3747
2684 276.34012
2685 47.455276
2686 271.57788
2687 280.80814
2688 144.45178
2689 283.0
2690 283.0
2691 265.26923
2692 267.87137
2693 283.0
2694 253.47932
2695 283.0
2696 279.5373
2697 258.007
2698 281.15186
2699 266.05405
2700 282.38153
2701 102.20808
2702 213.98827
2703 251.11055
2704 235.0
2705 235.0
2706 731.0
2707 507.0
2708 439.40088
2709 293.51718
2710 501.33673
2711 502.95056
2712 299.0
2713 731.0
2714 585.14075
2715 507.6
2716 235.0
2717 572.5082
2718 507.0
2719 470.2427
2720 235.0
2721 66.24107
2722 570.99493
2723 235.0
2724 235.0
2725 228.58165
2726 299.0
2727 299.0
2728 0.0
2729 235.0
2730 349.9086
2731 12.256811
2732 299.0
2733 341.1907
2734 586.2075
2735 328.1021
2736 221.03426
2737 235.0
2738 299.0
2739 299.0
2740 548.616
2741 299.0
2742 406.716
2743 256.67548
2744 4.668
2745 715.6717
2746 299.0
2747 576.05646
2748 302.0236
2749 507.0
2750 317.92963
2751 300.134
2752 574.65234
2753 235.0
2754 0.0
2755 1.2
2756 306.81464
2757 507.0
2758 507.0
2759 33.187416
2760 87.60794
2761 299.0
2762 131.1518
2763 235.0
2764 495.58484
2765 260.62067
2766 236.02693
2767 267.0
2768 267.0
2769 258.53583
2770 254.62088
2771 406.0871
2772 267.0
2773 267.0
2774 265.66193
2775 257.56232
2776 392.746
2777 267.0
2778 266.27905
2779 267.0
2780 413.15918
2781 267.0
2782 252.90688
2783 259.17435
2784 200.09422
2785 253.76855
2786 404.4531
2787 267.6
2788 408.77917
2789 267.0
2790 542.79205
2791 267.0
2792 249.89435
2793 267.0
2794 0.0
2795 267.0
2796 403.58102
2797 267.0
2798 267.6
2799 415.61377
2800 607.7062
2801 267.0
2802 256.8229
2803 267.6
2804 259.66763
2805 554.7248
2806 251.22276
2807 555.0
2808 241.90709
2809 267.0
2810 410.25323
2811 266.17584
2812 557.82855
2813 588.3563
2814 260.4873
2815 2.2680001
2816 253.62837
2817 267.0
2818 248.10893
2819 267.0
2820 163.4864
2821 0.0
2822 267.0
2823 0.0
2824 536.99176
2825 526.2276
2826 539.0
2827 206.85962
2828 525.8823
2829 193.20645
2830 619.0
2831 603.0
2832 40.05082
2833 71.82265
2834 165.65521
2835 715.6
2836 187.36336
2837 84.035515
2838 311.26822
2839 174.90729
2840 517.69006
2841 105.61247
2842 603.0
2843 715.0
2844 519.51984
2845 43.44481
2846 79.33319
2847 710.54834
2848 337.00064
2849 0.0
2850 521.0963
2851 603.0
2852 387.11542
2853 512.9165
2854 603.0
2855 101.62008
2856 28.502401
2857 197.06573
2858 0.0
2859 531.4179
2860 539.7804
2861 508.81296
2862 87.15988
2863 514.3292
2864 274.87817
2865 1.7793338
2866 13.772576
2867 20.333715
2868 103.54994
2869 39.83674
2870 586.07806
2871 105.34989
2872 100.63256
2873 619.0
2874 34.548958
2875 0.0
2876 715.0
2877 101.29375
2878 41.646313
2879 443.54648
2880 1.1340001
2881 403.7083
2882 709.3483
2883 374.39172
2884 347.0
2885 187.0
2886 187.0
2887 187.0
2888 171.73277
2889 347.0
2890 187.0
2891 187.0
2892 218.3535
2893 187.0
2894 162.12518
2895 347.0
2896 283.0
2897 141.59207
2898 115.100075
2899 274.70517
2900 283.0
2901 60.317116
2902 187.0
2903 106.70671
2904 117.30413
2905 187.0
2906 187.0
2907 187.0
2908 348.134
2909 187.0
2910 347.0
2911 187.0
2912 347.0
2913 187.0
2914 187.0
2915 30.759686
2916 214.05904
2917 348.134
2918 295.63202
2919 94.78564
2920 347.0
2921 347.0
2922 187.0
2923 266.63504
2924 187.0
2925 187.0
2926 215.50714
2927 237.06715
2928 347.0
2929 190.468
2930 347.0
2931 99.591156
2932 262.48187
2933 78.43053
2934 279.83353
2935 283.0
2936 347.0
2937 347.0
2938 347.0
2939 284.134
2940 331.0
2941 157.5618
2942 187.0
2943 277.33783
2944 136.86467
2945 299.0
2946 379.0
2947 299.0
2948 475.0
2949 379.0
2950 344.14435
2951 403.32828
2952 427.0
2953 427.0
2954 160.06369
2955 299.0
2956 418.10068
2957 379.0
2958 427.0
2959 299.0
2960 425.90088
2961 427.0
2962 371.10413
2963 327.2971
2964 360.37048
2965 360.11856
2966 371.5526
2967 421.59872
2968 379.0
2969 299.0
2970 379.0
2971 379.0
2972 379.0
2973 112.65463
2974 379.0
2975 349.00552
2976 379.0
2977 379.0
2978 299.0
2979 427.0
2980 379.0
2981 379.0
2982 299.0
2983 426.10962
2984 299.0
2985 379.0
2986 342.00433
2987 427.0
2988 379.0
2989 379.0
2990 1147.0
2991 299.0
2992 338.29285
2993 299.0
2994 402.4369
2995 427.0
2996 379.0
2997 379.0
2998 379.0
2999 299.0
3000 299.0
3001 379.0
3002 136.6616
3003 379.0
3004 454.50183
3005 425.12616
3006 22.466805
3007 126.80693
3008 275.3377
3009 139.24591
3010 302.88312
3011 384.12613
3012 133.21902
3013 345.62595
3014 376.8877
3015 218.20349
3016 215.95682
3017 297.6919
3018 162.21275
3019 183.53792
3020 211.31674
3021 364.94995
3022 343.18982
3023 282.26144
3024 251.0
3025 251.0
3026 343.92252
3027 395.11447
3028 470.7811
3029 373.30194
3030 218.64091
3031 356.10126
3032 186.69662
3033 361.33154
3034 422.69318
3035 213.10359
3036 290.5853
3037 322.41968
3038 255.8165
3039 187.9558
3040 370.39438
3041 280.34317
3042 331.62924
3043 191.17029
3044 218.64091
3045 382.3411
3046 405.26627
3047 364.21408
3048 369.2062
3049 196.15997
3050 196.15997
3051 247.31279
3052 245.1553
3053 405.0061
3054 383.62076
3055 378.73175
3056 241.89207
3057 369.9813
3058 396.01593
3059 196.14526
3060 133.83421
3061 392.44907
3062 251.0
3063 360.48755
3064 484.62418
3065 212.34575
3066 321.46658
3067 511.48663
3068 487.30423
3069 179.08499
3070 296.31464
3071 206.84453
3072 219.0
3073 325.9614
3074 510.14624
3075 207.42867
3076 378.67676
3077 219.0
3078 508.82535
3079 443.91742
3080 481.24463
3081 478.08
3082 520.8188
3083 325.03125
3084 464.9432
3085 397.058
3086 202.90372
3087 363.0
3088 106.23339
3089 179.7354
3090 219.0
3091 13.366001
3092 187.0
3093 219.0
3094 215.49074
3095 219.0
3096 219.0
3097 363.0
3098 0.0
3099 0.0
3100 295.4379
3101 377.20483
3102 122.876724
3103 127.2613
3104 203.585
3105 0.0
3106 219.0
3107 492.5276
3108 219.0
3109 125.07926
3110 340.13962
3111 115.05407
3112 219.0
3113 0.0
3114 120.64667
3115 214.93553
3116 484.67078
3117 0.0
3118 348.63498
3119 346.97177
3120 479.6791
3121 0.0
3122 76.646
3123 0.0
3124 395.0
3125 539.0
3126 304.99094
3127 439.9278
3128 458.95007
3129 395.0
3130 472.31693
3131 378.73047
3132 442.12222
3133 475.0
3134 395.0
3135 503.6973
3136 285.89624
3137 395.0
3138 303.308
3139 347.0
3140 504.27054
3141 520.40314
3142 395.0
3143 347.0
3144 518.5442
3145 535.532
3146 395.0
3147 395.0
3148 268.64545
3149 457.70563
3150 0.0
3151 298.1417
3152 253.60431
3153 539.0
3154 262.7967
3155 539.0
3156 495.64374
3157 203.0
3158 442.26334
3159 464.24783
3160 530.90015
3161 297.3153
3162 85.737434
3163 395.6
3164 283.84286
3165 38.558517
3166 203.78888
3167 78.67016
3168 279.66476
3169 347.0
3170 222.02975
3171 340.6675
3172 445.39185
3173 324.0
3174 347.0
3175 26.941933
3176 395.0
3177 491.11472
3178 99.892876
3179 19.691357
3180 0.0
3181 92.83619
3182 82.47389
3183 347.0
3184 227.90424
3185 224.967
3186 293.8067
3187 250.56839
3188 383.01965
3189 230.03134
3190 186.83215
3191 300.33777
3192 235.0
3193 315.0
3194 422.50677
3195 223.17238
3196 235.0
3197 171.0
3198 185.93608
3199 326.03238
3200 235.0
3201 378.721
3202 235.0
3203 185.49411
3204 299.10068
3205 408.82828
3206 315.0
3207 302.4683
3208 231.7815
3209 272.60913
3210 197.87036
3211 304.63052
3212 315.0
3213 320.03613
3214 315.6
3215 261.98965
3216 315.0
3217 294.80817
3218 312.07416
3219 233.8
3220 286.21854
3221 283.11435
3222 379.6904
3223 284.2
3224 332.6774
3225 235.0
3226 235.0
3227 143.41359
3228 538.1175
3229 302.67084
3230 316.2
3231 361.93967
3232 338.73697
3233 234.58759
3234 59.529034
3235 232.77722
3236 315.0
3237 104.11088
3238 363.0
3239 225.84956
3240 224.83446
3241 39.25553
3242 144.68675
3243 330.68954
3244 347.28076
3245 290.89874
3246 341.51205
3247 300.0824
3248 317.84433
3249 297.4792
3250 285.01593
3251 313.2759
3252 271.21774
3253 330.30148
3254 354.6481
3255 320.877
3256 174.468
3257 335.6862
3258 171.0
3259 301.43515
3260 298.32892
3261 345.55402
3262 354.6818
3263 299.41797
3264 129.6981
3265 320.076
3266 339.50537
3267 306.521
3268 328.73206
3269 337.16177
3270 284.94836
3271 309.26355
3272 329.77716
3273 316.5523
3274 302.32504
3275 321.55856
3276 330.77283
3277 361.6987
3278 378.29575
3279 394.15405
3280 261.50723
3281 333.80817
3282 370.28265
3283 320.46585
3284 195.73805
3285 295.78128
3286 216.0568
3287 285.5457
3288 322.50473
3289 316.30518
3290 319.30585
3291 311.40848
3292 250.01747
3293 336.5322
3294 173.26799
3295 285.02246
3296 283.39432
3297 326.26254
3298 172.2
3299 360.3298
3300 301.61453
3301 317.12048
3302 291.35718
3303 290.19275
3304 235.0
3305 203.0
3306 418.31482
3307 203.0
3308 205.334
3309 212.37503
3310 433.5022
3311 214.79628
3312 218.21176
3313 228.81111
3314 203.0
3315 220.43219
3316 317.7503
3317 203.0
3318 235.0
3319 235.0
3320 203.0
3321 204.2
3322 207.93217
3323 208.84018
3324 204.2
3325 203.0
3326 203.0
3327 235.0
3328 235.0
3329 235.0
3330 469.05673
3331 205.334
3332 235.0
3333 364.134
3334 152.74196
3335 363.0
3336 235.0
3337 203.0
3338 235.0
3339 235.0
3340 295.8063
3341 203.0
3342 0.0
3343 109.69087
3344 203.0
3345 235.0
3346 235.0
3347 235.0
3348 203.0
3349 235.0
3350 193.52641
3351 446.4167
3352 235.0
3353 203.0
3354 235.0
3355 204.134
3356 204.134
3357 235.0
3358 373.31195
3359 174.20901
3360 235.0
3361 203.0
3362 235.0
3363 439.1413
3364 363.0
3365 347.0
3366 347.0
3367 347.0
3368 727.2864
3369 160.99281
3370 523.0
3371 502.3092
3372 87.244225
3373 82.45479
3374 493.02316
3375 520.411
3376 341.37878
3377 578.4831
3378 347.0
3379 568.6643
3380 363.0
3381 731.0
3382 347.0
3383 531.3163
3384 508.50818
3385 0.0
3386 347.0
3387 347.0
3388 503.17334
3389 183.46704
3390 504.36935
3391 523.0
3392 168.09457
3393 519.8915
3394 555.12695
3395 513.8314
3396 355.29416
3397 247.96523
3398 0.0
3399 0.0
3400 372.2078
3401 458.96045
3402 0.0
3403 299.86493
3404 347.0
3405 154.41054
3406 510.74182
3407 347.0
3408 348.2
3409 347.0
3410 53.242958
3411 741.64984
3412 557.01495
3413 0.0
3414 568.42786
3415 347.0
3416 12.3036585
3417 0.0
3418 6.6146307
3419 120.01936
3420 513.9366
3421 501.9549
3422 347.0
3423 166.544
3424 443.0
3425 219.0
3426 443.0
3427 40.333904
3428 252.74498
3429 551.0995
3430 219.0
3431 269.9525
3432 219.0
3433 555.0
3434 299.0
3435 231.87317
3436 31.889313
3437 312.14594
3438 258.574
3439 226.74863
3440 255.71158
3441 219.0
3442 159.87257
3443 219.0
3444 71.57509
3445 38.20537
3446 38.54863
3447 77.34778
3448 218.86388
3449 54.86438
3450 54.474762
3451 46.17762
3452 42.854958
3453 44.081768
3454 158.58014
3455 443.0
3456 349.28735
3457 30.734003
3458 219.0
3459 36.163147
3460 236.28587
3461 443.0
3462 45.31255
3463 219.0
3464 555.0
3465 38.36515
3466 324.93973
3467 555.0
3468 140.39613
3469 40.94863
3470 23.994377
3471 48.619392
3472 443.0
3473 443.0
3474 0.0
3475 302.46802
3476 38.54863
3477 219.0
3478 36.064484
3479 443.0
3480 62.04108
3481 747.0
3482 33.353302
3483 0.0
3484 171.0
3485 171.0
3486 171.0
3487 171.0
3488 315.0
3489 171.0
3490 635.0
3491 171.0
3492 187.0
3493 635.0
3494 171.0
3495 315.0
3496 171.0
3497 556.38446
3498 171.0
3499 171.0
3500 854.59607
3501 249.57495
3502 171.0
3503 652.3269
3504 255.42784
3505 635.0
3506 171.0
3507 171.0
3508 187.0
3509 285.5182
3510 171.0
3511 75.170815
3512 171.0
3513 171.0
3514 171.0
3515 760.732
3516 169.866
3517 38.540207
3518 118.59507
3519 173.3281
3520 155.48358
3521 171.0
