1 0.0
2 160.85663
3 36.539745
4 0.0
5 38.61463
6 141.81842
7 0.0
8 19.401169
9 58.977562
10 0.0
11 19.735237
12 0.0
13 88.531685
14 0.0
15 0.0
16 30.265999
17 117.49171
18 44.264767
19 95.935905
20 17.64352
21 134.47783
22 26.201517
23 41.118477
24 125.52485
25 69.968735
26 0.0
27 32.6
28 0.0
29 0.0
30 0.0
31 33.134
32 46.016705
33 72.61621
34 175.15826
35 134.59692
36 22.196041
37 36.064484
38 67.338234
39 34.550148
40 25.36837
41 0.0
42 29.256739
43 73.94262
44 90.487854
45 30.207258
46 107.44376
47 220.134
48 10.252826
49 146.73984
