1 215.47282
2 48.186947
3 50.8659
4 0.0
5 34.267998
6 0.0
7 6.8508253
8 45.906445
9 24.243134
10 83.01773
11 32.227882
12 0.0
13 0.0
14 37.267452
15 3.6985822
16 0.0
17 56.818146
18 42.304867
19 19.948814
20 29.131998
21 0.0
22 31.4
23 43.731453
24 30.675432
25 60.234306
26 60.505848
27 32.18674
28 5.1244383
29 0.0
30 51.783985
31 53.085773
32 31.300087
33 27.142141
34 0.0
35 220.134
36 49.37528
37 20.699177
38 0.0
39 16.458097
40 38.78482
41 68.66427
42 70.58769
43 35.152523
44 29.665998
45 29.665998
46 0.0
47 19.88343
48 218.61717
49 28.358498
50 207.69647
51 219.0
52 27.592258
53 26.457405
54 26.519367
55 30.866
56 18.955814
57 104.05669
58 93.568184
59 41.833153
60 41.057934
61 50.583008
62 31.115011
63 0.0
64 42.299313
65 3.320232
66 50.94798
67 86.11704
68 29.921371
69 39.74863
70 62.63495
71 0.0
72 149.22675
73 0.0
74 186.0621
75 39.403168
76 10.196634
77 34.334
78 39.586166
79 0.7459499
80 87.6953
81 0.0
82 37.95139
83 47.300076
84 15.55576
85 0.0
86 0.0
87 54.052177
88 42.766193
89 59.381622
90 42.008606
91 26.483324
92 219.0
93 0.0
94 80.92408
95 39.74863
96 0.0
97 219.0
98 0.0
99 18.617537
100 33.186275
101 220.134
102 219.0
103 219.0
104 219.0
105 218.61717
106 215.47282
107 207.69647
108 186.0621
109 149.22675
110 104.05669
111 93.568184
112 87.6953
113 86.11704
114 83.01773
115 80.92408
116 70.58769
117 68.66427
118 62.63495
119 60.505848
120 60.234306
121 59.381622
122 56.818146
123 54.052177
124 53.085773
125 51.783985
126 50.94798
127 50.8659
128 50.583008
129 49.37528
130 48.186947
131 47.300076
132 45.906445
133 43.731453
134 42.766193
135 42.304867
136 42.299313
137 42.008606
138 41.833153
139 41.057934
140 39.74863
141 39.74863
142 39.586166
143 39.403168
144 38.78482
145 37.95139
146 37.267452
147 35.152523
148 34.334
149 34.267998
150 33.186275
151 219.0
152 0.0
153 102.814575
154 187.177
155 169.3281
156 154.30264
157 27.667904
158 25.850998
159 61.474644
160 5.1860504
161 87.066
162 43.845573
163 65.96512
164 129.22342
165 60.414207
166 1.4310465
167 44.248466
168 25.386126
169 35.416218
170 43.396976
171 0.0
172 54.85694
173 34.550148
174 39.490974
175 27.78537
176 215.86261
177 37.440674
178 22.219124
179 30.866
180 25.179565
181 0.90169877
182 124.59483
183 0.0
184 0.0
185 56.543663
186 56.35106
187 9.069423
188 0.0
189 40.402184
190 14.433671
191 50.26358
192 11.402418
193 29.858524
194 0.0
195 38.61463
196 44.290745
197 82.097466
198 30.8
199 27.522738
200 129.03806
201 220.134
202 219.0
203 219.0
204 219.0
205 219.0
206 218.61717
207 215.86261
208 215.47282
209 207.69647
210 187.177
211 186.0621
212 169.3281
213 154.30264
214 149.22675
215 129.22342
216 129.03806
217 124.59483
218 104.05669
219 102.814575
220 93.568184
221 87.6953
222 87.066
223 86.11704
224 83.01773
225 82.097466
226 80.92408
227 70.58769
228 68.66427
229 65.96512
230 62.63495
231 61.474644
232 60.505848
233 60.414207
234 60.234306
235 59.381622
236 56.818146
237 56.543663
238 56.35106
239 54.85694
240 54.052177
241 53.085773
242 51.783985
243 50.94798
244 50.8659
245 50.583008
246 50.26358
247 49.37528
248 48.186947
249 47.300076
250 45.906445
251 9.108515
252 315.0
253 143.93999
254 214.02255
255 219.0622
256 18.66285
257 136.69388
258 32.50077
259 44.83766
260 10.403904
261 176.67213
262 61.698685
263 36.291107
264 154.7967
265 33.134
266 60.30561
267 60.514008
268 123.699936
269 47.052948
270 196.2328
271 93.20801
272 30.8
273 0.0
274 119.34241
275 42.44004
276 107.93539
277 20.796652
278 172.79688
279 49.54089
280 26.453367
281 14.566809
282 24.317368
283 44.901016
284 49.46347
285 34.550148
286 49.285866
287 50.529728
288 71.42639
289 33.186275
290 48.38663
291 179.92998
292 30.866
293 3.5854864
294 82.97629
295 38.850822
296 44.74513
297 33.134
298 32.6
299 20.01762
300 39.283005
301 315.0
302 220.134
303 219.0622
304 219.0
305 219.0
306 219.0
307 219.0
308 218.61717
309 215.86261
310 215.47282
311 214.02255
312 207.69647
313 196.2328
314 187.177
315 186.0621
316 179.92998
317 176.67213
318 172.79688
319 169.3281
320 154.7967
321 154.30264
322 149.22675
323 143.93999
324 136.69388
325 129.22342
326 129.03806
327 124.59483
328 123.699936
329 119.34241
330 107.93539
331 104.05669
332 102.814575
333 93.568184
334 93.20801
335 87.6953
336 87.066
337 86.11704
338 83.01773
339 82.97629
340 82.097466
341 80.92408
342 71.42639
343 70.58769
344 68.66427
345 65.96512
346 62.63495
347 61.698685
348 61.474644
349 60.514008
350 60.505848
351 207.80602
352 25.385368
353 212.99527
354 25.386126
355 149.71323
356 197.43669
357 20.01369
358 38.76121
359 51.830395
360 16.876274
361 51.597054
362 0.0
363 112.61352
364 37.198483
365 197.28209
366 31.933998
367 26.424585
368 26.372307
369 31.848457
370 110.72805
371 12.359558
372 32.6
373 138.14827
374 56.674053
375 49.47296
376 36.440933
377 33.134
378 16.800877
379 133.12604
380 158.91277
381 0.0
382 219.0
383 46.139603
384 21.285498
385 61.137657
386 0.0
387 39.375416
388 104.1387
389 0.0
390 13.297182
391 28.597998
392 33.134
393 25.414562
394 20.808634
395 38.61463
396 52.189816
397 60.18986
398 66.882576
399 40.948627
400 87.052704
401 315.0
402 220.134
403 219.0622
404 219.0
405 219.0
406 219.0
407 219.0
408 219.0
409 218.61717
410 215.86261
411 215.47282
412 214.02255
413 212.99527
414 207.80602
415 207.69647
416 197.43669
417 197.28209
418 196.2328
419 187.177
420 186.0621
421 179.92998
422 176.67213
423 172.79688
424 169.3281
425 158.91277
426 154.7967
427 154.30264
428 149.71323
429 149.22675
430 143.93999
431 138.14827
432 136.69388
433 133.12604
434 129.22342
435 129.03806
436 124.59483
437 123.699936
438 119.34241
439 112.61352
440 110.72805
441 107.93539
442 104.1387
443 104.05669
444 102.814575
445 93.568184
446 93.20801
447 87.6953
448 87.066
449 87.052704
450 86.11704
451 179.14987
452 35.14663
453 1.4951446
454 77.28976
455 100.700745
456 137.81998
457 37.54663
458 219.0
459 30.199999
460 72.023575
461 42.94989
462 125.191895
463 13.371801
464 220.134
465 203.64427
466 215.8849
467 106.34792
468 219.0
469 3.6594715
470 190.57933
471 37.49161
472 94.31218
473 112.93224
474 173.83623
475 40.94863
476 6.625936
477 0.0
478 56.355328
479 189.02773
480 112.85536
481 149.85947
482 72.543655
483 97.31591
484 105.74277
485 14.960386
486 39.74863
487 26.58537
488 0.0
489 24.962002
490 95.05909
491 133.76953
492 21.36023
493 19.435093
494 44.26119
495 79.21035
496 82.00549
497 53.633923
498 58.84101
499 235.0
500 66.03333
501 315.0
502 235.0
503 220.134
504 220.134
505 219.0622
506 219.0
507 219.0
508 219.0
509 219.0
510 219.0
511 219.0
512 219.0
513 218.61717
514 215.8849
515 215.86261
516 215.47282
517 214.02255
518 212.99527
519 207.80602
520 207.69647
521 203.64427
522 197.43669
523 197.28209
524 196.2328
525 190.57933
526 189.02773
527 187.177
528 186.0621
529 179.92998
530 179.14987
531 176.67213
532 173.83623
533 172.79688
534 169.3281
535 158.91277
536 154.7967
537 154.30264
538 149.85947
539 149.71323
540 149.22675
541 143.93999
542 138.14827
543 137.81998
544 136.69388
545 133.76953
546 133.12604
547 129.22342
548 129.03806
549 125.191895
550 124.59483
551 235.0
552 142.33887
553 219.0
554 124.5902
555 197.13394
556 34.82502
557 219.0
558 32.0365
559 25.811893
560 114.57159
561 44.31615
562 89.949814
563 38.332485
564 111.859116
565 52.97909
566 30.212769
567 127.37065
568 212.79634
569 219.0
570 27.935516
571 17.67745
572 90.219406
573 54.148357
574 476.44583
575 38.106617
576 65.23336
577 0.0
578 11.783656
579 0.0
580 37.48063
581 73.533714
582 68.45777
583 28.767757
584 51.79043
585 97.865295
586 29.731998
587 116.23123
588 131.62503
589 121.6052
590 0.0
591 139.46625
592 157.1461
593 235.0
594 42.407585
595 115.77981
596 41.33053
597 110.11321
598 39.829685
599 169.50246
600 73.7439
601 476.44583
602 476.44583
603 315.0
604 235.0
605 235.0
606 235.0
607 220.134
608 220.134
609 219.0622
610 219.0
611 219.0
612 219.0
613 219.0
614 219.0
615 219.0
616 219.0
617 219.0
618 219.0
619 219.0
620 218.61717
621 215.8849
622 215.86261
623 215.47282
624 214.02255
625 212.99527
626 212.79634
627 207.80602
628 207.69647
629 203.64427
630 197.43669
631 197.28209
632 197.13394
633 196.2328
634 190.57933
635 189.02773
636 187.177
637 186.0621
638 179.92998
639 179.14987
640 176.67213
641 173.83623
642 172.79688
643 169.50246
644 169.3281
645 158.91277
646 157.1461
647 154.7967
648 154.30264
649 149.85947
650 149.71323
651 149.22675
652 145.33662
653 219.0
654 235.0
655 157.29665
656 36.63386
657 167.91951
658 219.0
659 0.0
660 118.789925
661 70.183556
662 219.0
663 61.399002
664 192.37209
665 219.0
666 144.01785
667 210.99057
668 105.38455
669 36.2835
670 185.77588
671 7.7581844
672 9.032989
673 41.170868
674 46.489845
675 109.71948
676 85.734535
677 0.0
678 0.0
679 219.0
680 219.0
681 25.61476
682 100.472176
683 235.0
684 44.44075
685 236.134
686 0.0
687 25.15037
688 155.39783
689 76.97943
690 61.375328
691 122.18847
692 34.97313
693 179.21213
694 24.251366
695 190.15216
696 65.382706
697 78.0024
698 165.79033
699 149.41618
700 25.149174
701 42.06807
702 476.44583
703 315.0
704 236.134
705 235.0
706 235.0
707 235.0
708 235.0
709 235.0
710 220.134
711 220.134
712 219.0622
713 219.0
714 219.0
715 219.0
716 219.0
717 219.0
718 219.0
719 219.0
720 219.0
721 219.0
722 219.0
723 219.0
724 219.0
725 219.0
726 219.0
727 219.0
728 219.0
729 218.61717
730 215.8849
731 215.86261
732 215.47282
733 214.02255
734 212.99527
735 212.79634
736 210.99057
737 207.80602
738 207.69647
739 203.64427
740 197.43669
741 197.28209
742 197.13394
743 196.2328
744 192.37209
745 190.57933
746 190.15216
747 189.02773
748 187.177
749 186.0621
750 185.77588
751 179.92998
752 203.53143
753 115.91804
754 219.0
755 9.104105
756 0.0
757 276.0
758 219.0
759 151.9587
760 34.334
761 201.16461
762 156.03844
763 235.0
764 32.71748
765 186.58583
766 219.0
767 132.06773
768 0.0
769 235.0
770 144.69421
771 219.0
772 126.38635
773 67.32925
774 219.0
775 219.0
776 33.2
777 150.7857
778 170.36182
779 66.81793
780 200.19159
781 21.799383
782 49.68317
783 40.882633
784 208.85167
785 123.94588
786 53.73765
787 67.87372
788 0.0
789 27.65337
790 25.385368
791 15.847039
792 48.299187
793 172.79056
794 137.49046
795 56.97789
796 148.46637
797 220.134
798 213.21072
799 0.0
800 180.70857
801 133.27
802 476.44583
803 315.0
804 276.0
805 236.134
806 235.0
807 235.0
808 235.0
809 235.0
810 235.0
811 235.0
812 235.0
813 220.134
814 220.134
815 220.134
816 219.0622
817 219.0
818 219.0
819 219.0
820 219.0
821 219.0
822 219.0
823 219.0
824 219.0
825 219.0
826 219.0
827 219.0
828 219.0
829 219.0
830 219.0
831 219.0
832 219.0
833 219.0
834 219.0
835 219.0
836 219.0
837 219.0
838 219.0
839 218.61717
840 215.8849
841 215.86261
842 215.47282
843 214.02255
844 213.21072
845 212.99527
846 212.79634
847 210.99057
848 208.85167
849 207.80602
850 207.69647
851 203.64427
852 25.919367
853 220.134
854 219.0
855 219.0
856 37.85612
857 162.70338
858 62.343277
859 236.134
860 235.0
861 138.23189
862 142.75497
863 44.64796
864 219.0
865 219.0
866 0.0
867 20.498848
868 219.0
869 219.0
870 143.42474
871 129.94122
872 44.178593
873 23.6158
874 54.0161
875 38.08063
876 219.0
877 219.0
878 35.29735
879 219.0
880 235.0
881 219.0
882 44.220898
883 109.29633
884 81.01466
885 12.088055
886 149.56883
887 219.0
888 79.79415
889 139.3224
890 39.800907
891 14.57185
892 201.58224
893 128.17964
894 0.0
895 61.137657
896 36.817394
897 110.61528
898 31.423052
899 213.4693
900 43.003143
901 30.866
902 476.44583
903 315.0
904 276.0
905 236.134
906 236.134
907 235.0
908 235.0
909 235.0
910 235.0
911 235.0
912 235.0
913 235.0
914 235.0
915 235.0
916 220.134
917 220.134
918 220.134
919 220.134
920 219.0622
921 219.0
922 219.0
923 219.0
924 219.0
925 219.0
926 219.0
927 219.0
928 219.0
929 219.0
930 219.0
931 219.0
932 219.0
933 219.0
934 219.0
935 219.0
936 219.0
937 219.0
938 219.0
939 219.0
940 219.0
941 219.0
942 219.0
943 219.0
944 219.0
945 219.0
946 219.0
947 219.0
948 219.0
949 219.0
950 219.0
951 219.0
952 86.63984
953 184.81567
954 204.55338
955 116.48814
956 141.63196
957 194.81676
958 235.0
959 219.0
960 223.15924
961 219.0
962 227.91035
963 199.52965
964 219.0
965 92.655945
966 21.540741
967 0.0
968 219.0
969 29.731998
970 155.66219
971 27.22402
972 129.169
973 149.98376
974 219.0
975 219.0
976 220.134
977 0.0
978 235.0
979 219.0
980 29.731998
981 219.0
982 49.019154
983 219.0
984 219.0
985 131.3143
986 219.0
987 161.96434
988 203.01956
989 149.7724
990 15.613366
991 219.0
992 130.25157
993 219.0
994 33.134
995 192.3062
996 219.0
997 235.0
998 219.0
999 99.715805
1000 20.428669
1001 33.668
1002 476.44583
1003 315.0
1004 276.0
1005 236.134
1006 236.134
1007 235.0
1008 235.0
1009 235.0
1010 235.0
1011 235.0
1012 235.0
1013 235.0
1014 235.0
1015 235.0
1016 235.0
1017 235.0
1018 235.0
1019 227.91035
1020 223.15924
1021 220.134
1022 220.134
1023 220.134
1024 220.134
1025 220.134
1026 219.0622
1027 219.0
1028 219.0
1029 219.0
1030 219.0
1031 219.0
1032 219.0
1033 219.0
1034 219.0
1035 219.0
1036 219.0
1037 219.0
1038 219.0
1039 219.0
1040 219.0
1041 219.0
1042 219.0
1043 219.0
1044 219.0
1045 219.0
1046 219.0
1047 219.0
1048 219.0
1049 219.0
1050 219.0
1051 219.0
1052 109.497734
1053 275.08856
1054 235.0
1055 235.0
1056 220.134
1057 219.0
1058 163.2847
1059 224.95139
1060 8.881873
1061 102.07687
1062 219.0
1063 219.0
1064 219.0
1065 219.0
1066 159.46684
1067 9.995894
1068 112.08804
1069 54.875526
1070 219.0
1071 140.22919
1072 45.467342
1073 220.134
1074 0.0
1075 219.0
1076 52.688572
1077 219.0
1078 128.1459
1079 219.0
1080 101.77341
1081 171.2384
1082 164.72006
1083 0.0
1084 219.0
1085 219.0
1086 0.0
1087 52.23732
1088 104.711205
1089 137.54222
1090 124.5561
1091 0.0
1092 219.0
1093 220.134
1094 77.80557
1095 219.0
1096 235.0
1097 235.0
1098 125.56852
1099 220.134
1100 37.95139
1101 84.46671
1102 476.44583
1103 315.0
1104 276.0
1105 275.08856
1106 236.134
1107 236.134
1108 235.0
1109 235.0
1110 235.0
1111 235.0
1112 235.0
1113 235.0
1114 235.0
1115 235.0
1116 235.0
1117 235.0
1118 235.0
1119 235.0
1120 235.0
1121 235.0
1122 235.0
1123 235.0
1124 227.91035
1125 224.95139
1126 223.15924
1127 220.134
1128 220.134
1129 220.134
1130 220.134
1131 220.134
1132 220.134
1133 220.134
1134 220.134
1135 220.134
1136 219.0622
1137 219.0
1138 219.0
1139 219.0
1140 219.0
1141 219.0
1142 219.0
1143 219.0
1144 219.0
1145 219.0
1146 219.0
1147 219.0
1148 219.0
1149 219.0
1150 219.0
1151 219.0
1152 61.82734
1153 27.935516
1154 219.0
1155 61.137657
1156 203.74174
1157 96.70621
1158 168.48157
1159 133.31056
1160 0.0
1161 219.0
1162 27.77948
1163 25.39169
1164 235.0
1165 219.0
1166 234.75644
1167 219.47386
1168 39.115055
1169 219.0
1170 217.92955
1171 179.12709
1172 235.0
1173 219.0
1174 49.285866
1175 219.0
1176 209.26215
1177 21.498644
1178 26.201515
1179 29.479254
1180 219.0
1181 211.42087
1182 32.065998
1183 235.0
1184 119.393585
1185 0.0
1186 219.0
1187 131.93199
1188 144.37271
1189 177.41084
1190 183.89388
1191 219.0
1192 219.0
1193 219.0
1194 235.0
1195 26.090496
1196 165.16823
1197 188.43849
1198 235.0
1199 76.88517
1200 220.134
1201 155.25708
1202 476.44583
1203 315.0
1204 276.0
1205 275.08856
1206 236.134
1207 236.134
1208 235.0
1209 235.0
1210 235.0
1211 235.0
1212 235.0
1213 235.0
1214 235.0
1215 235.0
1216 235.0
1217 235.0
1218 235.0
1219 235.0
1220 235.0
1221 235.0
1222 235.0
1223 235.0
1224 235.0
1225 235.0
1226 235.0
1227 235.0
1228 235.0
1229 234.75644
1230 227.91035
1231 224.95139
1232 223.15924
1233 220.134
1234 220.134
1235 220.134
1236 220.134
1237 220.134
1238 220.134
1239 220.134
1240 220.134
1241 220.134
1242 220.134
1243 219.47386
1244 219.0622
1245 219.0
1246 219.0
1247 219.0
1248 219.0
1249 219.0
1250 219.0
1251 219.0
1252 96.67485
1253 219.0
1254 219.0
1255 219.0
1256 219.0
1257 219.0
1258 172.52652
1259 111.94272
1260 219.0
1261 219.0
1262 235.0
1263 70.36966
1264 53.696133
1265 144.79527
1266 223.34662
1267 23.417444
1268 220.134
1269 219.0
1270 219.0
1271 219.0
1272 39.214634
1273 197.88025
1274 143.8122
1275 219.0
1276 219.0
1277 155.65671
1278 185.59644
1279 235.0
1280 34.328114
1281 219.0
1282 195.88431
1283 218.91914
1284 219.0
1285 113.75005
1286 31.933998
1287 0.0
1288 219.0
1289 174.99115
1290 192.14116
1291 185.77039
1292 187.7442
1293 30.318275
1294 219.0
1295 54.044037
1296 80.42175
1297 219.0
1298 102.26985
1299 102.412964
1300 28.429375
1301 219.0
1302 476.44583
1303 315.0
1304 276.0
1305 275.08856
1306 236.134
1307 236.134
1308 235.0
1309 235.0
1310 235.0
1311 235.0
1312 235.0
1313 235.0
1314 235.0
1315 235.0
1316 235.0
1317 235.0
1318 235.0
1319 235.0
1320 235.0
1321 235.0
1322 235.0
1323 235.0
1324 235.0
1325 235.0
1326 235.0
1327 235.0
1328 235.0
1329 235.0
1330 235.0
1331 234.75644
1332 227.91035
1333 224.95139
1334 223.34662
1335 223.15924
1336 220.134
1337 220.134
1338 220.134
1339 220.134
1340 220.134
1341 220.134
1342 220.134
1343 220.134
1344 220.134
1345 220.134
1346 220.134
1347 219.47386
1348 219.0622
1349 219.0
1350 219.0
1351 219.0
1352 0.0
1353 0.0
1354 141.2889
1355 219.0
1356 220.134
1357 30.265999
1358 202.53351
1359 235.0
1360 39.814632
1361 219.0
1362 219.0
1363 235.0
1364 219.0
1365 219.0
1366 54.84476
1367 219.0
1368 219.0
1369 165.55821
1370 220.134
1371 219.56235
1372 220.134
1373 235.0
1374 316.134
1375 0.0
1376 172.7692
1377 162.08185
1378 219.0
1379 142.356
1380 235.0
1381 191.2956
1382 315.0
1383 219.0
1384 123.29788
1385 219.0
1386 219.0
1387 0.0
1388 219.0
1389 207.2172
1390 221.86801
1391 220.134
1392 193.83076
1393 110.68553
1394 14.714138
1395 219.0
1396 219.0
1397 137.96588
1398 55.50541
1399 315.0
1400 41.91092
1401 219.0
1402 476.44583
1403 316.134
1404 315.0
1405 315.0
1406 315.0
1407 276.0
1408 275.08856
1409 236.134
1410 236.134
1411 235.0
1412 235.0
1413 235.0
1414 235.0
1415 235.0
1416 235.0
1417 235.0
1418 235.0
1419 235.0
1420 235.0
1421 235.0
1422 235.0
1423 235.0
1424 235.0
1425 235.0
1426 235.0
1427 235.0
1428 235.0
1429 235.0
1430 235.0
1431 235.0
1432 235.0
1433 235.0
1434 235.0
1435 235.0
1436 235.0
1437 235.0
1438 234.75644
1439 227.91035
1440 224.95139
1441 223.34662
1442 223.15924
1443 221.86801
1444 220.134
1445 220.134
1446 220.134
1447 220.134
1448 220.134
1449 220.134
1450 220.134
1451 220.134
1452 186.10573
1453 235.0
1454 235.0
1455 315.0
1456 0.0
1457 273.92767
1458 219.0
1459 278.042
1460 236.134
1461 219.0
1462 219.0
1463 219.0
1464 219.0
1465 235.0
1466 105.64494
1467 206.9905
1468 219.0
1469 146.59987
1470 18.954432
1471 37.94863
1472 126.12099
1473 6.589016
1474 60.084682
1475 235.0
1476 147.79984
1477 219.0
1478 171.17955
1479 219.0
1480 209.59149
1481 235.0
1482 18.735168
1483 225.4702
1484 235.0
1485 219.0
1486 31.4
1487 268.59778
1488 114.13456
1489 235.0
1490 219.0
1491 126.60799
1492 27.102425
1493 30.8
1494 219.0
1495 219.0
1496 276.0
1497 219.0
1498 113.04424
1499 240.12946
1500 131.96739
1501 88.21823
1502 476.44583
1503 316.134
1504 315.0
1505 315.0
1506 315.0
1507 315.0
1508 278.042
1509 276.0
1510 276.0
1511 275.08856
1512 273.92767
1513 268.59778
1514 240.12946
1515 236.134
1516 236.134
1517 236.134
1518 235.0
1519 235.0
1520 235.0
1521 235.0
1522 235.0
1523 235.0
1524 235.0
1525 235.0
1526 235.0
1527 235.0
1528 235.0
1529 235.0
1530 235.0
1531 235.0
1532 235.0
1533 235.0
1534 235.0
1535 235.0
1536 235.0
1537 235.0
1538 235.0
1539 235.0
1540 235.0
1541 235.0
1542 235.0
1543 235.0
1544 235.0
1545 235.0
1546 235.0
1547 235.0
1548 235.0
1549 235.0
1550 235.0
1551 235.0
1552 219.0
1553 189.54703
1554 235.0
1555 32.0
1556 0.0
1557 38.05601
1558 46.599453
1559 115.63284
1560 192.65947
1561 190.53647
1562 219.64493
1563 269.73593
1564 217.82376
1565 151.64474
1566 32.0
1567 32.0
1568 233.77718
1569 109.44526
1570 235.0
1571 235.0
1572 4.3433337
1573 219.0
1574 198.92448
1575 39.74863
1576 219.0
1577 119.666885
1578 120.59715
1579 158.42242
1580 216.78448
1581 219.0
1582 203.58763
1583 30.8
1584 220.134
1585 235.0
1586 219.0
1587 177.39308
1588 48.470924
1589 28.429
1590 235.0
1591 507.0
1592 229.6605
1593 141.35873
1594 235.0
1595 126.99324
1596 235.0
1597 235.0
1598 135.83559
1599 219.0
1600 39.89617
1601 219.0
1602 507.0
1603 507.0
1604 476.44583
1605 316.134
1606 315.0
1607 315.0
1608 315.0
1609 315.0
1610 278.042
1611 276.0
1612 276.0
1613 275.08856
1614 273.92767
1615 269.73593
1616 268.59778
1617 240.12946
1618 236.134
1619 236.134
1620 236.134
1621 235.0
1622 235.0
1623 235.0
1624 235.0
1625 235.0
1626 235.0
1627 235.0
1628 235.0
1629 235.0
1630 235.0
1631 235.0
1632 235.0
1633 235.0
1634 235.0
1635 235.0
1636 235.0
1637 235.0
1638 235.0
1639 235.0
1640 235.0
1641 235.0
1642 235.0
1643 235.0
1644 235.0
1645 235.0
1646 235.0
1647 235.0
1648 235.0
1649 235.0
1650 235.0
1651 235.0
1652 235.0
1653 213.47328
1654 219.0
1655 219.0
1656 195.63145
1657 219.0
1658 48.39217
1659 38.61463
1660 21.052233
1661 150.61047
1662 229.34174
1663 219.0
1664 13.8707
1665 204.89984
1666 259.38214
1667 159.74492
1668 230.89433
1669 212.74536
1670 201.73123
1671 219.0
1672 31.4
1673 219.0
1674 109.349655
1675 219.0
1676 235.0
1677 235.0
1678 220.134
1679 316.134
1680 0.0
1681 235.0
1682 219.0
1683 219.0
1684 35.401997
1685 219.0
1686 197.92497
1687 109.3866
1688 235.0
1689 37.190556
1690 68.7679
1691 235.0
1692 219.0
1693 235.0
1694 219.0
1695 167.65292
1696 506.55484
1697 219.0
1698 219.0
1699 165.26431
1700 315.0
1701 219.0
1702 219.0
1703 507.0
1704 506.55484
1705 476.44583
1706 316.134
1707 316.134
1708 315.0
1709 315.0
1710 315.0
1711 315.0
1712 315.0
1713 278.042
1714 276.0
1715 276.0
1716 275.08856
1717 273.92767
1718 269.73593
1719 268.59778
1720 259.38214
1721 240.12946
1722 236.134
1723 236.134
1724 236.134
1725 235.0
1726 235.0
1727 235.0
1728 235.0
1729 235.0
1730 235.0
1731 235.0
1732 235.0
1733 235.0
1734 235.0
1735 235.0
1736 235.0
1737 235.0
1738 235.0
1739 235.0
1740 235.0
1741 235.0
1742 235.0
1743 235.0
1744 235.0
1745 235.0
1746 235.0
1747 235.0
1748 235.0
1749 235.0
1750 235.0
1751 235.0
1752 235.0
1753 219.0
1754 219.0
1755 20.44675
1756 219.0
1757 30.866
1758 63.314655
1759 141.30998
1760 176.07288
1761 235.0
1762 219.0
1763 126.97286
1764 135.49489
1765 229.40396
1766 222.01868
1767 235.0
1768 219.0
1769 194.75803
1770 235.0
1771 22.934647
1772 219.0
1773 159.86572
1774 219.0
1775 207.07481
1776 235.0
1777 219.0
1778 194.86922
1779 57.31519
1780 220.2406
1781 182.02623
1782 181.38155
1783 219.0
1784 11.375537
1785 219.0
1786 191.89975
1787 235.0
1788 219.0
1789 182.21327
1790 154.47438
1791 220.134
1792 235.0
1793 219.0
1794 211.717
1795 235.0
1796 171.758
1797 219.0
1798 220.134
1799 219.0
1800 130.64203
1801 262.37262
1802 219.0
1803 507.0
1804 506.55484
1805 476.44583
1806 316.134
1807 316.134
1808 315.0
1809 315.0
1810 315.0
1811 315.0
1812 315.0
1813 278.042
1814 276.0
1815 276.0
1816 275.08856
1817 273.92767
1818 269.73593
1819 268.59778
1820 262.37262
1821 259.38214
1822 240.12946
1823 236.134
1824 236.134
1825 236.134
1826 235.0
1827 235.0
1828 235.0
1829 235.0
1830 235.0
1831 235.0
1832 235.0
1833 235.0
1834 235.0
1835 235.0
1836 235.0
1837 235.0
1838 235.0
1839 235.0
1840 235.0
1841 235.0
1842 235.0
1843 235.0
1844 235.0
1845 235.0
1846 235.0
1847 235.0
1848 235.0
1849 235.0
1850 235.0
1851 235.0
1852 235.0
1853 219.0
1854 219.0
1855 201.75633
1856 123.95515
1857 209.13792
1858 202.19626
1859 219.0
1860 219.0
1861 105.4143
1862 365.27142
1863 14.97489
1864 217.2942
1865 69.93388
1866 50.218407
1867 219.0
1868 235.0
1869 235.0
1870 190.86029
1871 41.23667
1872 219.0
1873 31.94772
1874 220.134
1875 81.32744
1876 221.04568
1877 192.84114
1878 193.29306
1879 219.0
1880 37.952583
1881 191.92569
1882 219.0
1883 219.0
1884 219.0
1885 33.551758
1886 235.0
1887 219.0
1888 219.0
1889 60.54468
1890 235.0
1891 67.77342
1892 235.0
1893 235.0
1894 220.134
1895 136.8455
1896 44.793118
1897 208.73524
1898 228.38538
1899 235.0
1900 219.0
1901 186.83662
1902 219.0
1903 507.0
1904 506.55484
1905 476.44583
1906 365.27142
1907 316.134
1908 316.134
1909 315.0
1910 315.0
1911 315.0
1912 315.0
1913 315.0
1914 278.042
1915 276.0
1916 276.0
1917 275.08856
1918 273.92767
1919 269.73593
1920 268.59778
1921 262.37262
1922 259.38214
1923 240.12946
1924 236.134
1925 236.134
1926 236.134
1927 235.0
1928 235.0
1929 235.0
1930 235.0
1931 235.0
1932 235.0
1933 235.0
1934 235.0
1935 235.0
1936 235.0
1937 235.0
1938 235.0
1939 235.0
1940 235.0
1941 235.0
1942 235.0
1943 235.0
1944 235.0
1945 235.0
1946 235.0
1947 235.0
1948 235.0
1949 235.0
1950 235.0
1951 235.0
1952 235.0
1953 235.0
1954 152.23427
1955 121.38026
1956 235.0
1957 0.0
1958 7.833536
1959 219.0
1960 219.0
1961 0.0
1962 219.0
1963 219.0
1964 107.44136
1965 135.66273
1966 70.82884
1967 22.112535
1968 235.0
1969 160.3483
1970 259.54044
1971 204.07924
1972 186.71512
1973 219.0
1974 212.28458
1975 77.13872
1976 29.91548
1977 219.0
1978 196.80588
1979 235.0
1980 219.0
1981 219.0
1982 231.01228
1983 235.85884
1984 134.69673
1985 235.0
1986 218.78922
1987 219.0
1988 222.89438
1989 156.5096
1990 204.73605
1991 260.56638
1992 201.39386
1993 235.0
1994 204.88353
1995 452.0
1996 219.0
1997 235.0
1998 157.12325
1999 115.50105
2000 219.0
2001 235.0
2002 235.0
2003 507.0
2004 506.55484
2005 476.44583
2006 452.0
2007 365.27142
2008 316.134
2009 316.134
2010 315.0
2011 315.0
2012 315.0
2013 315.0
2014 315.0
2015 278.042
2016 276.0
2017 276.0
2018 275.08856
2019 273.92767
2020 269.73593
2021 268.59778
2022 262.37262
2023 260.56638
2024 259.54044
2025 259.38214
2026 240.12946
2027 236.134
2028 236.134
2029 236.134
2030 235.85884
2031 235.0
2032 235.0
2033 235.0
2034 235.0
2035 235.0
2036 235.0
2037 235.0
2038 235.0
2039 235.0
2040 235.0
2041 235.0
2042 235.0
2043 235.0
2044 235.0
2045 235.0
2046 235.0
2047 235.0
2048 235.0
2049 235.0
2050 235.0
2051 235.0
2052 235.0
2053 208.78441
2054 363.74118
2055 36.440933
2056 219.0
2057 104.70879
2058 316.134
2059 167.17535
2060 219.0
2061 220.134
2062 49.285866
2063 129.98804
2064 235.0
2065 37.8683
2066 214.47043
2067 170.74234
2068 39.873413
2069 189.06653
2070 219.0
2071 207.40112
2072 188.86478
2073 220.134
2074 204.68495
2075 230.47688
2076 219.0
2077 35.32767
2078 42.854958
2079 77.41762
2080 187.62312
2081 50.190865
2082 219.0
2083 235.0
2084 235.0
2085 315.0
2086 219.0
2087 235.0
2088 219.50012
2089 219.0
2090 219.0
2091 219.0
2092 235.0
2093 219.0
2094 219.0
2095 230.4812
2096 235.0
2097 117.22033
2098 219.0
2099 235.0
2100 19.898323
2101 215.82726
2102 235.0
2103 507.0
2104 506.55484
2105 476.44583
2106 452.0
2107 365.27142
2108 363.74118
2109 316.134
2110 316.134
2111 316.134
2112 315.0
2113 315.0
2114 315.0
2115 315.0
2116 315.0
2117 315.0
2118 278.042
2119 276.0
2120 276.0
2121 275.08856
2122 273.92767
2123 269.73593
2124 268.59778
2125 262.37262
2126 260.56638
2127 259.54044
2128 259.38214
2129 240.12946
2130 236.134
2131 236.134
2132 236.134
2133 235.85884
2134 235.0
2135 235.0
2136 235.0
2137 235.0
2138 235.0
2139 235.0
2140 235.0
2141 235.0
2142 235.0
2143 235.0
2144 235.0
2145 235.0
2146 235.0
2147 235.0
2148 235.0
2149 235.0
2150 235.0
2151 235.0
2152 235.0
2153 181.96521
2154 145.79132
2155 111.41
2156 219.0
2157 219.0
2158 177.61745
2159 219.0
2160 105.21396
2161 182.76715
2162 219.0
2163 219.0
2164 38.61463
2165 219.0
2166 132.5772
2167 160.52188
2168 235.0
2169 125.19745
2170 235.0
2171 7.587897
2172 147.3559
2173 235.0
2174 255.26753
2175 219.0
2176 119.15846
2177 258.4654
2178 192.30728
2179 219.0
2180 186.8088
2181 235.0
2182 41.085144
2183 134.25168
2184 235.0
2185 219.0
2186 235.94803
2187 219.0
2188 219.0
2189 507.0
2190 235.0
2191 192.98083
2192 235.0
2193 154.22125
2194 235.0
2195 235.0
2196 219.58916
2197 212.62079
2198 165.05249
2199 26.57948
2200 235.0
2201 219.0
2202 235.0
2203 507.0
2204 507.0
2205 506.55484
2206 476.44583
2207 452.0
2208 365.27142
2209 363.74118
2210 316.134
2211 316.134
2212 316.134
2213 315.0
2214 315.0
2215 315.0
2216 315.0
2217 315.0
2218 315.0
2219 278.042
2220 276.0
2221 276.0
2222 275.08856
2223 273.92767
2224 269.73593
2225 268.59778
2226 262.37262
2227 260.56638
2228 259.54044
2229 259.38214
2230 258.4654
2231 255.26753
2232 240.12946
2233 236.134
2234 236.134
2235 236.134
2236 235.94803
2237 235.85884
2238 235.0
2239 235.0
2240 235.0
2241 235.0
2242 235.0
2243 235.0
2244 235.0
2245 235.0
2246 235.0
2247 235.0
2248 235.0
2249 235.0
2250 235.0
2251 235.0
2252 235.0
2253 219.0
2254 315.0
2255 235.0
2256 0.0
2257 219.0
2258 219.0
2259 176.14655
2260 171.57297
2261 140.97806
2262 185.19879
2263 316.134
2264 219.0
2265 219.0
2266 153.6356
2267 235.0
2268 141.95358
2269 120.47813
2270 189.97314
2271 219.0
2272 275.12955
2273 172.91684
2274 219.0
2275 235.0
2276 195.258
2277 235.0
2278 235.0
2279 39.880634
2280 185.597
2281 212.02489
2282 217.16058
2283 27.119366
2284 205.50208
2285 110.11265
2286 219.0
2287 173.69165
2288 61.9776
2289 235.0
2290 31.949825
2291 219.0
2292 183.47763
2293 147.33714
2294 219.0
2295 174.20132
2296 219.0
2297 219.0
2298 235.0
2299 235.0
2300 316.134
2301 219.0
2302 54.28875
2303 507.0
2304 507.0
2305 506.55484
2306 476.44583
2307 452.0
2308 365.27142
2309 363.74118
2310 316.134
2311 316.134
2312 316.134
2313 316.134
2314 316.134
2315 315.0
2316 315.0
2317 315.0
2318 315.0
2319 315.0
2320 315.0
2321 315.0
2322 278.042
2323 276.0
2324 276.0
2325 275.12955
2326 275.08856
2327 273.92767
2328 269.73593
2329 268.59778
2330 262.37262
2331 260.56638
2332 259.54044
2333 259.38214
2334 258.4654
2335 255.26753
2336 240.12946
2337 236.134
2338 236.134
2339 236.134
2340 235.94803
2341 235.85884
2342 235.0
2343 235.0
2344 235.0
2345 235.0
2346 235.0
2347 235.0
2348 235.0
2349 235.0
2350 235.0
2351 235.0
2352 235.0
2353 315.0
2354 147.11295
2355 219.0
2356 199.80849
2357 220.134
2358 219.0
2359 220.134
2360 44.635353
2361 235.0
2362 219.0
2363 127.35857
2364 315.0
2365 236.134
2366 60.297047
2367 219.0
2368 123.99657
2369 219.0
2370 235.0
2371 210.54984
2372 151.81306
2373 235.0
2374 229.16927
2375 159.31377
2376 19.25919
2377 219.0
2378 235.0
2379 235.0
2380 157.08743
2381 153.07959
2382 235.0
2383 235.0
2384 227.35101
2385 219.0
2386 134.83495
2387 220.134
2388 171.09619
2389 43.988956
2390 235.0
2391 235.0
2392 220.134
2393 206.79697
2394 213.2941
2395 235.0
2396 219.0
2397 235.0
2398 235.0
2399 191.65521
2400 0.0
2401 465.6332
2402 267.0525
2403 507.0
2404 507.0
2405 506.55484
2406 476.44583
2407 465.6332
2408 452.0
2409 365.27142
2410 363.74118
2411 316.134
2412 316.134
2413 316.134
2414 316.134
2415 316.134
2416 315.0
2417 315.0
2418 315.0
2419 315.0
2420 315.0
2421 315.0
2422 315.0
2423 315.0
2424 315.0
2425 278.042
2426 276.0
2427 276.0
2428 275.12955
2429 275.08856
2430 273.92767
2431 269.73593
2432 268.59778
2433 267.0525
2434 262.37262
2435 260.56638
2436 259.54044
2437 259.38214
2438 258.4654
2439 255.26753
2440 240.12946
2441 236.134
2442 236.134
2443 236.134
2444 236.134
2445 235.94803
2446 235.85884
2447 235.0
2448 235.0
2449 235.0
2450 235.0
2451 235.0
2452 235.0
2453 235.0
2454 274.55273
2455 219.0
2456 33.35613
2457 178.37477
2458 452.0
2459 213.86606
2460 191.38692
2461 219.0
2462 315.0
2463 0.0
2464 219.0
2465 205.19662
2466 236.134
2467 315.0
2468 146.61458
2469 219.0
2470 219.0
2471 192.6911
2472 219.0
2473 164.87563
2474 219.0
2475 77.97038
2476 211.7824
2477 219.0
2478 185.35571
2479 316.134
2480 31.599184
2481 219.0
2482 207.14378
2483 219.0
2484 108.962654
2485 220.2957
2486 219.0
2487 34.268
2488 34.520744
2489 235.0
2490 219.0
2491 40.122044
2492 75.54636
2493 219.0
2494 236.134
2495 219.0
2496 95.23341
2497 219.0
2498 126.40038
2499 220.134
2500 43.78139
2501 209.82994
2502 235.0
2503 507.0
2504 507.0
2505 506.55484
2506 476.44583
2507 465.6332
2508 452.0
2509 452.0
2510 365.27142
2511 363.74118
2512 316.134
2513 316.134
2514 316.134
2515 316.134
2516 316.134
2517 316.134
2518 315.0
2519 315.0
2520 315.0
2521 315.0
2522 315.0
2523 315.0
2524 315.0
2525 315.0
2526 315.0
2527 315.0
2528 315.0
2529 278.042
2530 276.0
2531 276.0
2532 275.12955
2533 275.08856
2534 274.55273
2535 273.92767
2536 269.73593
2537 268.59778
2538 267.0525
2539 262.37262
2540 260.56638
2541 259.54044
2542 259.38214
2543 258.4654
2544 255.26753
2545 240.12946
2546 236.134
2547 236.134
2548 236.134
2549 236.134
2550 236.134
2551 236.134
2552 235.94803
2553 235.0
2554 219.0
2555 204.12906
2556 61.861874
2557 219.0
2558 219.0
2559 502.01953
2560 213.31152
2561 219.0
2562 235.0
2563 219.0
2564 219.0
2565 235.0
2566 121.86248
2567 220.134
2568 234.30005
2569 132.56158
2570 252.47731
2571 194.58002
2572 53.50826
2573 235.0
2574 315.0
2575 236.134
2576 142.44914
2577 177.1431
2578 235.0
2579 219.0
2580 219.0
2581 219.1622
2582 32.0
2583 0.0
2584 235.0
2585 219.0
2586 223.53976
2587 235.0
2588 235.0
2589 219.0
2590 219.0
2591 219.0
2592 36.4048
2593 185.10359
2594 235.0
2595 178.319
2596 250.05902
2597 207.43285
2598 45.470657
2599 187.7858
2600 235.0
2601 74.77885
2602 219.0
2603 507.0
2604 507.0
2605 506.55484
2606 502.01953
2607 476.44583
2608 465.6332
2609 452.0
2610 452.0
2611 365.27142
2612 363.74118
2613 316.134
2614 316.134
2615 316.134
2616 316.134
2617 316.134
2618 316.134
2619 315.0
2620 315.0
2621 315.0
2622 315.0
2623 315.0
2624 315.0
2625 315.0
2626 315.0
2627 315.0
2628 315.0
2629 315.0
2630 315.0
2631 278.042
2632 276.0
2633 276.0
2634 275.12955
2635 275.08856
2636 274.55273
2637 273.92767
2638 269.73593
2639 268.59778
2640 267.0525
2641 262.37262
2642 260.56638
2643 259.54044
2644 259.38214
2645 258.4654
2646 255.26753
2647 252.47731
2648 250.05902
2649 240.12946
2650 236.134
2651 236.134
2652 236.134
2653 235.0
2654 315.0
2655 166.57806
2656 235.0
2657 235.0
2658 315.0
2659 219.0
2660 219.0
2661 36.579765
2662 222.01657
2663 228.14914
2664 135.3245
2665 280.93893
2666 235.0
2667 233.90338
2668 189.18558
2669 507.0
2670 235.0
2671 302.24976
2672 235.0
2673 219.0
2674 214.66508
2675 235.0
2676 178.06235
2677 218.99089
2678 137.06915
2679 182.80473
2680 219.0
2681 30.085232
2682 129.01201
2683 158.90164
2684 240.65495
2685 200.92114
2686 276.0
2687 219.0
2688 185.96898
2689 235.0
2690 235.0
2691 220.134
2692 141.65306
2693 219.0
2694 3.8090029
2695 220.134
2696 197.71977
2697 235.0
2698 315.0
2699 179.16418
2700 219.0
2701 14.158474
2702 190.60808
2703 507.0
2704 507.0
2705 507.0
2706 506.55484
2707 502.01953
2708 476.44583
2709 465.6332
2710 452.0
2711 452.0
2712 365.27142
2713 363.74118
2714 316.134
2715 316.134
2716 316.134
2717 316.134
2718 316.134
2719 316.134
2720 315.0
2721 315.0
2722 315.0
2723 315.0
2724 315.0
2725 315.0
2726 315.0
2727 315.0
2728 315.0
2729 315.0
2730 315.0
2731 315.0
2732 315.0
2733 315.0
2734 315.0
2735 302.24976
2736 280.93893
2737 278.042
2738 276.0
2739 276.0
2740 276.0
2741 275.12955
2742 275.08856
2743 274.55273
2744 273.92767
2745 269.73593
2746 268.59778
2747 267.0525
2748 262.37262
2749 260.56638
2750 259.54044
2751 259.38214
2752 258.4654
2753 235.0
2754 315.0
2755 149.9456
2756 182.5592
2757 219.0
2758 219.0
2759 79.85085
2760 219.0
2761 455.4509
2762 220.134
2763 219.0
2764 235.0
2765 31.934
2766 277.20682
2767 235.0
2768 202.56969
2769 86.89104
2770 235.0
2771 175.29755
2772 235.0
2773 186.22844
2774 315.0
2775 235.0
2776 234.87227
2777 236.134
2778 82.60022
2779 235.0
2780 149.69368
2781 231.61339
2782 219.0
2783 235.0
2784 19.797064
2785 219.0
2786 315.0
2787 102.54649
2788 235.0
2789 235.0
2790 158.42892
2791 0.0
2792 164.56949
2793 219.0
2794 219.0
2795 235.0
2796 215.92786
2797 219.0
2798 2.314515
2799 235.0
2800 261.78934
2801 219.0
2802 235.0
2803 507.0
2804 507.0
2805 507.0
2806 506.55484
2807 502.01953
2808 476.44583
2809 465.6332
2810 455.4509
2811 452.0
2812 452.0
2813 365.27142
2814 363.74118
2815 316.134
2816 316.134
2817 316.134
2818 316.134
2819 316.134
2820 316.134
2821 315.0
2822 315.0
2823 315.0
2824 315.0
2825 315.0
2826 315.0
2827 315.0
2828 315.0
2829 315.0
2830 315.0
2831 315.0
2832 315.0
2833 315.0
2834 315.0
2835 315.0
2836 315.0
2837 315.0
2838 315.0
2839 302.24976
2840 280.93893
2841 278.042
2842 277.20682
2843 276.0
2844 276.0
2845 276.0
2846 275.12955
2847 275.08856
2848 274.55273
2849 273.92767
2850 269.73593
2851 268.59778
2852 267.0525
2853 235.0
2854 238.87685
2855 152.38284
2856 235.0
2857 219.0
2858 152.45284
2859 187.2999
2860 27.905481
2861 219.0
2862 235.0
2863 219.0
2864 174.9303
2865 113.31504
2866 219.0
2867 219.0
2868 220.134
2869 316.134
2870 36.34587
2871 15.422626
2872 356.0
2873 29.731998
2874 315.0
2875 316.134
2876 180.52428
2877 294.38507
2878 235.0
2879 122.130165
2880 235.0
2881 316.134
2882 315.0
2883 48.151863
2884 219.0
2885 219.0
2886 211.10063
2887 219.0
2888 235.0
2889 219.0
2890 287.35477
2891 42.079117
2892 219.0
2893 233.866
2894 216.51183
2895 235.0
2896 9.186886
2897 4.460501
2898 300.8682
2899 219.0
2900 218.72339
2901 219.0
2902 219.0
2903 507.0
2904 507.0
2905 507.0
2906 506.55484
2907 502.01953
2908 476.44583
2909 465.6332
2910 455.4509
2911 452.0
2912 452.0
2913 365.27142
2914 363.74118
2915 356.0
2916 316.134
2917 316.134
2918 316.134
2919 316.134
2920 316.134
2921 316.134
2922 316.134
2923 316.134
2924 316.134
2925 315.0
2926 315.0
2927 315.0
2928 315.0
2929 315.0
2930 315.0
2931 315.0
2932 315.0
2933 315.0
2934 315.0
2935 315.0
2936 315.0
2937 315.0
2938 315.0
2939 315.0
2940 315.0
2941 315.0
2942 315.0
2943 315.0
2944 315.0
2945 302.24976
2946 300.8682
2947 294.38507
2948 287.35477
2949 280.93893
2950 278.042
2951 277.20682
2952 276.0
2953 315.0
2954 305.74408
2955 315.0
2956 174.18512
2957 23.206064
2958 352.90067
2959 235.0
2960 411.71732
2961 219.51097
2962 70.31836
2963 316.134
2964 174.8291
2965 235.0
2966 220.134
2967 130.64006
2968 316.134
2969 200.21165
2970 237.67729
2971 12.0761795
2972 17.694742
2973 72.799324
2974 219.0
2975 276.0
2976 235.0
2977 219.0
2978 116.45698
2979 230.9233
2980 78.77137
2981 219.0
2982 122.11364
2983 235.0
2984 259.5503
2985 80.12443
2986 315.0
2987 219.0
2988 201.30194
2989 219.0
2990 193.50395
2991 235.0
2992 219.0
2993 219.0
2994 315.0
2995 233.19273
2996 235.0
2997 70.851204
2998 219.0
2999 43.88468
3000 120.73576
3001 15.598865
3002 129.27682
3003 507.0
3004 507.0
3005 507.0
3006 506.55484
3007 502.01953
3008 476.44583
3009 465.6332
3010 455.4509
3011 452.0
3012 452.0
3013 411.71732
3014 365.27142
3015 363.74118
3016 356.0
3017 352.90067
3018 316.134
3019 316.134
3020 316.134
3021 316.134
3022 316.134
3023 316.134
3024 316.134
3025 316.134
3026 316.134
3027 316.134
3028 316.134
3029 315.0
3030 315.0
3031 315.0
3032 315.0
3033 315.0
3034 315.0
3035 315.0
3036 315.0
3037 315.0
3038 315.0
3039 315.0
3040 315.0
3041 315.0
3042 315.0
3043 315.0
3044 315.0
3045 315.0
3046 315.0
3047 315.0
3048 315.0
3049 315.0
3050 315.0
3051 315.0
3052 315.0
3053 219.0
3054 507.0
3055 157.26012
3056 133.18347
3057 134.56105
3058 40.948627
3059 219.0
3060 219.0
3061 220.134
3062 235.0
3063 27.041801
3064 196.11902
3065 175.4576
3066 66.22899
3067 178.95541
3068 235.0
3069 235.0
3070 315.0
3071 179.91943
3072 219.0
3073 219.0
3074 235.0
3075 220.134
3076 315.0
3077 235.0
3078 43.563633
3079 219.0
3080 117.906494
3081 39.774616
3082 235.0
3083 148.20135
3084 235.0
3085 216.97464
3086 119.017456
3087 169.5321
3088 171.96591
3089 16.177734
3090 315.0
3091 235.0
3092 315.0
3093 219.0
3094 220.134
3095 138.80956
3096 315.0
3097 219.0
3098 315.0
3099 235.0
3100 29.731998
3101 210.24364
3102 316.134
3103 507.0
3104 507.0
3105 507.0
3106 507.0
3107 506.55484
3108 502.01953
3109 476.44583
3110 465.6332
3111 455.4509
3112 452.0
3113 452.0
3114 411.71732
3115 365.27142
3116 363.74118
3117 356.0
3118 352.90067
3119 316.134
3120 316.134
3121 316.134
3122 316.134
3123 316.134
3124 316.134
3125 316.134
3126 316.134
3127 316.134
3128 316.134
3129 316.134
3130 316.134
3131 315.0
3132 315.0
3133 315.0
3134 315.0
3135 315.0
3136 315.0
3137 315.0
3138 315.0
3139 315.0
3140 315.0
3141 315.0
3142 315.0
3143 315.0
3144 315.0
3145 315.0
3146 315.0
3147 315.0
3148 315.0
3149 315.0
3150 315.0
3151 315.0
3152 315.0
3153 224.32542
3154 141.4177
3155 131.35434
3156 219.0
3157 235.0
3158 507.0
3159 177.8588
3160 190.70296
3161 219.0
3162 220.134
3163 145.1913
3164 351.21133
3165 262.2629
3166 153.89401
3167 117.880745
3168 16.632322
3169 164.16992
3170 186.82036
3171 235.0
3172 167.80011
3173 13.195159
3174 104.91981
3175 315.0
3176 235.0
3177 219.0
3178 55.72919
3179 219.0
3180 64.427
3181 170.55179
3182 65.505844
3183 235.0
3184 219.0
3185 219.0
3186 315.0
3187 99.21049
3188 315.0
3189 232.95958
3190 311.1301
3191 76.53
3192 219.0
3193 118.56175
3194 170.95888
3195 0.0
3196 89.61205
3197 303.7834
3198 315.0
3199 208.92155
3200 269.66943
3201 220.134
3202 235.0
3203 507.0
3204 507.0
3205 507.0
3206 507.0
3207 507.0
3208 506.55484
3209 502.01953
3210 476.44583
3211 465.6332
3212 455.4509
3213 452.0
3214 452.0
3215 411.71732
3216 365.27142
3217 363.74118
3218 356.0
3219 352.90067
3220 351.21133
3221 316.134
3222 316.134
3223 316.134
3224 316.134
3225 316.134
3226 316.134
3227 316.134
3228 316.134
3229 316.134
3230 316.134
3231 316.134
3232 316.134
3233 315.0
3234 315.0
3235 315.0
3236 315.0
3237 315.0
3238 315.0
3239 315.0
3240 315.0
3241 315.0
3242 315.0
3243 315.0
3244 315.0
3245 315.0
3246 315.0
3247 315.0
3248 315.0
3249 315.0
3250 315.0
3251 315.0
3252 315.0
3253 272.03967
3254 235.0
3255 151.43924
3256 219.0
3257 219.0
3258 219.0
3259 219.0
3260 176.48528
3261 219.0
3262 220.134
3263 235.0
3264 235.0
3265 177.89896
3266 43.87962
3267 191.88786
3268 356.0
3269 219.0
3270 371.07718
3271 199.64304
3272 219.0
3273 34.392742
3274 370.4021
3275 202.95677
3276 151.52289
3277 276.0
3278 315.0
3279 10.386561
3280 219.0
3281 121.23583
3282 201.43016
3283 117.59872
3284 215.73586
3285 235.0
3286 39.785442
3287 187.06363
3288 248.45456
3289 315.0
3290 356.0
3291 219.0
3292 235.0
3293 174.88965
3294 235.0
3295 236.134
3296 219.0
3297 291.61993
3298 141.67143
3299 315.0
3300 144.96138
3301 113.01551
3302 235.0
3303 507.0
3304 507.0
3305 507.0
3306 507.0
3307 507.0
3308 506.55484
3309 502.01953
3310 476.44583
3311 465.6332
3312 455.4509
3313 452.0
3314 452.0
3315 411.71732
3316 371.07718
3317 370.4021
3318 365.27142
3319 363.74118
3320 356.0
3321 356.0
3322 356.0
3323 352.90067
3324 351.21133
3325 316.134
3326 316.134
3327 316.134
3328 316.134
3329 316.134
3330 316.134
3331 316.134
3332 316.134
3333 316.134
3334 316.134
3335 316.134
3336 316.134
3337 315.0
3338 315.0
3339 315.0
3340 315.0
3341 315.0
3342 315.0
3343 315.0
3344 315.0
3345 315.0
3346 315.0
3347 315.0
3348 315.0
3349 315.0
3350 315.0
3351 315.0
3352 315.0
3353 315.0
3354 267.00735
3355 136.08638
3356 263.8197
3357 214.18187
3358 219.0
3359 126.60925
3360 106.75751
3361 219.0
3362 218.15845
3363 219.0
3364 255.03812
3365 219.0
3366 177.15413
3367 315.0
3368 219.0
3369 128.40846
3370 235.0
3371 122.682205
3372 315.0
3373 315.0
3374 174.11171
3375 219.0
3376 219.0
3377 211.37859
3378 219.0
3379 21.156683
3380 235.0
3381 107.47761
3382 177.83635
3383 448.70142
3384 153.16174
3385 315.0
3386 219.0
3387 235.0
3388 21.079845
3389 219.0
3390 315.0
3391 202.13103
3392 235.0
3393 315.0
3394 235.0
3395 27.600952
3396 315.0
3397 37.42052
3398 219.0
3399 273.0876
3400 235.0
3401 315.0
3402 315.0
3403 507.0
3404 507.0
3405 507.0
3406 507.0
3407 507.0
3408 506.55484
3409 502.01953
3410 476.44583
3411 465.6332
3412 455.4509
3413 452.0
3414 452.0
3415 448.70142
3416 411.71732
3417 371.07718
3418 370.4021
3419 365.27142
3420 363.74118
3421 356.0
3422 356.0
3423 356.0
3424 352.90067
3425 351.21133
3426 316.134
3427 316.134
3428 316.134
3429 316.134
3430 316.134
3431 316.134
3432 316.134
3433 316.134
3434 316.134
3435 316.134
3436 316.134
3437 316.134
3438 315.0
3439 315.0
3440 315.0
3441 315.0
3442 315.0
3443 315.0
3444 315.0
3445 315.0
3446 315.0
3447 315.0
3448 315.0
3449 315.0
3450 315.0
3451 315.0
3452 315.0
3453 219.0
3454 147.58878
3455 235.0
3456 261.494
3457 64.43679
3458 219.0
3459 128.695
3460 219.0
3461 198.85434
3462 219.0
3463 220.134
3464 219.0
3465 219.0
3466 219.0
3467 235.0
3468 220.134
3469 35.343258
3470 176.5263
3471 219.0
3472 219.0
3473 315.0
3474 219.0
3475 144.23055
3476 228.38538
3477 235.0
3478 219.0
3479 315.0
3480 170.37645
3481 37.28865
3482 228.38538
3483 274.0856
3484 315.0
3485 19.376974
3486 225.72461
3487 14.335981
3488 316.134
3489 180.44878
3490 192.42252
3491 51.541077
3492 235.0
3493 315.0
3494 235.0
3495 235.0
3496 315.0
3497 235.0
3498 76.64146
3499 127.79938
3500 235.0
3501 315.0
3502 235.0
3503 507.0
3504 507.0
3505 507.0
3506 507.0
3507 507.0
3508 506.55484
3509 502.01953
3510 476.44583
3511 465.6332
3512 455.4509
3513 452.0
3514 452.0
3515 448.70142
3516 411.71732
3517 371.07718
3518 370.4021
3519 365.27142
3520 363.74118
3521 356.0
3522 356.0
3523 356.0
3524 352.90067
3525 351.21133
3526 316.134
3527 316.134
3528 316.134
3529 316.134
3530 316.134
3531 316.134
3532 316.134
3533 316.134
3534 316.134
3535 316.134
3536 316.134
3537 316.134
3538 316.134
3539 315.0
3540 315.0
3541 315.0
3542 315.0
3543 315.0
3544 315.0
3545 315.0
3546 315.0
3547 315.0
3548 315.0
3549 315.0
3550 315.0
3551 315.0
3552 315.0
3553 235.0
3554 507.0
3555 315.0
3556 225.61462
3557 61.583557
3558 219.0
3559 235.0
3560 107.922424
3561 219.0
3562 220.134
3563 235.0
3564 219.0
3565 507.0
3566 212.14914
3567 235.0
3568 315.0
3569 219.0
3570 97.17561
3571 219.0
3572 54.029015
3573 282.44385
3574 38.61463
3575 21.045948
3576 271.02765
3577 315.0
3578 235.0
3579 20.883427
3580 295.81543
3581 219.0
3582 235.0
3583 62.608612
3584 3.596346
3585 235.0
