1 203.0
2 11.8601055
3 143.5939
4 77.556
5 162.38794
6 198.93852
7 203.0
8 0.0
9 64.84484
10 0.0
11 83.10018
12 0.0
13 95.44615
14 0.0
15 0.0
16 7.883003
17 15.300648
18 10.1669855
19 36.108795
20 112.006615
21 0.0
22 0.0
23 87.29139
24 17.596357
25 9.298518
26 54.524796
27 0.0
28 125.41572
29 24.303759
30 0.0
31 14.429698
32 0.0
33 6.6146307
34 203.0
35 140.70271
36 139.0631
37 72.71633
38 0.0
39 13.934482
40 10.890604
41 88.06716
42 0.48750472
43 115.99396
44 0.0
45 59.82808
46 4.5856657
47 1.1340001
48 0.0
49 141.5814
50 17.799025
51 33.718735
52 42.952274
53 0.0
54 17.708988
55 155.6
56 203.0
57 0.0
58 47.862156
59 78.22087
60 8.895623
61 11.297363
62 81.31411
63 249.25021
64 0.0
65 12.217734
66 59.630707
67 8.128966
68 4.5099783
69 97.670906
70 70.22145
71 133.4034
72 75.41757
73 67.15542
74 0.6
75 203.0
76 152.78499
77 7.68539
78 0.0
79 0.53400004
80 1.6680001
81 0.0
82 6.0501966
83 0.0
84 142.07558
85 124.70658
86 204.134
87 0.0
88 173.47334
89 44.557358
90 125.63696
91 41.44502
92 72.90361
93 52.78851
94 8.325969
95 405.98178
96 23.717115
97 43.184055
98 203.0
99 48.504063
100 18.905832
101 3.4680002
102 316.92087
103 101.42543
104 164.0
105 188.73401
106 155.6
107 226.63464
108 219.0
109 219.0
110 407.04398
111 164.0
112 219.0
113 122.29054
114 276.0
115 164.0
116 12.787513
117 151.68034
118 255.7755
119 51.070686
120 20.352585
121 3.3432603
122 153.1039
123 155.6
124 155.0
125 71.6084
126 220.134
127 331.6
128 65.20842
129 0.0
130 0.0
131 25.427399
132 219.0
133 0.0
134 127.57224
135 155.0
136 50.061085
137 0.0
138 0.0
139 0.0
140 0.0
141 0.0
142 363.0
143 20.588806
144 67.26409
145 2.2680001
146 56.700935
147 155.0
148 17.24442
149 0.0
150 89.52396
151 0.0
152 442.6838
153 143.79791
154 173.81686
155 199.93665
156 0.0
157 19.09368
158 138.97221
159 112.324585
160 276.0
161 155.0
162 94.655876
163 113.819435
164 219.0
165 0.0
166 41.698814
167 155.6
168 186.70175
169 86.00974
170 43.47245
171 0.0
172 219.0
173 146.96632
174 46.422142
175 10.780591
176 0.0
177 83.9782
178 0.0
179 101.50808
180 170.11887
181 0.0
182 99.19617
183 0.0
184 0.0
185 44.775616
186 219.0
187 103.44472
188 30.35994
189 0.0
190 172.19435
191 0.0
192 86.26641
193 95.679405
194 316.52118
195 0.0
196 78.78474
197 285.268
198 77.64542
199 0.0
200 0.0
201 240.20262
202 239.18878
203 180.65697
204 401.37747
205 238.97083
206 379.89008
207 475.46835
208 225.77104
209 22.892174
210 376.10358
211 66.923004
212 290.36792
213 162.69583
214 375.6589
215 54.176247
216 266.03537
217 201.4571
218 268.134
219 267.0
220 256.9184
221 74.47792
222 295.99866
223 244.60495
224 56.278625
225 200.40001
226 252.61407
227 23.00335
228 121.407974
229 303.84677
230 257.449
231 267.6
232 78.15154
233 199.02388
234 54.512093
235 110.565094
236 195.84813
237 259.83157
238 267.0
239 336.83167
240 0.0
241 60.310776
242 254.94254
243 228.75763
244 234.47612
245 127.122795
246 80.455284
247 106.29958
248 57.50432
249 118.43992
250 16.015488
251 384.36697
252 238.33075
253 242.58699
254 296.18158
255 215.26782
256 267.6
257 0.0
258 286.31995
259 212.0
260 291.21085
261 50.82387
262 53.728962
263 58.077858
264 53.641766
265 235.75772
266 273.68652
267 267.6
268 0.0
269 0.0
270 60.254612
271 86.26041
272 222.86911
273 19.674675
274 207.55263
275 0.0
276 1.7173939
277 0.0
278 104.30169
279 434.6713
280 246.10733
281 22.037594
282 410.6382
283 385.3938
284 20.906002
285 62.32537
286 103.59813
287 94.23054
288 284.47403
289 256.72055
290 0.0
291 19.302364
292 267.0
293 257.29324
294 221.88072
295 70.00882
296 124.300606
297 38.613873
298 35.480473
299 78.60974
300 55.377
301 55.745228
302 226.97055
303 205.18845
304 231.05609
305 58.939552
306 251.0
307 18.290997
308 462.9106
309 64.91418
310 244.958
311 106.73545
312 150.54138
313 102.13194
314 172.6681
315 74.61236
316 164.64838
317 242.64919
318 0.0
319 221.9596
320 164.17868
321 178.85423
322 118.96126
323 180.28017
324 53.286873
325 213.08076
326 198.02567
327 64.67014
328 68.04163
329 147.4292
330 78.11273
331 160.5028
332 191.92534
333 12.000549
334 165.9974
335 232.19576
336 129.60095
337 217.63351
338 125.31689
339 227.5528
340 244.43336
341 165.9848
342 66.08864
343 166.09444
344 136.87492
345 81.364784
346 121.325935
347 135.10068
348 6.6146307
349 49.173717
350 234.83539
351 86.3546
352 30.902729
353 235.11699
354 94.84765
355 251.0
356 217.73825
357 248.91698
358 85.625496
359 15.722091
360 229.37108
361 86.4398
362 54.665104
363 0.0
364 42.4043
365 151.45865
366 22.29196
367 224.7604
368 85.27257
369 150.72192
370 114.675735
371 243.03065
372 54.113747
373 29.665998
374 36.264717
375 166.25787
376 408.08112
377 39.00866
378 140.61432
379 109.74872
380 113.746506
381 34.073647
382 122.613945
383 39.967514
384 27.300886
385 234.65518
386 51.681713
387 228.40231
388 28.215683
389 45.430634
390 114.80771
391 238.69025
392 63.461494
393 0.0
394 8.127981
395 83.96711
396 2.2680001
397 74.44411
398 69.34404
399 57.803978
400 227.68561
401 80.76315
402 152.22372
403 181.52608
404 203.0
405 149.04544
406 203.0
407 203.0
408 203.0
409 203.0
410 217.36935
411 175.8589
412 87.80465
413 106.38257
414 203.0
415 203.0
416 315.0
417 203.0
418 203.0
419 74.75731
420 423.3526
421 203.0
422 203.0
423 203.0
424 81.86497
425 176.76895
426 230.75485
427 117.96428
428 178.63054
429 155.62238
430 203.0
431 83.86365
432 119.030426
433 129.3528
434 143.1868
435 203.0
436 127.30131
437 203.0
438 203.0
439 131.62234
440 203.0
441 315.79617
442 130.35019
443 57.2155
444 118.48722
445 138.80745
446 87.2975
447 156.05428
448 127.93695
449 0.0
450 168.65117
451 0.0
452 62.231007
453 235.15936
454 203.0
455 34.334
456 203.0
457 31.83443
458 203.0
459 204.134
460 20.116932
461 203.0
462 154.19019
463 144.60207
464 0.0
465 114.304
466 289.76404
467 203.0
468 122.388985
469 159.43651
470 139.63718
471 89.69756
472 115.34918
473 203.0
474 0.0
475 158.63023
476 138.88242
477 187.42033
478 191.141
479 0.9524829
480 35.758884
481 0.0
482 12.629541
483 1.1340001
484 32.090565
485 427.0
486 0.0
487 91.79805
488 76.20762
489 101.549164
490 139.06703
491 240.64268
492 78.69234
493 48.886482
494 104.23039
495 84.017654
496 3.978962
497 79.07131
498 2.0662303
499 3.4680002
500 203.0
501 235.0
502 296.6887
503 363.97125
504 235.0
505 171.0
506 102.202095
507 171.0
508 171.0
509 171.0
510 372.01703
511 301.5412
512 167.85338
513 235.0
514 171.0
515 171.0
516 125.29935
517 171.6
518 235.0
519 171.0
520 357.028
521 171.6
522 235.0
523 172.2
524 171.0
525 127.32471
526 118.50456
527 171.0
528 118.37781
529 93.55266
530 171.0
531 358.88858
532 171.95122
533 171.0
534 171.0
535 151.2074
536 84.08943
537 235.0
538 171.0
539 171.0
540 171.0
541 48.159416
542 171.0
543 6.450247
544 221.35663
545 121.89323
546 104.34636
547 252.75696
548 171.0
549 171.0
550 119.818756
551 359.47327
552 86.84383
553 0.0
554 235.0
555 172.134
556 218.69112
557 333.9309
558 235.0
559 4.288929
560 235.0
561 171.0
562 0.0
563 171.0
564 157.50916
565 183.6135
566 363.0
567 171.6
568 171.0
569 352.92197
570 342.39658
571 30.207647
572 172.134
573 159.32568
574 144.86128
575 133.66875
576 110.58154
577 171.0
578 81.325035
579 171.0
580 55.828644
581 172.134
582 360.36636
583 148.86128
584 179.42935
585 235.0
586 148.6137
587 235.0
588 29.76118
589 113.48395
590 235.0
591 28.75455
592 42.196518
593 65.58427
594 61.416206
595 171.0
596 99.36817
597 175.47726
598 155.63799
599 22.408005
600 171.0
601 216.90327
602 152.69687
603 313.8
604 212.38538
605 458.3949
606 220.134
607 219.0
608 219.0
609 219.0
610 219.0
611 219.0
612 219.0
613 304.64398
614 168.25124
615 219.0
616 219.0
617 153.17831
618 240.05548
619 218.69586
620 219.0
621 219.0
622 219.0
623 185.82932
624 219.72806
625 219.0
626 219.0
627 86.144646
628 208.84875
629 213.6118
630 459.0
631 219.0
632 177.12355
633 219.0
634 166.20406
635 219.0
636 292.23892
637 219.0
638 219.0
639 72.82039
640 315.6
641 219.0
642 304.74786
643 219.0
644 169.66173
645 182.35413
646 219.0
647 219.0
648 219.0
649 151.55649
650 267.59396
651 220.134
652 115.88642
653 315.0
654 219.0
655 108.55671
656 220.134
657 218.71425
658 175.81206
659 129.20227
660 219.0
661 276.0
662 236.72954
663 297.74127
664 180.25027
665 219.0
666 117.43295
667 30.658955
668 223.47604
669 204.38
670 278.7984
671 219.0
672 219.0
673 219.0
674 177.09941
675 219.0
676 219.0
677 315.0
678 219.0
679 219.0
680 219.0
681 219.0
682 36.31268
683 67.42419
684 0.0
685 219.0
686 315.0
687 176.08449
688 315.0
689 46.31519
690 255.51418
691 175.20103
692 174.80444
693 219.0
694 219.0
695 219.0
696 197.76239
697 18.431782
698 173.29633
699 131.56932
700 70.83298
701 254.52997
702 267.0
703 203.0
704 203.0
705 78.39269
706 57.782024
707 192.76007
708 263.99472
709 243.09474
710 203.0
711 235.94994
712 262.33627
713 91.08113
714 250.83661
715 170.01369
716 184.80452
717 209.50792
718 73.8604
719 210.05717
720 250.5065
721 102.4753
722 204.134
723 159.73395
724 244.76587
725 129.86981
726 202.20392
727 156.70724
728 238.03125
729 249.5728
730 264.83307
731 207.68289
732 248.92653
733 267.0
734 229.80894
735 53.468147
736 256.1711
737 64.568306
738 161.88509
739 267.0
740 78.434814
741 154.66464
742 47.252632
743 180.0
744 67.91993
745 243.45662
746 170.8726
747 124.364655
748 186.61462
749 190.41931
750 244.36612
751 165.56055
752 261.6788
753 216.1687
754 262.3181
755 43.857037
756 245.53925
757 80.792984
758 19.987925
759 241.96362
760 199.04898
761 233.89964
762 101.29633
763 94.03493
764 249.50143
765 171.88188
766 14.335591
767 203.0
768 115.19831
769 259.52377
770 247.01729
771 21.676542
772 33.2
773 155.6937
774 192.99434
775 203.0
776 43.66993
777 68.25753
778 91.51173
779 203.0
780 68.08795
781 252.73828
782 55.277878
783 252.80475
784 251.54904
785 68.15721
786 245.69873
787 46.326504
788 31.366056
789 262.53204
790 262.3354
791 109.28248
792 249.94635
793 234.32317
794 99.96369
795 57.854027
796 120.912445
797 77.78522
798 59.20386
799 191.1565
800 186.53838
801 553.7048
802 603.0
803 219.0
804 71.56468
805 153.89359
806 555.0
807 219.0
808 66.062515
809 219.0
810 137.04068
811 219.0
812 81.06524
813 191.93207
814 219.0
815 219.0
816 268.134
817 220.134
818 267.0
819 219.0
820 1275.0
821 126.884674
822 71.380424
823 37.069996
824 187.6
825 73.04498
826 686.00305
827 219.0
828 219.6
829 132.54675
830 121.79611
831 103.647125
832 128.23212
833 164.0
834 288.10535
835 267.0
836 128.02182
837 151.78029
838 219.0
839 48.615314
840 219.0
841 555.6
842 33.599106
843 173.9628
844 114.81964
845 116.92518
846 60.740173
847 59.187702
848 267.0
849 73.649414
850 329.07486
851 40.554585
852 32.51817
853 267.0
854 219.0
855 187.74446
856 230.36853
857 37.38462
858 95.47317
859 76.969315
860 139.81453
861 42.616627
862 80.35962
863 267.0
864 180.38538
865 0.0
866 219.0
867 114.33573
868 219.0
869 635.0
870 535.68005
871 106.74624
872 418.46042
873 107.07679
874 179.13934
875 38.181057
876 59.077225
877 206.13452
878 80.2873
879 185.71014
880 8.34596
881 83.42132
882 55.11342
883 86.227615
884 66.5711
885 219.0
886 70.45363
887 89.98261
888 219.0
889 63.265377
890 34.697212
891 139.45425
892 177.19699
893 552.2223
894 47.86486
895 254.03482
896 53.643913
897 219.0
898 87.723434
899 42.49484
900 219.0
901 1275.0
902 763.0
903 315.0
904 763.0
905 220.134
906 219.0
907 731.0
908 523.0
909 443.0
910 540.75696
911 219.0
912 219.0
913 315.0
914 220.134
915 499.2823
916 180.4556
917 104.19543
918 192.66731
919 220.134
920 149.1004
921 219.0
922 280.22397
923 220.134
924 311.1628
925 203.32823
926 423.68112
927 477.06653
928 219.0
929 523.0
930 203.878
931 315.0
932 219.0
933 523.0
934 219.0
935 315.0
936 219.0
937 443.0
938 147.5095
939 273.9332
940 219.0
941 315.0
942 201.26166
943 66.88268
944 315.0
945 219.0
946 299.36197
947 219.0
948 158.83588
949 191.19847
950 315.0
951 523.0
952 219.0
953 219.0
954 120.40185
955 185.8501
956 219.0
957 89.19422
958 219.0
959 175.46387
960 444.134
961 219.0
962 136.92397
963 316.134
964 202.15097
965 219.0
966 164.28203
967 47.94516
968 219.0
969 189.99898
970 219.0
971 95.253174
972 219.0
973 219.0
974 219.0
975 219.0
976 491.7602
977 237.52571
978 98.6662
979 220.134
980 170.44653
981 316.134
982 219.0
983 419.83746
984 315.0
985 316.134
986 219.0
987 219.0
988 109.27841
989 128.65915
990 219.0
991 25.37498
992 641.6146
993 0.0
994 219.0
995 169.33292
996 104.17438
997 164.84073
998 67.9447
999 258.4787
1000 49.29877
1001 136.9691
1002 343.92807
1003 338.46454
1004 311.01553
1005 311.58316
1006 381.26266
1007 322.50662
1008 334.6347
1009 171.0
1010 348.58887
1011 327.2322
1012 299.22598
1013 301.10938
1014 355.3921
1015 333.1453
1016 272.61945
1017 212.4533
1018 181.97398
1019 400.8615
1020 264.6644
1021 172.134
1022 321.1127
1023 178.81702
1024 319.33896
1025 285.96097
1026 221.80453
1027 300.17288
1028 335.6679
1029 171.0
1030 298.16983
1031 273.07236
1032 305.91568
1033 271.2316
1034 171.0
1035 161.33267
1036 171.0
1037 161.59865
1038 171.0
1039 299.0202
1040 300.26022
1041 308.68134
1042 300.1341
1043 303.6023
1044 281.32297
1045 171.0
1046 153.06087
1047 171.0
1048 292.1905
1049 126.134155
1050 171.0
1051 224.36852
1052 324.59048
1053 171.0
1054 299.39774
1055 363.9845
1056 342.3103
1057 315.154
1058 322.7827
1059 171.0
1060 371.15317
1061 171.0
1062 172.134
1063 303.3474
1064 314.318
1065 285.4481
1066 164.43407
1067 253.99263
1068 343.41565
1069 134.19809
1070 159.05052
1071 313.2331
1072 171.0
1073 171.0
1074 171.0
1075 283.89273
1076 0.0
1077 323.87128
1078 314.9457
1079 36.04182
1080 315.10886
1081 135.44821
1082 336.81512
1083 143.67833
1084 148.14316
1085 171.0
1086 171.0
1087 317.04614
1088 295.92215
1089 135.50784
1090 241.86299
1091 290.53384
1092 217.81506
1093 308.06882
1094 295.1063
1095 157.88066
1096 162.14671
1097 171.0
1098 171.0
1099 306.4707
1100 171.0
1101 100.075134
1102 267.0
1103 267.0
1104 267.0
1105 487.60117
1106 267.0
1107 419.80078
1108 267.0
1109 267.0
1110 267.0
1111 267.0
1112 369.00983
1113 268.134
1114 267.0
1115 268.134
1116 268.134
1117 268.134
1118 267.0
1119 280.30038
1120 417.02808
1121 267.0
1122 267.0
1123 267.0
1124 406.59662
1125 267.0
1126 256.9752
1127 406.28653
1128 267.0
1129 447.46634
1130 268.134
1131 417.09146
1132 268.134
1133 462.0961
1134 267.0
1135 267.0
1136 267.0
1137 268.134
1138 267.0
1139 267.0
1140 267.0
1141 267.0
1142 267.0
1143 267.0
1144 267.0
1145 267.0
1146 268.134
1147 268.134
1148 161.89066
1149 267.0
1150 267.0
1151 267.0
1152 160.97798
1153 267.0
1154 406.55942
1155 267.0
1156 268.134
1157 267.0
1158 268.134
1159 8.881873
1160 267.0
1161 267.0
1162 268.134
1163 267.0
1164 267.0
1165 422.7739
1166 267.0
1167 268.134
1168 268.134
1169 267.0
1170 267.0
1171 267.0
1172 268.134
1173 267.0
1174 267.0
1175 267.0
1176 268.134
1177 267.0
1178 267.0
1179 268.134
1180 267.0
1181 268.134
1182 117.689926
1183 268.134
1184 267.0
1185 350.92566
1186 268.134
1187 267.0
1188 268.134
1189 258.26926
1190 268.134
1191 268.134
1192 268.134
1193 273.19513
1194 267.0
1195 223.42906
1196 267.0
1197 0.0
1198 47.919765
1199 255.90019
1200 267.0
1201 112.62182
1202 176.59393
1203 219.0
1204 287.81213
1205 216.25673
1206 219.0
1207 220.134
1208 431.16592
1209 290.3269
1210 446.79736
1211 293.38376
1212 446.9825
1213 290.7043
1214 225.61462
1215 238.46545
1216 219.0
1217 220.134
1218 217.0873
1219 219.0
1220 413.14868
1221 220.134
1222 219.0
1223 219.0
1224 219.0
1225 360.2165
1226 506.7027
1227 219.0
1228 219.0
1229 219.0
1230 204.6316
1231 219.0
1232 219.0
1233 248.73291
1234 220.134
1235 368.50665
1236 219.0
1237 281.1973
1238 219.0
1239 219.0
1240 219.0
1241 291.3079
1242 307.82224
1243 219.0
1244 219.0
1245 220.134
1246 219.0
1247 276.68057
1248 219.0
1249 299.0
1250 219.0
1251 289.23172
1252 302.73026
1253 198.50252
1254 314.24994
1255 26.643272
1256 219.0
1257 205.35353
1258 429.60037
1259 301.89066
1260 286.1865
1261 219.0
1262 346.10373
1263 323.447
1264 231.84767
1265 219.0
1266 219.0
1267 219.0
1268 428.04803
1269 219.0
1270 184.48044
1271 220.134
1272 289.77972
1273 219.0
1274 281.26205
1275 463.8489
1276 219.0
1277 219.0
1278 220.134
1279 220.134
1280 219.0
1281 219.0
1282 219.0
1283 90.6545
1284 7.830135
1285 271.40817
1286 211.25212
1287 219.0
1288 219.0
1289 342.1098
1290 220.134
1291 366.99707
1292 263.30368
1293 326.96335
1294 219.0
1295 219.0
1296 304.4403
1297 219.0
1298 220.134
1299 272.57968
1300 219.0
1301 220.134
1302 301.08734
1303 209.23233
1304 221.86801
1305 392.61392
1306 220.134
1307 282.66812
1308 289.57822
1309 373.60004
1310 395.0
1311 540.15466
1312 363.0
1313 351.8473
1314 245.99283
1315 544.4029
1316 176.3049
1317 395.0
1318 278.3557
1319 313.8
1320 181.15312
1321 316.2
1322 290.49783
1323 395.6
1324 395.0
1325 395.0
1326 233.36887
1327 348.15436
1328 230.92465
1329 189.527
1330 237.54837
1331 224.19847
1332 317.74326
1333 282.2837
1334 550.7808
1335 273.41245
1336 221.86781
1337 401.58832
1338 251.16652
1339 306.58298
1340 312.79074
1341 315.0
1342 312.732
1343 224.73297
1344 315.6
1345 214.93553
1346 266.42435
1347 293.80505
1348 249.4284
1349 309.985
1350 294.0409
1351 204.57455
1352 345.5257
1353 80.81581
1354 533.19073
1355 144.97615
1356 210.8685
1357 219.6
1358 418.28247
1359 395.0
1360 362.60785
1361 140.38345
1362 297.52518
1363 217.93254
1364 173.42644
1365 315.0
1366 243.88356
1367 363.0
1368 242.17157
1369 310.9355
1370 203.65465
1371 228.55101
1372 262.62762
1373 447.81833
1374 286.35632
1375 204.1793
1376 219.0
1377 315.6
1378 295.06885
1379 356.68512
1380 5.480172
1381 315.6
1382 157.82602
1383 380.38303
1384 363.6
1385 314.83444
1386 363.0
1387 552.8082
1388 363.0
1389 239.85352
1390 369.61462
1391 388.34656
1392 331.0
1393 315.0
1394 235.63322
1395 267.35367
1396 364.134
1397 255.13342
1398 298.98956
1399 217.53105
1400 315.0
1401 337.6506
1402 232.15982
1403 379.6
1404 379.6
1405 335.55215
1406 299.0
1407 567.5429
1408 223.20839
1409 203.0
1410 379.0
1411 203.0
1412 392.019
1413 379.0
1414 472.63626
1415 379.0
1416 476.1124
1417 299.0
1418 203.0
1419 299.0
1420 379.0
1421 299.0
1422 276.88104
1423 518.6845
1424 379.0
1425 247.6729
1426 379.0
1427 379.0
1428 377.8
1429 571.0
1430 299.0
1431 250.62074
1432 299.0
1433 379.0
1434 361.27438
1435 395.23846
1436 255.55356
1437 478.5945
1438 108.20161
1439 299.0
1440 299.0
1441 379.0
1442 203.0
1443 153.19954
1444 379.0
1445 571.0
1446 221.19212
1447 301.7356
1448 256.50293
1449 377.85007
1450 252.71774
1451 378.76654
1452 379.0
1453 615.6192
1454 379.6
1455 628.8695
1456 223.35934
1457 360.00528
1458 111.9273
1459 379.0719
1460 379.0
1461 155.27791
1462 64.98297
1463 457.249
1464 379.0
1465 131.28638
1466 131.10062
1467 348.87228
1468 191.11253
1469 203.0
1470 567.4803
1471 380.134
1472 560.226
1473 191.29988
1474 203.0
1475 355.22974
1476 391.93616
1477 203.0
1478 198.67503
1479 393.80002
1480 82.5224
1481 203.0
1482 29.471737
1483 138.4534
1484 379.0
1485 379.0
1486 263.74307
1487 348.1571
1488 0.0
1489 131.29785
1490 224.63652
1491 147.53012
1492 205.38628
1493 271.41638
1494 356.24524
1495 204.134
1496 165.8059
1497 199.18321
1498 166.45657
1499 203.0
1500 131.54753
1501 235.78043
1502 267.0
1503 120.19998
1504 203.0
1505 156.134
1506 203.0
1507 155.0
1508 155.0
1509 155.0
1510 363.0
1511 203.0
1512 687.64966
1513 299.0
1514 155.0
1515 155.0
1516 35.21852
1517 201.34044
1518 155.0
1519 267.0
1520 203.0
1521 203.0
1522 50.734898
1523 203.0
1524 363.0
1525 203.0
1526 156.134
1527 203.0
1528 155.0
1529 155.0
1530 283.0
1531 203.0
1532 155.0
1533 203.0
1534 203.0
1535 341.17584
1536 76.52338
1537 156.134
1538 283.39288
1539 112.93443
1540 203.0
1541 155.0
1542 155.0
1543 155.0
1544 440.57147
1545 155.0
1546 204.134
1547 203.0
1548 203.0
1549 79.99092
1550 155.0
1551 203.0
1552 155.0
1553 203.0
1554 86.47769
1555 203.0
1556 203.0
1557 54.55504
1558 203.0
1559 0.0
1560 155.0
1561 203.0
1562 150.2245
1563 440.52304
1564 267.0
1565 203.0
1566 51.919487
1567 155.0
1568 156.134
1569 203.0
1570 156.134
1571 203.0
1572 155.0
1573 203.0
1574 363.6
1575 363.0
1576 155.0
1577 200.47891
1578 155.0
1579 203.0
1580 203.0
1581 155.0
1582 155.0
1583 148.47408
1584 402.76703
1585 203.0
1586 203.0
1587 155.0
1588 156.8743
1589 118.214714
1590 203.0
1591 203.0
1592 128.9244
1593 299.0
1594 356.23773
1595 155.0
1596 335.02286
1597 146.98692
1598 4.7188807
1599 203.0
1600 155.0
1601 203.0
1602 299.0
1603 252.94814
1604 241.36005
1605 299.0
1606 275.04987
1607 763.0
1608 299.0
1609 284.22314
1610 299.0
1611 593.01746
1612 763.0
1613 173.66074
1614 299.0
1615 276.7158
1616 143.62311
1617 294.1528
1618 297.1274
1619 280.50693
1620 238.00479
1621 299.0
1622 289.24423
1623 291.16153
1624 209.7476
1625 299.0
1626 292.20892
1627 299.0
1628 111.52457
1629 185.26999
1630 839.37274
1631 299.0
1632 763.0
1633 275.41724
1634 275.03876
1635 763.0
1636 277.77203
1637 292.2575
1638 291.64206
1639 283.7449
1640 565.82855
1641 299.0
1642 299.6
1643 276.2938
1644 112.897255
1645 299.0
1646 279.56262
1647 284.95792
1648 299.6
1649 287.48666
1650 299.0
1651 578.68854
1652 487.13806
1653 285.12222
1654 286.81537
1655 299.0
1656 279.68433
1657 827.3061
1658 763.0
1659 763.0
1660 286.10718
1661 274.56946
1662 296.26144
1663 299.0
1664 763.0
1665 189.21817
1666 180.0
1667 294.78906
1668 282.45712
1669 285.85974
1670 234.95775
1671 239.07994
1672 286.76352
1673 296.81845
1674 577.1065
1675 240.26787
1676 295.9441
1677 190.44148
1678 65.77017
1679 76.0601
1680 299.0
1681 279.65344
1682 299.0
1683 223.39854
1684 151.58206
1685 619.0
1686 281.08926
1687 299.1328
1688 277.8989
1689 158.69185
1690 70.42768
1691 257.17773
1692 287.52188
1693 299.0
1694 105.75893
1695 281.6257
1696 112.15877
1697 219.57634
1698 265.39636
1699 299.0
1700 299.0
1701 299.0
1702 320.28653
1703 203.0
1704 341.93604
1705 493.47745
1706 502.83337
1707 203.0
1708 507.0
1709 713.34406
1710 506.69095
1711 592.8663
1712 922.7291
1713 499.797
1714 53.317657
1715 138.14839
1716 499.08157
1717 579.5765
1718 495.03653
1719 490.04407
1720 481.84457
1721 411.3832
1722 1002.5804
1723 493.63736
1724 734.529
1725 98.429085
1726 715.0
1727 22.979845
1728 570.8248
1729 203.0
1730 203.0
1731 486.67572
1732 507.0
1733 494.38275
1734 484.05582
1735 286.10892
1736 635.0
1737 507.0
1738 507.0
1739 580.49713
1740 487.10544
1741 496.03357
1742 581.2787
1743 570.7204
1744 116.56724
1745 494.80762
1746 939.0
1747 507.0
1748 487.67474
1749 774.4537
1750 154.24083
1751 428.42734
1752 488.78372
1753 495.615
1754 499.28183
1755 474.72385
1756 486.22733
1757 203.0
1758 507.0
1759 494.2895
1760 203.0
1761 204.134
1762 480.0877
1763 411.3499
1764 48.290802
1765 506.0702
1766 491.1765
1767 603.0
1768 338.40118
1769 99.86113
1770 324.06802
1771 507.0
1772 285.95062
1773 61.40166
1774 203.0
1775 356.76044
1776 505.06393
1777 89.66909
1778 362.27808
1779 203.0
1780 203.0
1781 64.20448
1782 573.80023
1783 416.0064
1784 127.60521
1785 499.65695
1786 487.74377
1787 452.45667
1788 333.57547
1789 482.0202
1790 572.83954
1791 552.11633
1792 60.913406
1793 340.29657
1794 85.71493
1795 491.0567
1796 499.61398
1797 283.873
1798 507.0
1799 89.12564
1800 116.12777
1801 573.191
1802 797.94006
1803 859.0
1804 300.134
1805 347.0
1806 299.0
1807 790.48206
1808 875.0
1809 267.0
1810 268.134
1811 347.0
1812 267.0
1813 267.0
1814 299.0
1815 268.134
1816 285.41995
1817 628.9367
1818 802.3682
1819 299.0
1820 268.134
1821 267.0
1822 144.81696
1823 827.0
1824 347.0
1825 796.48914
1826 296.16855
1827 267.0
1828 631.2635
1829 804.794
1830 299.0
1831 408.1376
1832 870.81836
1833 299.0
1834 891.0
1835 299.0
1836 792.01904
1837 300.134
1838 267.0
1839 267.0
1840 347.0
1841 299.0
1842 557.8943
1843 299.0
1844 267.0
1845 807.78107
1846 875.0
1847 267.0
1848 625.9498
1849 810.42114
1850 267.0
1851 310.25726
1852 859.0
1853 461.90277
1854 650.618
1855 299.0
1856 632.83636
1857 267.0
1858 968.5666
1859 299.0
1860 777.3683
1861 347.0
1862 267.0
1863 267.0
1864 971.0
1865 267.0
1866 371.1471
1867 267.0
1868 800.1844
1869 971.0
1870 268.134
1871 299.0
1872 299.0
1873 859.0
1874 270.57275
1875 801.8841
1876 161.83134
1877 268.134
1878 791.27094
1879 964.8165
1880 562.6089
1881 299.0
1882 176.63066
1883 299.0
1884 808.14465
1885 670.68854
1886 907.0
1887 267.0
1888 246.71251
1889 299.0
1890 447.4965
1891 299.0
1892 347.0
1893 299.0
1894 267.0
1895 907.0
1896 498.19556
1897 963.16327
1898 186.8893
1899 300.134
1900 0.0
1901 267.0
1902 171.0
1903 523.0
1904 476.134
1905 379.0
1906 173.268
1907 379.0
1908 171.0
1909 379.0
1910 104.21215
1911 379.0
1912 555.0
1913 475.0
1914 251.0
1915 252.134
1916 251.0
1917 98.45299
1918 379.0
1919 251.0
1920 379.0
1921 379.0
1922 225.33232
1923 380.134
1924 379.0
1925 61.779263
1926 171.0
1927 411.0
1928 379.0
1929 263.05457
1930 251.0
1931 379.0
1932 475.0
1933 251.0
1934 555.0
1935 153.05032
1936 147.57126
1937 251.0
1938 172.134
1939 59.172115
1940 171.0
1941 171.0
1942 171.0
1943 411.0
1944 171.0
1945 252.134
1946 274.1451
1947 251.0
1948 114.73875
1949 172.134
1950 251.0
1951 251.0
1952 379.0
1953 251.0
1954 251.0
1955 380.134
1956 251.0
1957 251.0
1958 171.0
1959 112.82601
1960 171.0
1961 379.0
1962 122.4279
1963 251.0
1964 523.0
1965 811.0
1966 251.0
1967 379.0
1968 251.0
1969 171.0
1970 411.0
1971 379.0
1972 90.09361
1973 191.43193
1974 171.0
1975 171.0
1976 171.0
1977 218.13521
1978 147.6618
1979 311.601
1980 171.0
1981 156.09946
1982 251.0
1983 251.0
1984 251.0
1985 171.0
1986 171.0
1987 251.0
1988 171.0
1989 21.14505
1990 237.5434
1991 172.134
1992 121.86403
1993 218.44365
1994 171.0
1995 171.0
1996 171.0
1997 411.0
1998 109.57243
1999 171.0
2000 411.0
2001 252.134
2002 473.6595
2003 335.63864
2004 530.7917
2005 466.78265
2006 539.8852
2007 395.0
2008 328.6729
2009 296.4814
2010 505.1396
2011 316.27536
2012 334.21124
2013 557.04065
2014 480.8054
2015 330.004
2016 454.7805
2017 465.14185
2018 286.3847
2019 527.5657
2020 309.23874
2021 517.9185
2022 459.41098
2023 295.43716
2024 312.5637
2025 523.65796
2026 458.23428
2027 520.0731
2028 304.197
2029 395.0
2030 521.2651
2031 169.60118
2032 453.05508
2033 322.43094
2034 512.48157
2035 502.78403
2036 530.88184
2037 520.688
2038 367.383
2039 311.7964
2040 303.1913
2041 390.53174
2042 566.1778
2043 586.9963
2044 488.46747
2045 475.9195
2046 395.0
2047 14.654721
2048 609.054
2049 267.6526
2050 376.5286
2051 565.6101
2052 518.89154
2053 339.3349
2054 456.10077
2055 339.60693
2056 298.52728
2057 371.2003
2058 547.5446
2059 354.6872
2060 482.11984
2061 473.29642
2062 348.81467
2063 293.87582
2064 339.00574
2065 395.0
2066 332.29532
2067 464.41196
2068 329.16068
2069 514.4178
2070 360.2227
2071 462.8537
2072 117.59176
2073 359.302
2074 514.5586
2075 331.2101
2076 322.27466
2077 475.88614
2078 343.16632
2079 483.70032
2080 539.02527
2081 271.12244
2082 359.09152
2083 317.39307
2084 318.40015
2085 385.09467
2086 273.8985
2087 514.37787
2088 508.40182
2089 359.81958
2090 341.46152
2091 458.21353
2092 465.03226
2093 474.771
2094 371.2971
2095 314.20926
2096 514.7599
2097 0.6
2098 329.28683
2099 296.73538
2100 396.2
2101 348.35995
2102 508.30746
2103 137.93263
2104 209.9978
2105 240.24654
2106 203.76518
2107 240.7709
2108 235.0
2109 505.40125
2110 188.87392
2111 498.3626
2112 235.0
2113 509.6827
2114 495.9183
2115 505.1953
2116 172.70868
2117 236.2
2118 233.36671
2119 184.67711
2120 406.5914
2121 225.14053
2122 392.01318
2123 398.9478
2124 126.01047
2125 235.0
2126 331.0
2127 396.87695
2128 235.0
2129 331.0
2130 236.2
2131 331.6
2132 414.77582
2133 212.06192
2134 174.8403
2135 235.0
2136 235.0
2137 401.48294
2138 331.0
2139 331.6
2140 705.58575
2141 396.29224
2142 331.0
2143 403.4128
2144 496.9339
2145 237.54745
2146 187.08192
2147 355.13104
2148 349.89105
2149 323.5166
2150 216.52016
2151 235.0
2152 628.8629
2153 235.0
2154 501.14386
2155 368.2902
2156 344.15973
2157 407.1152
2158 399.42255
2159 506.97794
2160 467.69092
2161 354.42947
2162 345.3443
2163 396.3569
2164 475.31793
2165 235.0
2166 636.05383
2167 331.0
2168 235.0
2169 490.39243
2170 400.72662
2171 616.5885
2172 499.2015
2173 235.0
2174 222.14647
2175 203.39554
2176 427.88452
2177 344.4916
2178 236.2
2179 153.58197
2180 239.90025
2181 184.28662
2182 331.0
2183 164.85475
2184 162.92276
2185 125.63885
2186 396.6149
2187 345.70343
2188 287.17642
2189 235.6
2190 409.04764
2191 650.7679
2192 140.61078
2193 158.1459
2194 207.61508
2195 428.94705
2196 437.20755
2197 235.0
2198 408.08362
2199 235.0
2200 789.00745
2201 235.0
2202 187.0
2203 155.0
2204 155.0
2205 155.0
2206 155.0
2207 155.0
2208 156.134
2209 156.134
2210 155.0
2211 155.0
2212 338.99945
2213 204.50769
2214 300.17868
2215 155.0
2216 155.0
2217 103.78103
2218 374.68307
2219 155.0
2220 155.0
2221 156.134
2222 155.0
2223 155.0
2224 93.64855
2225 155.0
2226 321.54572
2227 34.571728
2228 156.134
2229 238.11658
2230 155.0
2231 155.0
2232 155.0
2233 127.28225
2234 309.59406
2235 371.28305
2236 155.0
2237 155.0
2238 298.83133
2239 155.0
2240 155.0
2241 155.0
2242 155.0
2243 155.0
2244 155.0
2245 156.134
2246 143.29189
2247 155.0
2248 155.0
2249 323.53345
2250 334.08957
2251 302.34286
2252 155.0
2253 155.0
2254 156.134
2255 187.0
2256 155.0
2257 321.291
2258 156.134
2259 323.76385
2260 155.0
2261 155.0
2262 187.0
2263 356.78287
2264 229.76645
2265 156.134
2266 155.0
2267 155.0
2268 155.0
2269 155.0
2270 155.0
2271 156.134
2272 318.07465
2273 155.0
2274 155.0
2275 156.134
2276 155.0
2277 42.79851
2278 156.134
2279 155.0
2280 155.0
2281 155.0
2282 155.0
2283 155.0
2284 188.134
2285 153.682
2286 155.0
2287 155.0
2288 426.02524
2289 156.134
2290 155.0
2291 155.0
2292 155.0
2293 156.134
2294 147.717
2295 155.0
2296 67.33938
2297 156.134
2298 156.134
2299 222.75273
2300 331.21292
2301 155.0
2302 402.39062
2303 323.54175
2304 369.56622
2305 386.53656
2306 407.32935
2307 271.75922
2308 267.26294
2309 219.0
2310 219.0
2311 219.6
2312 287.3141
2313 315.0
2314 279.61047
2315 321.3325
2316 384.0115
2317 219.0
2318 142.65164
2319 219.0
2320 214.78262
2321 219.0
2322 219.0
2323 475.47357
2324 278.09198
2325 284.2
2326 219.6
2327 389.4802
2328 219.0
2329 218.466
2330 283.0
2331 209.41284
2332 272.57028
2333 276.51028
2334 219.0
2335 315.0
2336 252.04866
2337 219.0
2338 283.0
2339 219.0
2340 418.36447
2341 244.0
2342 368.30566
2343 175.37964
2344 300.67267
2345 264.7757
2346 315.6
2347 216.73201
2348 313.53604
2349 394.3146
2350 232.96912
2351 256.3609
2352 443.84506
2353 219.6
2354 219.0
2355 176.1193
2356 270.35077
2357 210.3684
2358 315.0
2359 268.2517
2360 219.0
2361 219.0
2362 269.6094
2363 0.0
2364 219.0
2365 368.70074
2366 283.19998
2367 242.23112
2368 219.0
2369 286.21854
2370 219.0
2371 249.15985
2372 200.76033
2373 200.22594
2374 277.07126
2375 373.77472
2376 219.6
2377 218.934
2378 219.6
2379 219.0
2380 219.0
2381 219.0
2382 95.23074
2383 413.90173
2384 204.66705
2385 272.38364
2386 238.48026
2387 252.23656
2388 262.43225
2389 260.2491
2390 216.73201
2391 219.6
2392 307.42026
2393 219.0
2394 263.3758
2395 253.88513
2396 239.77968
2397 219.0
2398 262.2236
2399 253.6709
2400 219.6
2401 219.0
2402 619.0
2403 314.5323
2404 315.0
2405 310.3603
2406 418.79944
2407 315.0
2408 300.43872
2409 235.0
2410 364.39337
2411 315.19275
2412 184.32559
2413 399.83588
2414 348.0016
2415 235.0
2416 328.72357
2417 438.5221
2418 281.49115
2419 413.4505
2420 290.77875
2421 0.0
2422 315.09552
2423 298.65067
2424 283.9333
2425 292.50247
2426 315.0
2427 361.47702
2428 339.4825
2429 376.1367
2430 291.99237
2431 315.0
2432 320.48737
2433 291.20306
2434 53.77194
2435 316.734
2436 507.6
2437 372.18552
2438 294.60004
2439 507.6
2440 331.66516
2441 315.5413
2442 214.67928
2443 381.83115
2444 318.9592
2445 394.62036
2446 353.2409
2447 355.73172
2448 314.2251
2449 297.09357
2450 315.0
2451 385.71375
2452 322.17905
2453 507.0
2454 268.16306
2455 315.0
2456 364.75168
2457 335.32056
2458 507.0
2459 235.0
2460 294.35483
2461 315.0
2462 576.69916
2463 264.28897
2464 312.92188
2465 371.88556
2466 363.39264
2467 407.00482
2468 218.8231
2469 254.52188
2470 363.99155
2471 313.8
2472 293.2165
2473 82.55079
2474 278.84457
2475 315.7245
2476 237.16675
2477 315.6
2478 236.134
2479 343.15228
2480 221.34796
2481 322.78625
2482 253.79576
2483 315.0
2484 320.55252
2485 287.80164
2486 315.0
2487 335.2771
2488 619.0
2489 315.6
2490 365.62375
2491 804.6281
2492 203.48996
2493 272.27982
2494 324.62155
2495 355.47968
2496 337.66812
2497 250.68227
2498 268.46033
2499 315.0
2500 668.77466
2501 253.82191
2502 347.93713
2503 329.9697
2504 342.0263
2505 341.34677
2506 741.9414
2507 327.23065
2508 328.48666
2509 347.0
2510 438.2
2511 335.37302
2512 475.0
2513 318.73474
2514 321.55902
2515 347.0
2516 332.85385
2517 330.78464
2518 321.79584
2519 347.0
2520 343.75452
2521 335.4684
2522 318.58408
2523 338.00388
2524 475.0
2525 443.6
2526 330.9252
2527 555.0
2528 333.73358
2529 338.3959
2530 324.41934
2531 336.66418
2532 443.0
2533 476.134
2534 337.93793
2535 313.83856
2536 323.69965
2537 311.7409
2538 338.25854
2539 555.0
2540 316.94427
2541 335.59152
2542 341.01843
2543 815.82465
2544 555.0
2545 332.06073
2546 555.0
2547 336.84518
2548 347.0
2549 347.0
2550 332.16174
2551 341.5391
2552 331.0215
2553 343.7388
2554 443.0
2555 510.7855
2556 555.0
2557 325.69733
2558 443.0
2559 475.0
2560 339.42715
2561 323.60355
2562 344.20706
2563 0.0
2564 336.92203
2565 347.0
2566 343.79135
2567 342.85162
2568 95.855194
2569 347.0
2570 341.7434
2571 338.54504
2572 325.69138
2573 316.56424
2574 327.32968
2575 443.6
2576 343.1677
2577 347.0
2578 335.08618
2579 343.10846
2580 325.85107
2581 555.0
2582 347.0
2583 317.58115
2584 317.16367
2585 296.79645
2586 346.95337
2587 311.6997
2588 347.0
2589 555.0
2590 209.78925
2591 337.61438
2592 36.154335
2593 313.54306
2594 347.74637
2595 340.89185
2596 345.83414
2597 543.3337
2598 328.42654
2599 319.61133
2600 324.15
2601 324.14276
2602 292.51892
2603 459.0
2604 315.0
2605 315.0
2606 315.0
2607 301.11386
2608 305.5706
2609 711.2737
2610 303.34305
2611 295.52304
2612 311.30713
2613 315.0
2614 302.81656
2615 295.24994
2616 318.22736
2617 287.98053
2618 461.31982
2619 683.0
2620 304.4881
2621 307.27945
2622 294.80066
2623 299.87622
2624 181.95473
2625 275.2457
2626 278.44583
2627 315.6
2628 251.0
2629 314.6174
2630 309.58936
2631 288.52014
2632 736.05585
2633 301.37372
2634 311.22693
2635 162.31987
2636 455.8894
2637 315.0
2638 315.0
2639 302.61
2640 295.0181
2641 667.0
2642 298.97806
2643 301.75815
2644 300.38223
2645 298.70645
2646 315.0
2647 282.34564
2648 296.11722
2649 315.0
2650 313.6763
2651 105.72038
2652 305.5594
2653 299.1869
2654 303.2133
2655 315.0
2656 313.44025
2657 280.90598
2658 315.0
2659 93.12043
2660 395.0
2661 290.4207
2662 251.0
2663 303.62982
2664 297.9217
2665 298.6996
2666 362.96127
2667 315.0
2668 315.0
2669 459.8464
2670 300.90106
2671 315.4451
2672 314.91425
2673 298.50922
2674 295.01285
2675 293.9949
2676 290.2019
2677 314.8451
2678 279.57712
2679 295.12955
2680 300.16864
2681 315.0
2682 299.1405
2683 315.0
2684 299.95993
2685 173.07854
2686 315.0
2687 289.11008
2688 307.5168
2689 309.8701
2690 283.46887
2691 631.9411
2692 315.6
2693 306.9838
2694 307.02448
2695 298.83133
2696 292.4786
2697 297.8645
2698 86.24743
2699 293.33673
2700 302.26892
2701 315.0
2702 251.0
2703 331.6
2704 331.0
2705 251.0
2706 251.0
2707 267.0
2708 317.69647
2709 571.0
2710 268.134
2711 657.6865
2712 331.6
2713 318.45822
2714 252.134
2715 330.4
2716 267.0
2717 251.0
2718 331.0
2719 331.0
2720 307.2899
2721 251.0
2722 329.69183
2723 715.0
2724 267.0
2725 331.0
2726 331.0
2727 290.13373
2728 267.0
2729 267.0
2730 267.0
2731 267.0
2732 564.10535
2733 251.0
2734 331.0
2735 267.0
2736 267.0
2737 331.0
2738 251.0
2739 144.33063
2740 251.0
2741 267.0
2742 252.134
2743 331.0
2744 331.0
2745 331.0
2746 328.732
2747 251.0
2748 331.0
2749 251.0
2750 331.0
2751 312.19562
2752 543.89795
2753 252.134
2754 817.9938
2755 672.35455
2756 267.0
2757 331.0
2758 267.84866
2759 251.0
2760 321.1343
2761 319.4052
2762 331.0
2763 306.3666
2764 331.0
2765 251.0
2766 331.0
2767 251.0
2768 251.0
2769 549.8491
2770 267.0
2771 251.0
2772 331.0
2773 331.0
2774 207.36607
2775 267.0
2776 331.0
2777 319.0442
2778 491.0
2779 331.0
2780 289.6591
2781 331.0
2782 58.54747
2783 251.0
2784 329.88095
2785 251.0
2786 304.69632
2787 541.56287
2788 251.0
2789 156.46628
2790 171.87427
2791 331.0
2792 251.0
2793 330.21332
2794 331.0
2795 312.5381
2796 331.0
2797 251.0
2798 331.0
2799 268.134
2800 331.0
2801 267.0
2802 187.0
2803 667.0
2804 649.3502
2805 187.0
2806 1324.9481
2807 187.0
2808 155.0
2809 827.0
2810 581.1451
2811 531.23047
2812 667.0
2813 644.0955
2814 1353.2908
2815 187.0
2816 989.4619
2817 156.134
2818 155.0
2819 446.75714
2820 187.0
2821 330.5762
2822 187.0
2823 694.32776
2824 967.8502
2825 783.60895
2826 187.0
2827 860.134
2828 476.134
2829 935.44464
2830 729.8738
2831 561.1184
2832 658.592
2833 452.66974
2834 187.0
2835 709.8798
2836 635.7042
2837 0.0
2838 574.63824
2839 155.0
2840 475.0
2841 476.134
2842 652.4831
2843 548.7311
2844 577.5389
2845 282.31284
2846 587.42535
2847 253.50314
2848 156.134
2849 187.0
2850 958.8791
2851 199.97617
2852 155.0
2853 526.8441
2854 679.5597
2855 187.0
2856 667.0
2857 675.0457
2858 215.38416
2859 563.8186
2860 562.6855
2861 645.2365
2862 453.46545
2863 113.259056
2864 553.1455
2865 187.0
2866 1085.5018
2867 626.45245
2868 156.134
2869 155.0
2870 295.57245
2871 155.0
2872 67.61939
2873 1327.3307
2874 1433.2168
2875 354.47635
2876 187.0
2877 463.84875
2878 631.0458
2879 155.0
2880 574.95917
2881 187.0
2882 686.85583
2883 187.0
2884 156.134
2885 454.3305
2886 475.0
2887 443.0003
2888 432.67126
2889 475.0
2890 827.0
2891 187.0
2892 859.0
2893 560.6199
2894 363.0
2895 155.0
2896 434.9837
2897 188.134
2898 156.134
2899 1303.9918
2900 187.0
2901 79.25677
2902 1433.2168
2903 792.50183
2904 345.35815
2905 1211.0
2906 635.0
2907 667.0
2908 425.67212
2909 603.0
2910 859.0
2911 603.0
2912 377.84415
2913 343.91562
2914 667.0
2915 635.0
2916 635.0
2917 1163.0
2918 667.0
2919 636.134
2920 1301.7402
2921 667.0
2922 779.484
2923 667.0
2924 635.0
2925 635.0
2926 635.0
2927 667.0
2928 539.0
2929 667.0
2930 603.0
2931 635.0
2932 667.0
2933 539.0
2934 540.134
2935 635.0
2936 397.81717
2937 907.0
2938 667.0
2939 907.0
2940 859.0
2941 572.9653
2942 859.0
2943 907.0
2944 185.48886
2945 539.0
2946 667.0
2947 299.0
2948 539.0
2949 540.134
2950 667.0
2951 539.0
2952 299.0
2953 907.0
2954 225.18896
2955 635.0
2956 635.0
2957 381.03616
2958 299.0
2959 372.72595
2960 667.0
2961 667.0
2962 667.0
2963 539.0
2964 301.7989
2965 791.6293
2966 635.0
2967 300.48233
2968 293.69144
2969 603.0
2970 907.0
2971 667.0
2972 1019.0
2973 635.0
2974 667.0
2975 539.0
2976 667.0
2977 635.0
2978 603.0
2979 859.0
2980 539.0
2981 859.0
2982 635.0
2983 539.0
2984 262.33047
2985 859.0
2986 336.03568
2987 219.3677
2988 667.0
2989 907.0
2990 859.0
2991 539.0
2992 859.0
2993 728.1349
2994 1298.5217
2995 667.0
2996 603.0
2997 635.0
2998 668.134
2999 539.6
3000 309.8897
3001 667.0
3002 603.0
3003 512.71655
3004 639.10474
3005 348.2
3006 398.9721
3007 643.17303
3008 360.1131
3009 506.7379
3010 459.0
3011 251.0
3012 361.13425
3013 328.40936
3014 346.34857
3015 361.36838
3016 416.27957
3017 459.0
3018 172.21283
3019 514.4047
3020 414.11978
3021 449.16092
3022 520.57477
3023 539.0
3024 372.1837
3025 502.63577
3026 347.0
3027 501.1153
3028 251.0
3029 343.06158
3030 337.449
3031 459.0
3032 251.0
3033 347.0
3034 429.38553
3035 436.5566
3036 409.29562
3037 509.6975
3038 613.7438
3039 406.1095
3040 497.2146
3041 347.0
3042 625.32666
3043 347.0
3044 405.6535
3045 251.0
3046 702.9596
3047 251.0
3048 330.35794
3049 446.46515
3050 629.3456
3051 251.0
3052 448.58606
3053 541.268
3054 427.59695
3055 349.15628
3056 335.31467
3057 442.31677
3058 434.77695
3059 524.60004
3060 251.0
3061 299.0
3062 413.7016
3063 334.0994
3064 625.7626
3065 374.67047
3066 516.32074
3067 359.5246
3068 324.51172
3069 447.5723
3070 345.8903
3071 203.53976
3072 465.3325
3073 692.5814
3074 0.0
3075 367.0467
3076 489.31073
3077 450.42358
3078 367.49655
3079 485.74332
3080 224.87854
3081 251.0
3082 498.3406
3083 347.0
3084 511.94287
3085 347.0
3086 347.0
3087 458.18234
3088 510.90222
3089 498.24774
3090 120.351326
3091 340.0
3092 336.06674
3093 539.0
3094 408.981
3095 625.5063
3096 353.6502
3097 251.0
3098 517.8632
3099 429.78427
3100 347.0
3101 18.449675
3102 407.1907
3103 322.53763
3104 369.05334
3105 283.0
3106 508.2
3107 260.58633
3108 415.75967
3109 503.8278
3110 365.31216
3111 347.0
3112 371.16318
3113 401.70782
3114 283.0
3115 283.0
3116 27.907955
3117 297.54977
3118 516.51825
3119 263.20004
3120 259.5485
3121 283.0
3122 387.91324
3123 188.134
3124 357.151
3125 295.40216
3126 298.25897
3127 187.0
3128 283.0
3129 491.6
3130 283.6
3131 347.0
3132 202.56839
3133 347.0
3134 265.51154
3135 601.8921
3136 159.35571
3137 529.0557
3138 508.2
3139 297.22113
3140 385.3774
3141 319.0979
3142 58.17267
3143 377.8636
3144 346.31036
3145 404.0261
3146 283.0
3147 278.5351
3148 347.0
3149 289.68652
3150 63.173878
3151 386.6414
3152 369.73828
3153 328.85858
3154 283.0
3155 62.690376
3156 283.0
3157 79.24844
3158 571.0
3159 201.59448
3160 368.05588
3161 366.7777
3162 334.31223
3163 360.05032
3164 291.9055
3165 266.41895
3166 187.0
3167 187.0
3168 509.4446
3169 253.51855
3170 341.8328
3171 280.79358
3172 510.94327
3173 95.09187
3174 437.0643
3175 207.40765
3176 347.0
3177 296.24692
3178 281.932
3179 283.0
3180 283.6
3181 369.27118
3182 56.62591
3183 387.15445
3184 320.3269
3185 283.0
3186 252.01282
3187 501.751
3188 347.0
3189 395.46994
3190 260.80002
3191 283.0
3192 10.6245775
3193 540.36487
3194 180.60454
3195 283.0
3196 208.59476
3197 516.56
3198 372.4506
3199 343.78146
3200 241.36685
3201 252.20349
3202 309.63446
3203 171.0
3204 363.0
3205 222.12222
3206 171.0
3207 267.53467
3208 215.0773
3209 373.51855
3210 171.0
3211 191.74792
3212 178.51924
3213 299.0
3214 202.33586
3215 261.75305
3216 492.134
3217 363.0
3218 227.06255
3219 324.0484
3220 299.6
3221 178.1842
3222 171.0
3223 299.0
3224 299.0
3225 203.60706
3226 246.7891
3227 340.03683
3228 380.8166
3229 363.0
3230 213.37897
3231 363.0
3232 356.26657
3233 356.06082
3234 190.92087
3235 362.1815
3236 364.2
3237 237.91623
3238 391.06766
3239 165.5177
3240 219.25229
3241 363.0
3242 342.61124
3243 299.0
3244 363.0
3245 179.71875
3246 363.0
3247 183.10168
3248 198.59505
3249 190.4493
3250 443.0
3251 299.6
3252 274.5794
3253 171.0
3254 363.0
3255 155.41884
3256 299.0
3257 140.7294
3258 162.01987
3259 504.27173
3260 171.0
3261 351.81873
3262 299.0
3263 299.6
3264 274.02838
3265 299.0
3266 299.0
3267 121.67014
3268 174.90424
3269 175.31755
3270 197.01932
3271 347.14392
3272 171.0
3273 443.0
3274 217.3863
3275 175.47725
3276 177.65019
3277 363.0
3278 363.0
3279 190.04285
3280 268.57803
3281 345.74585
3282 299.0
3283 175.06447
3284 200.31909
3285 368.4834
3286 299.0
3287 55.987206
3288 363.6
3289 201.2871
3290 359.10635
3291 292.31348
3292 299.0
3293 268.34387
3294 299.0
3295 368.9755
3296 190.94087
3297 357.9376
3298 296.732
3299 255.62132
3300 192.69096
3301 299.0
3302 295.53198
3303 356.96167
3304 587.0
3305 523.0
3306 236.134
3307 236.2
3308 358.9688
3309 361.5563
3310 502.22464
3311 490.29037
3312 507.48065
3313 509.10355
3314 436.67413
3315 505.8861
3316 361.84964
3317 352.94653
3318 507.23337
3319 372.09982
3320 395.87994
3321 456.9891
3322 400.22934
3323 356.36002
3324 517.8248
3325 605.249
3326 459.0
3327 539.6
3328 372.44385
3329 459.6
3330 237.334
3331 523.0
3332 166.23567
3333 374.15585
3334 996.3527
3335 484.95905
3336 204.134
3337 561.25256
3338 355.12628
3339 366.89
3340 209.1673
3341 115.16926
3342 346.51062
3343 236.134
3344 864.05585
3345 706.90405
3346 208.48653
3347 363.23816
3348 554.56836
3349 337.0541
3350 357.62482
3351 203.0
3352 235.0
3353 697.19775
3354 253.12698
3355 380.83453
3356 357.26166
3357 366.9731
3358 429.47913
3359 367.32727
3360 411.78754
3361 350.4223
3362 564.9397
3363 235.0
3364 999.00464
3365 471.99332
3366 349.27975
3367 354.77338
3368 357.7532
3369 375.26114
3370 373.69638
3371 361.07108
3372 235.0
3373 491.02036
3374 359.23563
3375 365.80182
3376 361.9769
3377 485.72165
3378 523.6
3379 362.96286
3380 352.90588
3381 487.76846
3382 212.55101
3383 551.2614
3384 240.07726
3385 0.0
3386 353.53516
3387 481.2168
3388 196.38538
3389 368.34363
3390 374.24368
3391 66.87928
3392 203.0
3393 385.93802
3394 474.79144
3395 371.56683
3396 349.19678
3397 392.3599
3398 235.0
3399 336.16797
3400 346.79672
3401 236.134
3402 51.73805
3403 507.0
3404 1100.8019
3405 283.0
3406 838.1624
3407 283.0
3408 681.15857
3409 304.05588
3410 576.6522
3411 283.0
3412 283.0
3413 573.3121
3414 507.0
3415 706.3304
3416 804.1992
3417 284.134
3418 283.0
3419 804.551
3420 475.0
3421 395.24866
3422 505.8
3423 518.6978
3424 465.29047
3425 558.468
3426 283.0
3427 475.36722
3428 331.0
3429 445.07547
3430 283.0
3431 583.937
3432 361.43814
3433 283.0
3434 464.68314
3435 605.8933
3436 298.88052
3437 466.04953
3438 455.66415
3439 599.30054
3440 283.0
3441 283.0
3442 683.0
3443 555.0
3444 283.0
3445 547.1077
3446 380.12677
3447 811.0
3448 283.0
3449 596.25433
3450 283.0
3451 283.0
3452 637.9795
3453 331.0
3454 548.91614
3455 283.0
3456 572.3181
3457 441.40045
3458 567.07153
3459 389.19238
3460 430.05872
3461 283.0
3462 475.0
3463 561.6865
3464 283.0
3465 803.2072
3466 556.82635
3467 459.31613
3468 283.0
3469 555.0
3470 555.0
3471 283.0
3472 594.73157
3473 414.79663
3474 606.6449
3475 283.0
3476 284.134
3477 603.1421
3478 822.6628
3479 531.71576
3480 501.51346
3481 283.0
3482 475.0
3483 475.0
3484 331.0
3485 478.46802
3486 555.0
3487 504.7298
3488 827.5683
3489 508.2
3490 437.29977
3491 442.16965
3492 570.56836
3493 572.35815
3494 469.53903
3495 566.932
3496 811.0
3497 461.02222
3498 283.0
3499 502.00638
3500 283.0
3501 283.0
3502 598.2825
3503 347.75577
3504 295.9487
3505 266.94672
3506 249.39294
3507 303.07944
3508 254.99539
3509 415.33685
3510 372.42456
3511 77.86937
3512 246.79694
3513 256.26837
3514 191.43074
3515 309.711
3516 283.0
3517 263.98178
3518 584.2926
3519 258.51648
3520 355.89276
3521 440.4535
3522 709.0057
3523 187.0
3524 252.09396
3525 329.25848
3526 394.94684
3527 299.77817
3528 447.27597
3529 208.18048
3530 427.0
3531 283.0
3532 283.0
3533 252.27238
3534 316.30887
3535 555.0
3536 317.36118
3537 205.31212
3538 247.59418
3539 230.06525
3540 347.83206
3541 243.15637
3542 555.0
3543 183.53554
3544 142.3648
3545 187.0
3546 190.468
3547 283.0
3548 747.4451
3549 255.38223
3550 219.0
3551 60.885677
3552 423.04794
3553 579.43243
3554 422.30328
3555 167.49138
3556 459.71124
3557 187.0
3558 175.17711
3559 187.0
3560 247.55737
3561 247.7636
3562 545.9643
3563 187.0
3564 446.36148
3565 301.88263
3566 210.26282
3567 256.62912
3568 544.72015
3569 267.97607
3570 223.602
3571 425.8825
3572 300.53912
3573 324.78207
3574 560.8514
3575 442.3443
3576 562.06696
3577 275.849
3578 283.0
3579 239.80487
3580 580.20557
3581 37.42911
3582 218.82285
3583 187.0
3584 569.8969
3585 439.05582
3586 180.0
3587 187.0
3588 365.24835
3589 555.0
3590 163.0558
3591 555.0
3592 450.29434
3593 247.1923
3594 247.00775
3595 555.0
3596 132.72697
3597 244.5468
3598 178.3659
3599 263.20853
3600 187.6
3601 255.5898
3602 283.0
3603 492.58868
3604 235.0
3605 411.0
3606 475.0
3607 1240.3633
3608 235.0
3609 939.0
3610 584.16205
3611 235.0
3612 235.0
3613 235.0
3614 412.3187
3615 939.0
3616 235.0
3617 708.7146
3618 235.0
3619 236.134
3620 235.0
3621 235.0
3622 235.0
3623 523.0
3624 502.14716
3625 235.0
3626 235.0
3627 523.3331
3628 235.0
3629 402.9587
3630 235.0
3631 235.0
3632 235.0
3633 235.0
3634 235.0
3635 795.0
3636 781.70544
3637 523.0
3638 408.58078
3639 235.0
3640 795.0
3641 235.0
3642 235.0
3643 412.47223
3644 416.10474
3645 235.0
3646 235.0
3647 402.32767
3648 235.0
3649 235.0
3650 235.0
3651 235.0
3652 241.61462
3653 237.75914
3654 235.0
3655 235.0
3656 235.0
3657 235.0
3658 336.33093
3659 380.35855
3660 508.73096
3661 235.0
3662 235.0
3663 519.90845
3664 235.0
3665 393.53098
3666 194.19966
3667 235.0
3668 235.0
3669 235.0
3670 235.0
3671 490.1459
3672 235.0
3673 235.0
3674 235.0
3675 523.0
3676 235.0
3677 235.0
3678 235.0
3679 235.0
3680 523.0
3681 235.0
3682 509.9711
3683 235.0
3684 236.134
3685 235.0
3686 235.0
3687 235.0
3688 235.0
3689 235.0
3690 421.7166
3691 593.04456
3692 235.0
3693 235.0
3694 235.0
3695 570.56836
3696 235.0
3697 555.0
3698 394.08517
3699 235.0
3700 235.0
3701 723.23047
3702 235.0
3703 444.0076
3704 827.2676
3705 376.9977
3706 469.1587
3707 620.2
3708 628.4659
3709 1025.8091
3710 307.23044
3711 778.6576
3712 840.6665
3713 434.13574
3714 656.22394
3715 315.0
3716 411.0
3717 775.84784
3718 315.0
3719 251.0
3720 315.0
3721 987.0
3722 824.7258
3723 315.0
3724 659.721
3725 334.17715
3726 841.9872
3727 675.96045
3728 315.0
3729 251.0
3730 564.46545
3731 467.23044
3732 454.9079
3733 490.59924
3734 315.0
3735 315.0
3736 679.28143
3737 715.0
3738 348.15436
3739 315.0
3740 414.46802
3741 474.88196
3742 763.0
3743 316.2
3744 667.0
3745 699.4451
3746 683.23846
3747 351.35117
3748 412.2
3749 477.0608
3750 630.2486
3751 667.0
3752 315.0
3753 488.92645
3754 36.934166
3755 373.5034
3756 715.0
3757 752.6228
3758 700.2
3759 389.645
3760 367.33966
3761 667.0
3762 315.0
3763 315.0
3764 445.94827
3765 315.0
3766 411.0
3767 377.64047
3768 315.0
3769 967.80005
3770 470.4671
3771 325.751
3772 776.2065
3773 638.99255
3774 667.0
3775 300.43518
3776 350.633
3777 315.0
3778 374.89716
3779 670.3548
3780 686.64746
3781 763.0
3782 485.83398
3783 987.0
3784 267.32028
3785 251.0
3786 476.11212
3787 667.0
3788 667.0
3789 339.73065
3790 707.5736
3791 639.8
3792 631.97095
3793 352.07953
3794 694.70264
3795 251.0
3796 1192.3633
3797 315.0
3798 315.0
3799 684.47705
3800 716.6551
3801 687.14355
3802 142.14336
3803 203.0
3804 187.0
3805 203.0
3806 187.0
3807 173.75911
3808 257.84702
3809 260.55435
3810 187.0
3811 187.0
3812 267.0
3813 187.0
3814 267.0
3815 267.0
3816 188.134
3817 267.0
3818 187.0
3819 267.0
3820 267.0
3821 261.7236
3822 203.0
3823 267.0
3824 203.0
3825 267.0
3826 202.44994
3827 411.0
3828 267.0
3829 267.0
3830 204.134
3831 62.81417
3832 260.16635
3833 250.183
3834 203.0
3835 187.0
3836 267.0
3837 267.0
3838 267.0
3839 187.0
3840 267.0
3841 203.0
3842 130.76303
3843 187.0
3844 267.0
3845 264.732
3846 266.44467
3847 203.0
3848 261.85834
3849 265.80362
3850 411.0
3851 267.0
3852 265.8
3853 49.397316
3854 187.0
3855 267.0
3856 449.5884
3857 149.78537
3858 267.0
3859 267.0
3860 257.68988
3861 203.0
3862 267.0
3863 109.555405
3864 203.0
3865 203.0
3866 187.0
3867 267.0
3868 203.0
3869 267.0
3870 187.0
3871 255.0527
3872 263.83026
3873 267.6
3874 203.0
3875 267.0
3876 39.81881
3877 1083.0
3878 203.0
3879 267.0
3880 747.6
3881 75.46993
3882 187.0
3883 267.0
3884 203.0
3885 187.0
3886 187.0
3887 544.02686
3888 267.0
3889 267.0
3890 204.134
3891 187.0
3892 125.11492
3893 187.0
3894 203.0
3895 1454.1101
3896 267.6
3897 187.0
3898 244.36232
3899 267.0
3900 267.0
3901 246.6783
3902 267.0
3903 1454.1101
3904 651.0
3905 651.0
3906 443.0
3907 652.134
3908 443.0
3909 443.0
3910 652.134
3911 651.0
3912 631.22076
3913 731.0
3914 283.0
3915 543.26636
3916 651.0
3917 443.0
3918 443.0
3919 651.0
3920 174.45859
3921 603.0
3922 443.0
3923 731.0
3924 443.0
3925 443.0
3926 779.0
3927 603.0
3928 443.0
3929 651.0
3930 394.41885
3931 651.0
3932 443.0
3933 571.6
3934 443.0
3935 651.0
3936 651.0
3937 443.0
3938 443.0
3939 443.0
3940 444.134
3941 651.0
3942 283.0
3943 603.0
3944 443.0
3945 731.0
3946 443.0
3947 443.0
3948 651.0
3949 443.0
3950 443.0
3951 443.0
3952 443.0
3953 779.0
3954 1003.0
3955 603.0
3956 443.0
3957 443.0
3958 443.0
3959 283.0
3960 283.0
3961 283.0
3962 603.0
3963 120.45211
3964 651.0
3965 525.7369
3966 70.06659
3967 283.0
3968 443.0
3969 444.134
3970 200.50137
3971 283.0
3972 77.065605
3973 603.0
3974 443.0
3975 731.0
3976 108.62882
3977 443.0
3978 283.0
3979 651.0
3980 443.0
3981 571.0
3982 444.134
3983 604.134
3984 443.0
3985 443.0
3986 443.0
3987 443.0
3988 443.0
3989 283.0
3990 731.0
3991 0.0
3992 651.0
3993 443.0
3994 443.0
3995 443.0
3996 283.0
3997 443.0
3998 283.0
3999 443.0
4000 1083.0
4001 731.0
4002 731.0
4003 571.0
4004 203.0
4005 207.26163
4006 526.3195
4007 778.3969
4008 293.79092
4009 315.0
4010 611.8238
4011 782.9109
4012 471.66547
4013 315.0
4014 401.68265
4015 547.50854
4016 235.0
4017 827.1211
4018 646.0244
4019 235.0
4020 849.93365
4021 427.0
4022 315.6
4023 315.0
4024 203.0
4025 203.0
4026 203.0
4027 328.15973
4028 315.0
4029 330.5684
4030 315.0
4031 435.48303
4032 723.94965
4033 315.0
4034 382.46802
4035 790.2944
4036 315.0
4037 586.8745
4038 391.04147
4039 539.8033
4040 699.0
4041 379.0
4042 512.1678
4043 203.0
4044 575.6526
4045 699.0
4046 315.0
4047 204.134
4048 395.5617
4049 515.1106
4050 379.0
4051 203.0
4052 329.96838
4053 315.6
4054 203.0
4055 527.50885
4056 543.4462
4057 235.0
4058 281.93152
4059 203.0
4060 203.6
4061 577.189
4062 423.89526
4063 384.9755
4064 315.0
4065 433.98477
4066 228.12671
4067 406.0089
4068 315.0
4069 665.9742
4070 615.4215
4071 427.0
4072 315.0
4073 839.2485
4074 462.43018
4075 484.7542
4076 235.0
4077 502.70462
4078 315.0
4079 203.0
4080 561.9196
4081 315.0
4082 379.0
4083 294.0491
4084 406.13974
4085 635.4056
4086 315.0
4087 507.89835
4088 392.23438
4089 315.0
4090 203.0
4091 541.4194
4092 315.0
4093 203.0
4094 315.6
4095 431.95255
4096 188.90793
4097 203.0
4098 203.0
4099 203.0
4100 572.4111
4101 203.0
4102 203.0
4103 379.0
4104 411.82056
4105 361.43167
4106 219.0
4107 241.89902
4108 199.22221
4109 198.32536
4110 388.5508
4111 422.74957
4112 259.54022
4113 219.0
4114 358.17627
4115 309.05756
4116 419.32095
4117 373.85477
4118 410.70972
4119 171.9206
4120 307.31714
4121 170.9065
4122 219.0
4123 173.33829
4124 361.80484
4125 353.56357
4126 360.01917
4127 365.96783
4128 361.38806
4129 400.15103
4130 348.50937
4131 352.59875
4132 210.4991
4133 369.7854
4134 203.4
4135 356.85828
4136 242.8608
4137 238.64964
4138 373.4499
4139 430.6396
4140 210.10712
4141 219.0
4142 219.0
4143 298.22272
4144 201.76152
4145 186.0928
4146 475.0
4147 219.0
4148 419.79263
4149 219.6
4150 357.77542
4151 176.4665
4152 209.64003
4153 379.8703
4154 383.18326
4155 255.54922
4156 194.13603
4157 405.49762
4158 374.09677
4159 465.6644
4160 198.24167
4161 429.08533
4162 354.9049
4163 219.0
4164 219.0
4165 357.86548
4166 6.6146307
4167 412.3877
4168 219.0
4169 388.5586
4170 348.75824
4171 474.36594
4172 219.0
4173 219.0
4174 411.4336
4175 185.6437
4176 267.97644
4177 365.14252
4178 427.31976
4179 267.81915
4180 219.0
4181 403.9379
4182 219.0
4183 117.29942
4184 425.8908
4185 364.61694
4186 364.79163
4187 348.65326
4188 475.0
4189 195.14255
4190 131.52507
4191 218.99457
4192 373.54303
4193 475.0
4194 361.48004
4195 380.96643
4196 416.1741
4197 336.92896
4198 432.1968
4199 225.61462
4200 202.31248
4201 389.82385
4202 187.14603
4203 422.9243
4204 187.60905
4205 249.62994
4206 165.43753
4207 475.0
4208 62.625732
4209 254.01688
4210 398.90463
4211 324.80975
4212 192.87805
4213 427.0
4214 459.0
4215 176.57886
4216 429.1207
4217 412.98883
4218 203.0
4219 571.9313
4220 367.2689
4221 164.2921
4222 142.43608
4223 408.72034
4224 108.07124
4225 214.46071
4226 199.67178
4227 221.73013
4228 251.08138
4229 201.63075
4230 171.91138
4231 304.21213
4232 330.45984
4233 225.6728
4234 107.751785
4235 246.74237
4236 213.35445
4237 239.66342
4238 155.0478
4239 143.40594
4240 571.92505
4241 202.13628
4242 240.9401
4243 111.27613
4244 559.3902
4245 427.6
4246 322.7337
4247 325.38257
4248 245.85243
4249 166.24315
4250 180.86835
4251 123.38678
4252 196.75624
4253 96.237854
4254 152.22295
4255 382.0036
4256 211.89838
4257 321.16693
4258 106.879295
4259 144.45702
4260 411.3668
4261 400.6268
4262 166.20587
4263 381.02927
4264 244.45412
4265 403.28186
4266 197.71474
4267 667.0
4268 176.04762
4269 342.51758
4270 181.8357
4271 340.52985
4272 230.04063
4273 407.09842
4274 177.23886
4275 107.67784
4276 222.9852
4277 332.2157
4278 314.53607
4279 397.82797
4280 172.79459
4281 245.0845
4282 244.17433
4283 200.56317
4284 342.6808
4285 174.13914
4286 218.60788
4287 94.41419
4288 427.0
4289 165.72903
4290 252.69525
4291 335.19635
4292 138.7822
4293 241.21254
4294 410.95993
4295 233.67787
4296 231.64902
4297 330.2104
4298 242.07411
4299 184.53064
4300 395.75
4301 403.70407
4302 165.55399
4303 250.30688
4304 286.46802
4305 284.734
4306 352.31766
4307 470.27414
4308 360.67935
4309 283.6
4310 275.63757
4311 284.134
4312 353.0686
4313 213.4032
4314 440.88535
4315 357.07794
4316 286.46802
4317 352.99637
4318 472.49045
4319 271.20908
4320 263.11484
4321 475.19122
4322 301.90094
4323 338.0885
4324 309.27463
4325 204.73401
4326 349.92383
4327 532.391
4328 251.0
4329 285.334
4330 377.91296
4331 309.47046
4332 264.2717
4333 346.19196
4334 300.73038
4335 524.25916
4336 278.2131
4337 359.47165
4338 292.2537
4339 80.05031
4340 526.0495
4341 203.0
4342 529.29834
4343 251.0
4344 299.91312
4345 121.515915
4346 335.5733
4347 344.5667
4348 294.9606
4349 258.78418
4350 341.80002
4351 336.4808
4352 274.2062
4353 299.8217
4354 433.36307
4355 311.0808
4356 290.7266
4357 269.43372
4358 526.5599
4359 314.08517
4360 411.0
4361 555.3579
4362 414.46802
4363 257.08652
4364 432.97015
4365 309.55914
4366 358.13974
4367 283.0
4368 288.8656
4369 268.7671
4370 421.91275
4371 284.134
4372 333.5855
4373 283.0
4374 468.27426
4375 314.87448
4376 307.8717
4377 362.1112
4378 165.57393
4379 359.2259
4380 295.63202
4381 327.07748
4382 154.19312
4383 247.59518
4384 475.96732
4385 283.0
4386 395.0
4387 328.15137
4388 323.755
4389 121.421585
4390 260.81644
4391 287.41852
4392 251.0
4393 97.72942
4394 249.7712
4395 314.77795
4396 289.68652
4397 355.01224
4398 301.55923
4399 298.0853
4400 509.8916
4401 286.46802
4402 285.80927
4403 266.42865
4404 331.7388
4405 639.5498
4406 279.99594
4407 272.30643
4408 411.0
4409 274.7142
4410 283.0
4411 283.0
4412 274.4124
4413 281.928
4414 283.0
4415 276.5448
4416 283.1644
4417 599.7035
4418 263.85587
4419 274.22476
4420 266.89774
4421 279.2197
4422 220.134
4423 203.0
4424 460.73178
4425 612.8578
4426 267.051
4427 283.0
4428 283.0
4429 283.6238
4430 283.0
4431 277.41592
4432 273.76562
4433 283.0
4434 278.60214
4435 282.32913
4436 276.94687
4437 279.6041
4438 283.0
4439 219.0
4440 715.0
4441 274.45865
4442 278.09674
4443 283.0
4444 283.0
4445 283.0
4446 283.0
4447 61.330906
4448 276.6123
4449 283.6
4450 283.0
4451 283.0
4452 219.0
4453 283.0
4454 263.65607
4455 283.0
4456 262.6202
4457 283.8194
4458 273.03525
4459 219.0
4460 283.0
4461 283.0
4462 657.6105
4463 266.78275
4464 616.94183
4465 276.5362
4466 411.0
4467 491.31107
4468 283.0
4469 278.4194
4470 219.0
4471 283.0
4472 267.7597
4473 338.4803
4474 506.40942
4475 448.6836
4476 279.78098
4477 111.126
4478 219.0
4479 283.0
4480 261.89496
4481 275.45844
4482 283.0
4483 283.0
4484 54.180553
4485 537.0172
4486 203.0
4487 272.2286
4488 283.0
4489 283.0
4490 276.86624
4491 347.0
4492 281.76898
4493 283.0
4494 275.32523
4495 280.3326
4496 283.39755
4497 406.051
4498 50.50616
4499 503.9111
4500 283.0
4501 248.48997
4502 180.0
4503 283.0
4504 651.0
4505 507.0
4506 667.0
4507 507.0
4508 387.82678
4509 299.0
4510 709.99994
4511 299.0
4512 507.0
4513 715.79736
4514 507.0
4515 299.0
4516 505.54147
4517 507.0
4518 235.6
4519 507.6
4520 491.86484
4521 507.0
4522 299.0
4523 507.0
4524 433.61246
4525 507.0
4526 270.16278
4527 507.6
4528 667.0
4529 507.0
4530 503.81778
4531 299.0
4532 307.71878
4533 507.0
4534 346.85217
4535 339.40115
4536 507.0
4537 431.82913
4538 507.0
4539 235.0
4540 651.0
4541 507.0
4542 507.0
4543 731.0
4544 507.0
4545 235.0
4546 60.19547
4547 579.1701
4548 573.3185
4549 484.23846
4550 433.96893
4551 507.0
4552 272.7443
4553 469.394
4554 731.0
4555 507.0
4556 479.57138
4557 731.0
4558 300.134
4559 299.0
4560 575.4511
4561 507.0
4562 299.0
4563 299.0
4564 299.0
4565 235.0
4566 507.0
4567 333.89426
4568 217.24304
4569 235.6
4570 721.01294
4571 332.00262
4572 235.0
4573 235.0
4574 507.0
4575 571.8439
4576 299.0
4577 507.6
4578 507.0
4579 641.6865
4580 456.7519
4581 484.3624
4582 731.6
4583 724.3336
4584 507.0
4585 480.89438
4586 580.7743
4587 507.0
4588 507.0
4589 235.0
4590 235.0
4591 235.0
4592 507.0
4593 235.0
4594 620.4153
4595 507.0
4596 299.0
4597 401.74893
4598 731.0
4599 764.9416
4600 731.0
4601 507.0
4602 235.0
4603 507.0
4604 261.12146
4605 1179.0
4606 585.4661
4607 374.58295
4608 267.0
4609 267.0
4610 598.9917
4611 542.7925
4612 537.6253
4613 399.73062
4614 754.44574
4615 267.54156
4616 591.1898
4617 267.0
4618 267.0
4619 253.44781
4620 417.75684
4621 267.0
4622 267.0
4623 267.0
4624 261.2353
4625 555.0
4626 555.0
4627 555.0
4628 262.82666
4629 267.0
4630 267.0
4631 539.76373
4632 256.12094
4633 504.29803
4634 555.0
4635 527.6049
4636 619.0
4637 407.02362
4638 267.0
4639 544.5328
4640 267.0
4641 555.0
4642 552.46924
4643 769.8988
4644 267.0
4645 587.33826
4646 265.67233
4647 731.0
4648 265.60007
4649 266.17896
4650 255.13971
4651 267.0
4652 555.60736
4653 599.07745
4654 546.8792
4655 589.8989
4656 267.6
4657 532.26117
4658 552.64014
4659 607.81915
4660 242.46281
4661 555.6
4662 267.0
4663 266.01758
4664 265.54468
4665 267.6
4666 288.91385
4667 555.0
4668 881.2871
4669 267.0
4670 386.949
4671 267.0
4672 267.0
4673 619.0
4674 619.0
4675 267.0
4676 254.51196
4677 546.7284
4678 267.0
4679 555.0
4680 243.90222
4681 538.2623
4682 596.30994
4683 583.20496
4684 267.0
4685 264.4768
4686 267.6
4687 267.0
4688 258.9388
4689 267.17612
4690 267.0
4691 555.4446
4692 242.07776
4693 731.0
4694 708.4325
4695 267.6
4696 413.4876
4697 595.3769
4698 555.0
4699 555.5321
4700 267.0
4701 405.15485
4702 266.4
4703 255.65387
4704 715.0
4705 526.56104
4706 571.0
4707 539.0
4708 515.4678
4709 539.0
4710 447.45517
4711 439.18213
4712 443.6612
4713 444.97653
4714 528.731
4715 336.37582
4716 528.80743
4717 619.0
4718 603.0
4719 539.6114
4720 715.6
4721 715.0
4722 529.1005
4723 539.0
4724 603.0
4725 551.5234
4726 715.0
4727 536.7204
4728 702.5397
4729 324.45514
4730 539.6
4731 715.0
4732 430.40903
4733 523.4615
4734 520.2691
4735 603.0
4736 539.5856
4737 420.17282
4738 523.35614
4739 192.3294
4740 539.91266
4741 539.0
4742 556.2044
4743 403.38763
4744 376.34238
4745 656.4146
4746 539.495
4747 517.7337
4748 715.0
4749 557.10284
4750 397.41086
4751 207.82059
4752 703.54095
4753 619.0
4754 603.0
4755 715.0
4756 533.4552
4757 533.81305
4758 519.39636
4759 862.3851
4760 558.36505
4761 373.43408
4762 532.4024
4763 635.6
4764 539.0
4765 212.2487
4766 696.1845
4767 702.48724
4768 521.3661
4769 537.3719
4770 539.0
4771 513.1696
4772 492.44037
4773 539.0
4774 603.0
4775 539.0
4776 378.25412
4777 535.6586
4778 539.0531
4779 533.59406
4780 705.5609
4781 1291.0
4782 465.36343
4783 323.71753
4784 603.0
4785 378.65622
4786 571.0
4787 192.60487
4788 520.82086
4789 0.0
4790 520.035
4791 533.7665
4792 521.4663
4793 452.42896
4794 485.46603
4795 250.0909
4796 438.3168
4797 515.5033
4798 516.76746
4799 539.5389
4800 539.0
4801 236.41667
4802 715.0
4803 539.0
4804 347.0
4805 587.0
4806 347.0
4807 342.7125
4808 441.48608
4809 347.0
4810 347.0
4811 348.134
4812 348.134
4813 324.02258
4814 347.0
4815 347.0
4816 332.134
4817 347.0
4818 347.0
4819 187.0
4820 276.76263
4821 323.913
4822 347.0
4823 347.0
4824 402.40778
4825 395.0
4826 587.0
4827 347.0
4828 347.0
4829 347.0
4830 706.4735
4831 347.0
4832 347.0
4833 309.473
4834 347.0
4835 811.0
4836 347.0
4837 277.28683
4838 587.6
4839 347.0
4840 347.0
4841 575.33154
4842 438.09573
4843 322.39716
4844 738.17395
4845 331.0
4846 283.0
4847 331.0
4848 347.0
4849 347.0
4850 347.0
4851 347.0
4852 811.0
4853 291.02042
4854 347.0
4855 347.0
4856 347.0
4857 333.551
4858 698.0806
4859 409.57397
4860 108.56414
4861 347.0
4862 347.0
4863 187.0
4864 347.0
4865 347.0
4866 331.0
4867 347.0
4868 587.6
4869 587.0
4870 332.134
4871 331.0
4872 395.0
4873 347.0
4874 278.4863
4875 226.1008
4876 347.0
4877 347.14493
4878 348.134
4879 347.0
4880 347.0
4881 347.0
4882 587.6
4883 587.0
4884 347.0
4885 347.0
4886 332.134
4887 565.33594
4888 700.70447
4889 347.0
4890 274.4749
4891 347.0
4892 331.0
4893 283.0
4894 392.39188
4895 331.0
4896 348.134
4897 347.0
4898 347.0
4899 331.0
4900 347.0
4901 347.0
4902 277.43106
4903 331.0
4904 427.0
4905 380.134
4906 299.0
4907 379.0
4908 379.0
4909 77.6266
4910 379.0
4911 379.0
4912 361.45166
4913 1147.0
4914 427.0
4915 299.0
4916 427.0
4917 427.0
4918 379.0
4919 379.0
4920 427.0
4921 379.0
4922 379.0
4923 379.0
4924 379.0
4925 299.0
4926 379.0
4927 427.0
4928 379.0
4929 379.0
4930 427.0
4931 23.07325
4932 64.488495
4933 1915.0
4934 427.0
4935 427.0
4936 427.0
4937 379.0
4938 475.0
4939 45.340687
4940 379.0
4941 427.0
4942 380.134
4943 427.0
4944 43.191223
4945 299.0
4946 299.0
4947 380.134
4948 355.9471
4949 299.0
4950 427.0
4951 379.0
4952 379.0
4953 421.51938
4954 427.0
4955 299.0
4956 376.57285
4957 427.0
4958 379.0
4959 365.54605
4960 427.0
4961 379.0
4962 299.0
4963 428.134
4964 379.0
4965 414.8789
4966 295.40143
4967 475.0
4968 380.134
4969 299.0
4970 299.0
4971 425.87286
4972 379.0
4973 380.134
4974 379.0
4975 300.134
4976 379.0
4977 427.0
4978 427.0
4979 475.0
4980 299.0
4981 376.6099
4982 427.0
4983 427.0
4984 379.0
4985 299.0
4986 379.0
4987 380.134
4988 379.0
4989 427.0
4990 379.0
4991 379.0
4992 379.0
4993 1979.0
4994 16.58079
4995 380.134
4996 300.134
4997 299.0
4998 349.2561
4999 419.71698
5000 427.0
5001 371.5157
5002 299.0
5003 379.0
5004 1979.0
5005 408.56366
5006 373.8217
5007 365.02557
5008 363.18893
5009 380.13818
5010 194.75664
5011 364.95236
5012 376.1106
5013 278.3297
5014 132.80128
5015 373.4462
5016 365.7681
5017 37.667454
5018 425.0441
5019 254.34431
5020 262.53586
5021 362.09555
5022 456.74652
5023 349.8701
5024 185.10118
5025 375.83582
5026 336.70462
5027 379.71152
5028 304.87323
5029 351.944
5030 194.84445
5031 371.16635
5032 430.62286
5033 453.21143
5034 255.52672
5035 386.33224
5036 255.08603
5037 306.83722
5038 274.49994
5039 360.579
5040 307.30026
5041 203.8246
5042 371.92578
5043 261.53445
5044 391.6076
5045 287.7237
5046 273.43567
5047 376.98535
5048 465.63812
5049 349.60867
5050 312.8318
5051 390.71744
5052 262.01892
5053 183.93315
5054 196.48648
5055 424.01654
5056 455.0816
5057 431.24612
5058 349.39844
5059 188.05635
5060 135.07245
5061 267.7024
5062 372.96927
5063 249.55998
5064 314.42346
5065 311.50635
5066 324.6894
5067 382.38507
5068 251.0
5069 368.32367
5070 355.10504
5071 162.88829
5072 343.9762
5073 399.22464
5074 273.6422
5075 363.31955
5076 164.15897
5077 315.99368
5078 0.0
5079 262.01224
5080 193.3936
5081 430.7554
5082 242.59903
5083 352.42245
5084 354.54773
5085 251.7415
5086 398.98645
5087 186.40942
5088 270.03372
5089 369.07718
5090 154.45444
5091 381.3996
5092 358.68127
5093 515.09076
5094 354.91873
5095 251.0
5096 367.29807
5097 10.987131
5098 163.17235
5099 347.10645
5100 351.35938
5101 408.59683
5102 371.48544
5103 367.9067
5104 203.40268
5105 219.0
5106 222.88509
5107 187.0
5108 415.12952
5109 495.47778
5110 487.41818
5111 559.28766
5112 283.0
5113 506.1966
5114 338.7532
5115 376.2344
5116 587.0
5117 360.732
5118 500.90097
5119 746.73956
5120 406.53143
5121 357.1146
5122 219.0
5123 531.4947
5124 763.3488
5125 347.2638
5126 539.45404
5127 219.0
5128 219.0
5129 505.00662
5130 492.4284
5131 219.0
5132 283.0
5133 283.0
5134 401.66467
5135 554.4404
5136 219.0
5137 515.9966
5138 219.0
5139 577.8854
5140 351.0
5141 587.0
5142 376.30038
5143 363.0
5144 488.96146
5145 487.24884
5146 354.07758
5147 587.0
5148 490.13776
5149 496.77365
5150 485.11566
5151 551.4564
5152 369.61462
5153 345.71698
5154 219.0
5155 187.0
5156 188.134
5157 563.54144
5158 479.4094
5159 363.0
5160 483.39917
5161 545.6053
5162 479.7866
5163 525.9224
5164 373.63934
5165 531.23804
5166 389.9892
5167 219.0
5168 351.0
5169 506.4189
5170 571.65533
5171 363.0
5172 219.0
5173 487.00073
5174 494.37692
5175 480.593
5176 337.2261
5177 187.0
5178 219.0
5179 558.3042
5180 483.43887
5181 219.0
5182 220.134
5183 574.8135
5184 354.31076
5185 490.47137
5186 482.6609
5187 0.0
5188 463.72882
5189 501.7024
5190 730.56836
5191 469.40106
5192 205.41988
5193 359.54535
5194 500.04898
5195 505.69775
5196 410.44324
5197 335.01077
5198 523.0993
5199 464.3379
5200 587.0
5201 348.0018
5202 363.0
5203 428.2718
5204 219.0
5205 257.39133
5206 539.0
5207 395.6
5208 395.0
5209 347.6
5210 451.32858
5211 347.0
5212 539.0
5213 395.0
5214 475.0
5215 395.0
5216 695.4168
5217 475.0
5218 395.0
5219 466.69897
5220 347.0
5221 539.0
5222 395.6
5223 607.4785
5224 396.134
5225 395.0
5226 395.0
5227 539.8185
5228 554.8408
5229 215.4688
5230 395.0
5231 347.0
5232 347.0
5233 447.55734
5234 345.866
5235 778.129
5236 463.8674
5237 454.36224
5238 264.345
5239 459.0
5240 395.0
5241 395.0
5242 395.0
5243 347.0
5244 395.0
5245 505.55746
5246 475.6
5247 395.0
5248 395.6
5249 395.0
5250 395.0
5251 395.6
5252 207.7719
5253 297.13324
5254 340.06177
5255 395.0
5256 395.0
5257 260.9177
5258 395.0
5259 8.570868
5260 395.0
5261 395.0
5262 510.33987
5263 539.0
5264 539.0
5265 539.0
5266 475.0
5267 395.0
5268 636.9754
5269 372.0
5270 453.59183
5271 336.80002
5272 395.6
5273 539.0
5274 395.6
5275 343.96616
5276 395.0
5277 509.85715
5278 539.0
5279 395.0
5280 395.6
5281 395.0
5282 395.0
5283 539.6
5284 203.0
5285 704.03375
5286 510.81592
5287 347.0
5288 511.92313
5289 459.13693
5290 444.2182
5291 388.5243
5292 395.0
5293 447.21658
5294 554.70917
5295 395.0
5296 203.0
5297 395.0
5298 537.312
5299 564.8145
5300 393.7468
5301 395.0
5302 247.50685
5303 395.0
5304 228.17448
5305 315.0
5306 411.9508
5307 373.2815
5308 233.28792
5309 366.9196
5310 286.80072
5311 359.04694
5312 327.8053
5313 475.0
5314 235.0
5315 315.0
5316 292.32858
5317 195.49756
5318 382.6793
5319 336.21146
5320 253.82103
5321 363.0
5322 373.01636
5323 330.4335
5324 406.85168
5325 222.88457
5326 348.00003
5327 342.14185
5328 187.23317
5329 363.0
5330 171.0
5331 300.92682
5332 363.0
5333 171.0
5334 630.1397
5335 363.0
5336 319.0645
5337 353.98712
5338 235.0
5339 235.0
5340 235.0
5341 363.0
5342 363.0
5343 257.03
5344 235.6
5345 345.52798
5346 280.3834
5347 693.4047
5348 284.3176
5349 353.63916
5350 363.0
5351 359.96744
5352 331.17633
5353 346.98367
5354 332.2732
5355 235.6
5356 363.0
5357 268.75436
5358 224.18347
5359 363.0
5360 310.89694
5361 333.7707
5362 345.0149
5363 191.4863
5364 320.3755
5365 296.83438
5366 347.6448
5367 288.48654
5368 235.0
5369 235.0
5370 310.56653
5371 315.0
5372 384.32758
5373 309.25397
5374 343.21365
5375 171.0
5376 315.0
5377 239.21483
5378 245.682
5379 208.70126
5380 56.642677
5381 363.0
5382 235.6
5383 236.29272
5384 171.0
5385 252.23735
5386 220.36778
5387 347.55438
5388 363.0
5389 235.74149
5390 401.51874
5391 64.94965
5392 315.0
5393 341.77133
5394 283.0
5395 277.00537
5396 235.0
5397 294.53772
5398 221.70166
5399 235.0
5400 377.58704
5401 235.0
5402 339.66135
5403 353.355
5404 322.52505
5405 299.344
5406 327.40878
5407 293.371
5408 310.85934
5409 319.891
5410 267.88196
5411 344.13745
5412 326.36578
5413 337.80496
5414 320.59854
5415 309.23816
5416 409.50528
5417 299.7199
5418 281.9638
5419 296.57565
5420 335.85654
5421 407.32962
5422 355.54636
5423 408.81995
5424 360.9011
5425 307.0924
5426 404.77444
5427 324.38504
5428 328.7608
5429 406.6198
5430 294.8779
5431 296.10846
5432 288.34842
5433 371.81516
5434 318.29007
5435 411.0
5436 403.20563
5437 279.05374
5438 306.8063
5439 300.64096
5440 336.84396
5441 400.76477
5442 409.79355
5443 315.62347
5444 365.9214
5445 313.2967
5446 307.86227
5447 307.6421
5448 411.0
5449 358.6671
5450 315.62628
5451 330.24823
5452 323.61328
5453 399.33374
5454 313.66473
5455 172.134
5456 339.39584
5457 322.68472
5458 274.07172
5459 218.04079
5460 172.134
5461 280.27527
5462 325.61127
5463 296.02017
5464 411.0
5465 309.6303
5466 343.5452
5467 313.1338
5468 400.47705
5469 334.36966
5470 283.03146
5471 299.91965
5472 306.61707
5473 411.0
5474 324.19266
5475 392.03668
5476 309.82324
5477 318.74835
5478 376.8835
5479 267.57913
5480 372.79257
5481 332.53214
5482 286.39282
5483 326.96127
5484 331.17908
5485 339.0946
5486 246.47969
5487 331.14386
5488 310.98947
5489 302.37592
5490 285.30493
5491 200.80046
5492 408.66162
5493 308.51575
5494 400.45377
5495 358.83395
5496 298.89108
5497 296.3742
5498 285.90207
5499 327.0232
5500 308.17572
5501 345.24918
5502 336.41776
5503 372.20053
5504 292.7513
5505 443.0
5506 586.56836
5507 204.2
5508 235.0
5509 507.0
5510 276.0
5511 236.134
5512 507.0
5513 584.9796
5514 455.00586
5515 373.4993
5516 443.9116
5517 446.36377
5518 235.0
5519 235.0
5520 446.59454
5521 203.6
5522 443.6
5523 443.0
5524 534.1397
5525 478.8385
5526 443.0
5527 573.268
5528 302.52274
5529 427.56412
5530 443.6
5531 453.70038
5532 520.3004
5533 438.0108
5534 203.0
5535 443.0
5536 235.0
5537 363.0
5538 235.0
5539 437.4745
5540 235.0
5541 235.0
5542 235.0
5543 235.0
5544 443.0
5545 462.35703
5546 203.0
5547 235.0
5548 667.0
5549 446.70517
5550 235.0
5551 203.0
5552 363.0
5553 309.51062
5554 274.52808
5555 228.38538
5556 235.0
5557 385.67694
5558 203.0
5559 440.32394
5560 641.9171
5561 203.0
5562 380.45917
5563 435.41864
5564 448.79443
5565 443.0
5566 349.3032
5567 711.6216
5568 235.0
5569 235.0
5570 235.0
5571 235.0
5572 571.0
5573 440.1914
5574 443.0
5575 363.0
5576 443.0
5577 363.0
5578 203.0
5579 434.29358
5580 584.15967
5581 363.0
5582 425.71313
5583 407.46802
5584 203.0
5585 213.80078
5586 235.0
5587 482.76273
5588 286.2058
5589 235.0
5590 235.0
5591 442.4919
5592 236.134
5593 219.42163
5594 203.0
5595 378.24518
5596 235.0
5597 443.0
5598 443.0
5599 203.0
5600 211.25993
5601 203.0
5602 363.0
5603 363.0
5604 299.00314
5605 523.0
5606 411.4451
5607 523.0
5608 651.0
5609 579.8399
5610 523.0
5611 523.0
5612 347.0
5613 661.751
5614 389.7227
5615 522.4843
5616 570.9183
5617 654.2185
5618 523.0
5619 827.0
5620 513.50806
5621 562.9144
5622 891.0
5623 513.32666
5624 563.3733
5625 566.996
5626 654.468
5627 347.0
5628 573.27997
5629 441.9456
5630 347.0
5631 517.07104
5632 407.67697
5633 520.41223
5634 347.0
5635 399.53232
5636 411.4451
5637 347.0
5638 523.0
5639 536.8129
5640 892.134
5641 347.0
5642 505.408
5643 363.1889
5644 891.0
5645 364.75705
5646 473.53436
5647 731.0
5648 520.6053
5649 590.7431
5650 539.8779
5651 715.4451
5652 891.0
5653 696.0446
5654 523.0
5655 518.7585
5656 528.22754
5657 521.7052
5658 579.59875
5659 414.3552
5660 528.08795
5661 523.0
5662 827.0
5663 387.2414
5664 511.07147
5665 518.9186
5666 520.2969
5667 636.25244
5668 505.84988
5669 570.6588
5670 523.0
5671 522.76434
5672 891.0
5673 523.0
5674 523.0
5675 703.76245
5676 523.0
5677 552.09296
5678 523.80865
5679 347.0
5680 347.0
5681 45.11541
5682 523.0
5683 513.5424
5684 347.0
5685 523.0
5686 523.6
5687 201.43027
5688 516.051
5689 508.09003
5690 517.6511
5691 347.0
5692 347.0
5693 513.1958
5694 573.6974
5695 485.34094
5696 348.134
5697 525.5362
5698 547.67566
5699 0.0
5700 523.0
5701 905.5333
5702 827.0
5703 731.0
5704 562.5636
5705 553.38916
5706 555.0
5707 45.814972
5708 56.238667
5709 219.0
5710 47.373985
5711 692.6713
5712 543.7887
5713 443.0
5714 549.70386
5715 601.675
5716 555.0
5717 219.6
5718 534.6062
5719 747.0
5720 26.28168
5721 651.0
5722 555.0
5723 520.8769
5724 939.0
5725 550.3915
5726 219.0
5727 50.671963
5728 219.6
5729 555.0
5730 555.0
5731 443.6
5732 555.0
5733 615.7778
5734 554.85236
5735 555.0
5736 219.0
5737 546.5939
5738 55.175953
5739 555.0
5740 547.04114
5741 544.98224
5742 220.134
5743 219.0
5744 549.33746
5745 432.17944
5746 651.0
5747 555.0
5748 747.0
5749 551.61615
5750 219.0
5751 543.991
5752 219.0
5753 360.1756
5754 555.0
5755 175.84981
5756 827.0
5757 554.76074
5758 87.23889
5759 219.0
5760 30.688183
5761 553.11774
5762 545.29224
5763 443.0
5764 574.0748
5765 543.0166
5766 551.8051
5767 39.781086
5768 555.0
5769 555.0
5770 541.37933
5771 545.08563
5772 299.0
5773 299.0
5774 443.0
5775 443.0
5776 565.5969
5777 45.199306
5778 555.0
5779 827.6
5780 747.0
5781 220.134
5782 539.8891
5783 554.6593
5784 532.5438
5785 827.0
5786 546.7807
5787 747.0
5788 33.199997
5789 555.0
5790 210.4669
5791 747.0
5792 1071.4878
5793 747.0
5794 418.4588
5795 553.8558
5796 551.5704
5797 551.4506
5798 555.0
5799 443.0
5800 299.0
5801 699.0
5802 21.452793
5803 55.086605
5804 984.18445
5805 315.0
5806 967.713
5807 635.0
5808 315.0
5809 172.134
5810 575.56177
5811 654.03577
5812 857.2603
5813 2043.0
5814 728.80005
5815 650.56836
5816 171.0
5817 683.0
5818 315.0
5819 626.88605
5820 289.96237
5821 187.0
5822 171.0
5823 830.71204
5824 187.0
5825 187.0
5826 872.36365
5827 1249.2083
5828 635.6
5829 315.0
5830 315.0
5831 635.0
5832 654.3586
5833 752.8
5834 868.2204
5835 683.0
5836 441.78644
5837 187.0
5838 635.0
5839 171.0
5840 886.83356
5841 763.0
5842 572.836
5843 171.0
5844 763.6
5845 315.0
5846 876.92285
5847 171.0
5848 763.0
5849 635.6
5850 683.0
5851 187.0
5852 187.0
5853 315.0
5854 662.2983
5855 315.0
5856 187.0
5857 555.66675
5858 635.0
5859 315.0
5860 635.0
5861 635.0
5862 187.0
5863 315.0
5864 585.4138
5865 187.0
5866 1064.6442
5867 1062.0964
5868 188.134
5869 877.06744
5870 835.2632
5871 606.72076
5872 316.2
5873 187.0
5874 187.0
5875 458.11136
5876 850.98535
5877 976.8449
5878 547.8084
5879 611.1006
5880 187.0
5881 171.0
5882 836.39404
5883 187.0
5884 552.08185
5885 188.134
5886 763.0
5887 377.07596
5888 171.0
5889 187.0
5890 661.97516
5891 939.0
5892 426.14178
5893 171.0
5894 1734.4479
5895 187.0
5896 891.0
5897 635.0
5898 1049.6388
5899 171.0
5900 188.134
5901 187.0
5902 683.0
5903 171.0
5904 427.0
5905 2043.0
5906 491.0
5907 827.0
5908 235.0
5909 235.0
5910 1899.0
5911 1451.0
5912 828.134
5913 715.0
5914 460.134
5915 491.0
5916 827.0
5917 603.0
5918 491.0
5919 459.0
5920 693.0371
5921 2027.0
5922 827.0
5923 235.0
5924 133.9317
5925 779.0
5926 779.0
5927 875.0
5928 779.0
5929 235.0
5930 491.0
5931 827.0
5932 235.0
5933 603.0
5934 459.0
5935 491.0
5936 459.0
5937 715.0
5938 603.0
5939 491.0
5940 665.9862
5941 459.0
5942 459.0
5943 1451.0
5944 459.0
5945 459.0
5946 459.0
5947 939.0
5948 459.0
5949 235.0
5950 459.0
5951 715.0
5952 715.0
5953 869.94946
5954 491.0
5955 235.0
5956 827.0
5957 459.0
5958 940.134
5959 235.0
5960 1925.7402
5961 459.0
5962 715.6
5963 716.134
5964 41.01058
5965 715.6
5966 827.0
5967 235.0
5968 235.0
5969 939.0
5970 1595.0
5971 715.0
5972 1355.0
5973 235.0
5974 235.0
5975 779.0
5976 779.0
5977 715.0
5978 715.0
5979 459.0
5980 827.0
5981 235.0
5982 235.0
