1 176.16954
2 0.0
3 0.0
4 1.1340001
5 57.434258
6 273.66364
7 0.0
8 0.0
9 0.0
10 59.357082
11 1.1340001
12 128.28046
13 52.630905
14 86.03201
15 31.788877
16 0.0
17 41.16878
18 35.403477
19 68.67447
20 140.8974
21 49.958115
22 239.58517
23 164.55595
24 14.735702
25 4.0020003
26 64.6116
27 203.0
28 17.517506
29 0.0
30 0.0
31 0.0
32 1.1340001
33 28.35865
34 54.09684
35 197.15619
36 197.53032
37 249.06305
38 0.0
39 12.830495
40 14.069152
41 46.16517
42 63.81876
43 15.404224
44 21.583769
45 25.067324
46 110.22669
47 0.0
48 166.76585
49 1.589788
50 2.1455889
51 175.61664
52 85.33994
53 49.31237
54 15.899565
55 0.0
56 193.70566
57 28.752165
58 0.0
59 0.0
60 29.945543
61 17.00567
62 175.216
63 282.57632
64 0.0
65 11.592566
66 31.745354
67 117.20161
68 3.2185202
69 117.08593
70 0.0
71 34.745667
72 63.44002
73 158.89195
74 174.57527
75 3.1466308
76 299.6
77 50.128677
78 2.334
79 163.72401
80 0.0
81 0.6
82 0.0
83 79.3064
84 0.0
85 117.13985
86 81.30708
87 6.6747775
88 10.268132
89 0.0
90 6.0838547
91 12.989002
92 36.705692
93 84.013885
94 4.747227
95 0.0
96 73.42843
97 4.064483
98 72.82296
99 0.0
100 0.0
101 164.0
102 219.0
103 257.85083
104 105.594864
105 30.020643
106 155.0
107 293.3841
108 219.0
109 109.89622
110 219.0
111 219.0
112 166.41455
113 218.4
114 134.47717
115 52.270504
116 81.23797
117 145.46043
118 6.584196
119 219.0
120 219.0
121 214.26799
122 151.19377
123 149.451
124 155.0
125 30.59488
126 0.0
127 92.83056
128 155.0
129 143.76746
130 17.365633
131 132.19263
132 125.78452
133 9.010335
134 155.0
135 103.75002
136 0.0
137 57.3512
138 155.0
139 200.87685
140 19.82477
141 6.6146307
142 94.55472
143 76.32101
144 155.0
145 5.3755016
146 0.0
147 37.196808
148 24.645733
149 28.336208
150 0.0
151 53.495056
152 283.0
153 363.0
154 0.0
155 219.0
156 103.67579
157 155.0
158 125.02699
159 21.645935
160 141.34221
161 113.47308
162 136.18079
163 141.75021
164 32.402096
165 0.0
166 96.080414
167 37.133858
168 0.0
169 184.71626
170 0.0
171 155.6
172 130.89822
173 16.480425
174 155.6
175 164.0
176 103.58773
177 139.8268
178 0.0
179 146.73563
180 53.234413
181 83.541275
182 6.6865206
183 167.34326
184 164.0
185 210.998
186 69.97696
187 0.0
188 284.134
189 69.43676
190 0.0
191 0.0
192 23.890932
193 0.0
194 209.32957
195 87.643616
196 0.0
197 0.0
198 2.20926
199 0.0
200 0.0
201 239.19371
202 229.2085
203 114.91504
204 377.30307
205 324.0
206 239.60199
207 389.47552
208 168.38388
209 267.0
210 380.14108
211 301.4313
212 267.6
213 243.81381
214 260.56705
215 121.13138
216 267.6
217 26.999506
218 0.0
219 267.0
220 267.0
221 224.44862
222 214.01413
223 69.6579
224 243.27586
225 376.48367
226 190.96788
227 152.92888
228 78.6065
229 184.53157
230 22.046848
231 157.52068
232 318.32584
233 137.54822
234 58.347595
235 65.654854
236 280.70242
237 134.54733
238 267.0
239 55.748363
240 408.24362
241 272.28772
242 196.97156
243 254.60057
244 55.666595
245 161.94598
246 267.20395
247 70.011246
248 127.20771
249 267.0
250 0.49588525
251 267.0
252 284.62192
253 46.68156
254 331.79233
255 0.0
256 146.72626
257 429.0733
258 171.4446
259 410.9384
260 1.1340001
261 369.785
262 41.192448
263 361.36334
264 17.285864
265 12.671674
266 265.266
267 23.75192
268 267.0
269 47.606346
270 0.0
271 0.0
272 61.941708
273 0.0
274 234.20363
275 368.04044
276 180.5791
277 267.6
278 173.8052
279 141.09512
280 28.250454
281 0.0
282 0.0
283 113.337364
284 267.0
285 79.167564
286 0.0
287 269.16428
288 403.8689
289 367.3298
290 0.0
291 243.0756
292 5.5877523
293 267.0
294 262.39798
295 293.07712
296 278.56454
297 105.51525
298 257.449
299 8.21513
300 247.83296
301 0.0
302 220.59926
303 223.40901
304 481.09476
305 251.0
306 251.0
307 363.0
308 223.92659
309 251.0
310 251.0
311 103.55298
312 231.08614
313 239.73085
314 251.0
315 64.878944
316 132.66585
317 81.8921
318 251.0
319 222.45293
320 140.43954
321 0.0
322 248.92407
323 136.45866
324 229.08635
325 251.0631
326 137.24352
327 63.164898
328 47.75726
329 249.8
330 95.17866
331 75.46373
332 222.4219
333 227.9334
334 233.66928
335 159.07423
336 32.637028
337 251.0
338 77.932465
339 173.60037
340 0.0
341 98.81174
342 416.68127
343 165.28516
344 22.796362
345 241.16948
346 250.05252
347 151.53725
348 225.35704
349 236.1269
350 172.98096
351 133.98695
352 189.17146
353 225.56743
354 363.0
355 351.2451
356 181.89444
357 251.0
358 251.0
359 80.5982
360 251.0
361 35.18916
362 246.66457
363 233.54301
364 363.0
365 27.54307
366 0.6
367 85.01973
368 131.80591
369 26.131258
370 251.07785
371 251.0
372 225.90248
373 87.801414
374 46.509922
375 141.89206
376 98.61018
377 12.038059
378 107.29521
379 251.0
380 0.0
381 50.1789
382 117.79923
383 185.59909
384 243.25766
385 0.0
386 233.60617
387 9.051343
388 30.050606
389 178.28178
390 70.37858
391 35.6415
392 229.08122
393 81.5261
394 20.23137
395 10.684566
396 54.01612
397 251.70277
398 0.0
399 85.74546
400 223.392
401 203.0
402 165.34444
403 203.0
404 203.0
405 427.0
406 203.0
407 204.134
408 343.67352
409 251.99022
410 8.827593
411 203.0
412 21.264856
413 203.0
414 71.65697
415 203.0
416 192.47224
417 177.16336
418 315.0
419 203.0
420 243.37682
421 204.134
422 204.134
423 203.0
424 234.35928
425 203.0
426 203.0
427 133.01215
428 203.0
429 130.40622
430 203.0
431 114.5677
432 203.0
433 101.8598
434 171.03737
435 427.6
436 167.52364
437 128.59726
438 135.86203
439 116.780365
440 111.15117
441 128.55771
442 177.7763
443 60.05432
444 76.809456
445 427.0
446 203.0
447 179.52596
448 184.5915
449 114.449524
450 184.96727
451 291.88385
452 203.0
453 203.0
454 203.0
455 414.31686
456 413.1535
457 203.0
458 127.87819
459 38.077312
460 168.3238
461 269.75967
462 154.30214
463 238.76102
464 203.0
465 148.27162
466 132.2448
467 137.73227
468 30.302053
469 121.94923
470 203.0
471 156.93494
472 204.134
473 0.0
474 96.455376
475 102.413704
476 255.80318
477 134.49413
478 203.0
479 203.0
480 131.07191
481 107.36123
482 203.0
483 120.59525
484 140.11046
485 417.42355
486 1.1340001
487 203.0
488 140.12234
489 412.8875
490 83.75478
491 109.31313
492 35.507072
493 117.46599
494 192.51709
495 247.37778
496 47.789345
497 203.0
498 53.54996
499 45.73989
500 13.989996
501 171.0
502 363.0
503 235.0
504 171.0
505 171.0
506 172.134
507 235.0
508 236.134
509 145.42801
510 147.58594
511 171.0
512 390.4223
513 158.38403
514 235.0
515 334.82242
516 235.0
517 235.0
518 203.0
519 235.0
520 235.0
521 352.84302
522 171.0
523 235.0
524 146.83296
525 236.134
526 171.0
527 343.11813
528 344.29044
529 346.60922
530 171.0
531 171.0
532 133.46625
533 225.94301
534 235.0
535 235.0
536 345.931
537 171.0
538 353.07947
539 121.17414
540 171.0
541 137.10359
542 236.134
543 91.59551
544 149.52705
545 235.0
546 104.80393
547 235.0
548 174.99847
549 88.385284
550 339.5377
551 354.0768
552 171.0
553 208.14342
554 54.649296
555 363.0
556 319.54764
557 29.183283
558 16.08051
559 148.62537
560 235.0
561 105.293015
562 171.0
563 172.134
564 95.62163
565 235.0
566 1.7340001
567 177.61462
568 126.93928
569 172.134
570 4.6295385
571 171.0
572 87.951004
573 201.26736
574 127.01538
575 196.70258
576 171.65874
577 134.59337
578 171.0
579 168.73201
580 32.538822
581 235.0
582 149.64099
583 143.64326
584 355.54987
585 201.82462
586 363.0
587 86.063545
588 169.3678
589 143.87155
590 132.1493
591 76.060684
592 127.168564
593 171.0
594 197.61874
595 171.0
596 104.36021
597 235.0
598 164.29106
599 79.254326
600 171.0
601 219.0
602 295.7731
603 308.08563
604 315.0
605 219.0
606 315.0
607 302.0889
608 122.01947
609 459.6
610 219.0
611 179.31804
612 219.0
613 219.0
614 305.98892
615 213.07365
616 459.0
617 219.0
618 299.02985
619 238.20001
620 312.80493
621 201.71413
622 219.0
623 235.07428
624 204.09889
625 219.0
626 219.0
627 161.41014
628 219.0
629 294.56772
630 147.72035
631 295.25183
632 95.97987
633 145.43068
634 219.0
635 219.0
636 55.900497
637 167.63683
638 220.134
639 219.0
640 219.0
641 219.0
642 219.0
643 219.0
644 125.433945
645 191.43294
646 219.0
647 142.40971
648 219.0
649 315.0
650 219.0
651 219.0
652 219.0
653 219.0
654 302.3126
655 220.134
656 219.0
657 315.0
658 219.0
659 315.0
660 62.764656
661 219.0
662 220.134
663 184.05243
664 117.106766
665 219.0
666 186.944
667 219.0
668 293.3178
669 219.0
670 219.0
671 219.0
672 219.0
673 135.61574
674 199.42464
675 219.0
676 219.0
677 296.98422
678 310.0751
679 86.16318
680 47.607006
681 219.0
682 155.90053
683 201.632
684 147.64816
685 219.0
686 144.46576
687 28.240402
688 314.14017
689 598.655
690 315.0
691 219.0
692 1.1340001
693 0.0
694 0.0
695 0.0
696 219.0
697 219.0
698 219.0
699 220.134
700 151.86256
701 248.2643
702 267.0
703 253.22328
704 256.20758
705 248.69432
706 261.4429
707 483.6424
708 260.65958
709 203.0
710 267.6
711 60.382343
712 244.18613
713 260.27008
714 500.19266
715 152.95178
716 243.7841
717 255.50592
718 39.932163
719 242.17596
720 262.29675
721 244.37311
722 78.23359
723 203.0
724 203.0
725 241.49568
726 246.15567
727 253.37836
728 264.17728
729 98.426445
730 181.88338
731 237.51266
732 138.83041
733 113.446556
734 203.0
735 267.0
736 187.16736
737 199.31049
738 87.78591
739 257.91574
740 73.70271
741 247.6991
742 249.33904
743 260.2787
744 237.08519
745 827.0
746 105.35784
747 242.1827
748 248.46342
749 251.12695
750 203.0
751 69.09454
752 259.79785
753 203.0
754 246.19724
755 267.0
756 132.3003
757 124.77663
758 552.0698
759 243.78645
760 260.2798
761 48.73417
762 265.79556
763 50.292477
764 238.03246
765 244.59627
766 250.77542
767 243.01491
768 59.815205
769 79.40211
770 267.0
771 242.37767
772 37.48063
773 117.45056
774 85.03523
775 95.3317
776 248.02354
777 237.89807
778 249.45149
779 21.155464
780 62.46494
781 71.58871
782 167.33145
783 10.81154
784 51.402283
785 252.15497
786 256.872
787 197.37517
788 253.36559
789 203.0
790 83.4741
791 248.87337
792 252.84012
793 87.727325
794 189.04803
795 251.04016
796 255.17307
797 207.32085
798 54.16638
799 50.065342
800 250.51886
801 827.0
802 273.34122
803 56.116657
804 636.134
805 543.5995
806 220.134
807 555.0
808 109.75675
809 106.5389
810 219.0
811 219.0
812 187.0
813 539.78876
814 115.4789
815 219.0
816 219.0
817 219.0
818 549.6337
819 549.89075
820 219.0
821 134.28595
822 555.0
823 267.0
824 72.62369
825 483.4303
826 73.93468
827 219.0
828 187.0
829 84.59049
830 429.32834
831 219.0
832 219.0
833 555.0
834 132.82715
835 219.0
836 219.0
837 219.0
838 99.90651
839 635.0
840 219.0
841 440.88034
842 811.0
843 219.0
844 158.48767
845 220.134
846 555.0
847 554.4615
848 219.0
849 219.0
850 267.0
851 219.0
852 122.95159
853 202.44594
854 0.0
855 108.83596
856 24.601635
857 555.6
858 212.14914
859 219.0
860 141.06111
861 219.0
862 555.0
863 187.0
864 98.67741
865 52.912315
866 57.52928
867 219.0
868 409.81943
869 654.0236
870 303.88715
871 97.885635
872 555.0
873 195.33415
874 219.0
875 187.0
876 91.57731
877 32.9946
878 126.09516
879 61.325756
880 0.0
881 538.3226
882 37.41463
883 555.0
884 159.2912
885 219.0
886 214.04329
887 219.0
888 50.413593
889 45.071583
890 219.0
891 987.0
892 339.00272
893 219.0
894 530.96313
895 267.0
896 219.0
897 537.47797
898 206.0173
899 27.015652
900 0.0
901 546.08777
902 987.0
903 731.0
904 315.0
905 875.0
906 732.134
907 219.0
908 219.0
909 523.0
910 219.0
911 524.134
912 315.0
913 315.0
914 443.0
915 315.0
916 220.134
917 315.0
918 219.0
919 523.0
920 219.0
921 153.1728
922 763.0
923 196.93929
924 523.0
925 315.0
926 523.0
927 315.0
928 523.0
929 523.0
930 315.0
931 524.134
932 315.0
933 284.01645
934 316.134
935 48.77953
936 316.134
937 315.0
938 197.96507
939 165.3616
940 225.96185
941 219.0
942 731.0
943 316.134
944 315.0
945 315.6
946 65.85992
947 219.0
948 219.0
949 443.0
950 219.0
951 763.0
952 443.0
953 315.0
954 71.557495
955 443.0
956 524.134
957 219.0
958 523.0
959 443.0
960 219.0
961 315.6
962 219.0
963 109.607216
964 223.47466
965 443.0
966 219.0
967 258.3092
968 219.0
969 732.134
970 219.0
971 98.57102
972 219.0
973 197.97903
974 571.0
975 158.72658
976 0.0
977 0.0
978 524.134
979 219.0
980 219.0
981 143.13495
982 212.14914
983 219.0
984 316.134
985 6.07647
986 219.0
987 316.134
988 219.0
989 163.88481
990 236.75696
991 181.51935
992 523.0
993 315.0
994 211.52266
995 219.0
996 87.592964
997 47.031635
998 28.50548
999 315.0
1000 513.4677
1001 594.8237
1002 443.0
1003 378.46765
1004 302.01917
1005 361.32947
1006 293.53278
1007 384.78293
1008 344.0143
1009 350.5021
1010 199.38339
1011 344.95447
1012 298.52493
1013 304.66354
1014 308.18896
1015 172.134
1016 171.0
1017 300.544
1018 306.62442
1019 270.48523
1020 365.23587
1021 319.95782
1022 348.39954
1023 171.0
1024 193.98874
1025 237.56732
1026 316.32706
1027 304.51904
1028 311.16223
1029 141.76393
1030 318.8335
1031 303.07175
1032 326.2387
1033 290.88928
1034 172.134
1035 305.40057
1036 366.60477
1037 301.83853
1038 304.8918
1039 352.0087
1040 379.31653
1041 306.30313
1042 315.44043
1043 292.42468
1044 302.42407
1045 346.89023
1046 171.0
1047 325.20187
1048 333.28088
1049 316.00882
1050 232.09824
1051 171.0
1052 171.0
1053 358.45853
1054 171.0
1055 171.0
1056 294.82852
1057 119.668236
1058 327.50873
1059 298.07693
1060 171.0
1061 305.27466
1062 171.0
1063 171.0
1064 325.39975
1065 31.487856
1066 171.0
1067 299.2032
1068 171.0
1069 345.48746
1070 323.4483
1071 316.58743
1072 350.1177
1073 372.981
1074 171.0
1075 127.815094
1076 298.56125
1077 298.03705
1078 305.82462
1079 315.44568
1080 375.4951
1081 162.67712
1082 97.52348
1083 304.20624
1084 299.32364
1085 301.96646
1086 324.10703
1087 198.07428
1088 297.73944
1089 189.34586
1090 332.3034
1091 328.85995
1092 192.85919
1093 297.9019
1094 342.30057
1095 318.78363
1096 331.83994
1097 315.74255
1098 276.0
1099 266.66968
1100 266.31155
1101 171.0
1102 301.0525
1103 267.0
1104 414.87598
1105 267.0
1106 315.89893
1107 267.0
1108 267.0
1109 236.2
1110 204.06801
1111 423.7511
1112 267.0
1113 267.0
1114 267.0
1115 267.0
1116 267.0
1117 267.0
1118 267.0
1119 267.0
1120 267.0
1121 267.0
1122 251.0
1123 267.0
1124 268.134
1125 150.03935
1126 268.134
1127 267.0
1128 267.0
1129 267.0
1130 267.0
1131 267.0
1132 265.65997
1133 267.0
1134 155.79039
1135 267.0
1136 267.0
1137 507.19644
1138 281.0147
1139 267.0
1140 268.134
1141 267.0
1142 267.0
1143 267.0
1144 268.134
1145 268.134
1146 267.0
1147 267.0
1148 268.134
1149 268.134
1150 267.0
1151 267.0
1152 235.75113
1153 267.0
1154 191.48996
1155 488.20398
1156 13.982173
1157 171.84741
1158 176.50546
1159 267.0
1160 267.0
1161 267.0
1162 364.38342
1163 409.09073
1164 267.0
1165 267.0
1166 266.4
1167 267.0
1168 287.69266
1169 195.73204
1170 267.0
1171 267.0
1172 176.8025
1173 265.1514
1174 267.0
1175 194.35126
1176 213.79349
1177 136.12599
1178 267.0
1179 221.4158
1180 140.06987
1181 267.0
1182 163.8175
1183 268.134
1184 163.11958
1185 268.134
1186 267.0
1187 267.0
1188 267.0
1189 267.0
1190 267.0
1191 267.0
1192 267.0
1193 268.134
1194 344.24042
1195 253.268
1196 267.0
1197 268.134
1198 268.134
1199 372.82672
1200 267.0
1201 460.10446
1202 268.134
1203 219.0
1204 309.18283
1205 211.78537
1206 304.55252
1207 219.0
1208 317.0102
1209 219.0
1210 219.0
1211 220.134
1212 204.18169
1213 217.8
1214 219.0
1215 219.0
1216 268.75406
1217 219.0
1218 220.134
1219 220.134
1220 219.0
1221 212.38538
1222 219.0
1223 220.134
1224 195.99664
1225 219.0
1226 219.0
1227 366.56787
1228 220.134
1229 283.9739
1230 219.0
1231 219.0
1232 219.6
1233 220.134
1234 212.38538
1235 219.0
1236 219.0
1237 216.73201
1238 271.61862
1239 219.0
1240 271.11298
1241 201.50136
1242 299.0
1243 219.0
1244 300.9599
1245 219.0
1246 89.92056
1247 220.134
1248 220.134
1249 504.83862
1250 458.2024
1251 219.0
1252 621.32166
1253 208.47635
1254 216.90816
1255 385.05072
1256 288.6888
1257 718.11414
1258 210.91048
1259 219.0
1260 282.13483
1261 220.134
1262 204.66081
1263 209.37593
1264 219.0
1265 219.0
1266 219.0
1267 281.50156
1268 220.134
1269 220.134
1270 706.774
1271 219.0
1272 219.0
1273 219.0
1274 220.134
1275 220.134
1276 185.63852
1277 219.0
1278 278.92813
1279 219.0
1280 219.0
1281 219.0
1282 220.134
1283 219.0
1284 386.4108
1285 219.0
1286 219.0
1287 219.0
1288 285.9198
1289 219.0
1290 219.0
1291 211.27081
1292 219.0
1293 219.0
1294 395.96884
1295 219.0
1296 219.0
1297 219.0
1298 219.0
1299 359.54608
1300 219.0
1301 171.6753
1302 220.134
1303 319.05093
1304 558.3435
1305 292.58722
1306 547.80756
1307 395.0
1308 363.0
1309 382.8575
1310 219.0
1311 187.81967
1312 197.70903
1313 315.0
1314 565.3205
1315 373.52478
1316 297.17474
1317 315.0
1318 363.0
1319 289.07324
1320 395.0
1321 219.0
1322 268.04504
1323 382.95554
1324 179.08197
1325 315.0
1326 395.0
1327 315.0
1328 226.41995
1329 250.82236
1330 243.68999
1331 165.44397
1332 219.0
1333 538.65845
1334 315.0
1335 395.0
1336 290.14722
1337 224.3755
1338 244.05148
1339 395.0
1340 354.2406
1341 377.43582
1342 236.33838
1343 394.4
1344 270.42078
1345 378.5684
1346 363.0
1347 363.0
1348 315.0
1349 277.40363
1350 238.77252
1351 294.45355
1352 544.9729
1353 363.0
1354 226.82146
1355 315.0
1356 363.6
1357 228.55101
1358 239.15312
1359 279.4254
1360 304.34027
1361 273.50687
1362 234.46346
1363 291.3709
1364 219.0
1365 504.79593
1366 247.91418
1367 373.25616
1368 535.1457
1369 316.2632
1370 544.1983
1371 62.867783
1372 315.0
1373 288.7411
1374 0.0
1375 395.0
1376 315.0
1377 542.28357
1378 157.76164
1379 293.85324
1380 205.17363
1381 202.10254
1382 220.20001
1383 230.66194
1384 207.08853
1385 395.0
1386 287.7887
1387 395.0
1388 230.2306
1389 216.9753
1390 174.90599
1391 219.0
1392 219.0
1393 224.02045
1394 261.09293
1395 374.60004
1396 363.0
1397 329.3033
1398 307.97937
1399 315.0
1400 130.61714
1401 219.0
1402 310.1498
1403 166.45894
1404 379.0
1405 379.0
1406 505.3376
1407 379.0
1408 379.0
1409 379.6
1410 483.33258
1411 379.0
1412 379.0
1413 271.1289
1414 379.0
1415 628.6066
1416 299.0
1417 299.0
1418 508.8772
1419 299.0
1420 196.14914
1421 396.0876
1422 371.1234
1423 153.26476
1424 272.72754
1425 571.0
1426 367.97504
1427 557.143
1428 204.134
1429 379.0
1430 365.17786
1431 356.7056
1432 286.8558
1433 350.71945
1434 393.54593
1435 379.6
1436 361.76266
1437 463.86932
1438 51.469067
1439 400.93848
1440 379.6
1441 163.24132
1442 203.0
1443 408.36432
1444 333.58276
1445 204.134
1446 203.0
1447 379.0
1448 379.0
1449 379.0
1450 203.0
1451 571.0
1452 379.0
1453 160.55693
1454 379.0
1455 233.57373
1456 336.7106
1457 483.5303
1458 134.03316
1459 203.0
1460 391.3499
1461 567.7263
1462 203.0
1463 379.0
1464 379.0
1465 379.0
1466 263.4557
1467 379.6
1468 514.22064
1469 379.0
1470 245.7239
1471 153.07892
1472 203.0
1473 379.0
1474 110.55668
1475 299.0
1476 395.21933
1477 203.0
1478 121.871544
1479 379.0
1480 283.9907
1481 186.6359
1482 153.18935
1483 130.44868
1484 196.41457
1485 204.134
1486 379.0
1487 299.0
1488 0.0
1489 372.38538
1490 204.134
1491 198.50964
1492 126.077896
1493 394.74536
1494 379.0
1495 203.0
1496 203.0
1497 221.82324
1498 563.20654
1499 107.51864
1500 203.0
1501 252.53438
1502 341.38016
1503 363.6
1504 203.0
1505 203.0
1506 203.0
1507 204.134
1508 155.0
1509 203.0
1510 203.0
1511 155.0
1512 363.0
1513 203.0
1514 203.0
1515 155.0
1516 301.20926
1517 203.0
1518 361.59625
1519 203.0
1520 134.52345
1521 155.0
1522 155.0
1523 268.134
1524 155.0
1525 66.181015
1526 203.0
1527 203.0
1528 112.54415
1529 574.59735
1530 155.0
1531 203.0
1532 155.0
1533 203.0
1534 155.0
1535 203.0
1536 203.0
1537 363.0
1538 155.0
1539 155.0
1540 155.0
1541 155.0
1542 203.0
1543 209.61462
1544 348.97638
1545 443.0866
1546 353.68182
1547 155.0
1548 155.0
1549 309.8257
1550 152.91356
1551 203.0
1552 155.0
1553 201.8
1554 148.38538
1555 203.0
1556 203.0
1557 204.134
1558 156.134
1559 203.0
1560 203.0
1561 155.0
1562 155.0
1563 301.868
1564 342.2728
1565 155.0
1566 123.58652
1567 203.0
1568 136.2738
1569 203.0
1570 360.8617
1571 155.0
1572 155.0
1573 203.0
1574 238.26617
1575 155.0
1576 203.0
1577 203.0
1578 93.22422
1579 204.134
1580 155.0
1581 346.13495
1582 203.0
1583 156.134
1584 144.81485
1585 155.0
1586 203.0
1587 203.0
1588 363.0
1589 155.0
1590 156.134
1591 156.134
1592 155.0
1593 155.0
1594 203.0
1595 155.0
1596 203.0
1597 155.0
1598 152.732
1599 203.0
1600 155.0
1601 300.134
1602 148.37991
1603 299.0
1604 150.37682
1605 294.1446
1606 299.0
1607 425.7977
1608 275.89548
1609 277.83804
1610 162.14465
1611 296.6987
1612 150.40639
1613 294.8672
1614 293.15836
1615 279.18082
1616 299.6
1617 763.0
1618 139.21402
1619 252.71623
1620 189.49728
1621 763.0
1622 292.00897
1623 299.0
1624 297.17108
1625 763.0
1626 763.0
1627 216.79501
1628 286.91287
1629 841.99963
1630 274.5241
1631 299.0
1632 284.86276
1633 619.0
1634 299.0
1635 299.0
1636 144.11162
1637 763.0
1638 742.0866
1639 297.9139
1640 277.77808
1641 140.50018
1642 81.847496
1643 299.0
1644 619.6
1645 142.46603
1646 298.94153
1647 210.24718
1648 245.66853
1649 83.14962
1650 763.0
1651 754.66974
1652 763.6
1653 809.99365
1654 111.17224
1655 586.93256
1656 299.0
1657 299.0
1658 763.0
1659 298.29797
1660 275.01352
1661 744.4218
1662 168.46483
1663 283.66986
1664 299.0
1665 297.69254
1666 279.764
1667 293.49933
1668 128.61514
1669 102.717766
1670 297.12656
1671 299.0
1672 763.6
1673 759.2693
1674 295.01602
1675 762.8412
1676 140.34106
1677 263.41534
1678 169.69626
1679 591.0999
1680 295.87674
1681 763.0
1682 290.38644
1683 619.0
1684 75.574684
1685 283.6292
1686 57.71894
1687 142.85619
1688 575.97833
1689 299.0
1690 251.85037
1691 62.516636
1692 199.78844
1693 205.89743
1694 105.0912
1695 763.0
1696 292.2881
1697 286.35162
1698 133.49263
1699 10.211313
1700 285.9485
1701 299.0
1702 294.52292
1703 496.4547
1704 577.2071
1705 142.26744
1706 500.01782
1707 734.95917
1708 316.6156
1709 492.32858
1710 203.0
1711 715.0
1712 507.0
1713 507.0
1714 507.0
1715 177.1153
1716 203.0
1717 497.1062
1718 507.6
1719 482.5507
1720 363.28632
1721 604.134
1722 485.7955
1723 498.59186
1724 100.45087
1725 489.2315
1726 603.0
1727 501.11386
1728 507.0
1729 934.99304
1730 203.0
1731 159.31918
1732 203.0
1733 484.02817
1734 308.25412
1735 203.0
1736 491.89035
1737 484.03513
1738 174.59279
1739 603.0
1740 203.0
1741 507.0
1742 500.18768
1743 498.19916
1744 313.44666
1745 484.24405
1746 497.08813
1747 507.0
1748 500.09616
1749 497.69104
1750 203.0
1751 159.92079
1752 296.93445
1753 488.70895
1754 774.73584
1755 603.0
1756 492.25977
1757 507.0
1758 0.0
1759 577.91595
1760 64.547226
1761 582.0438
1762 134.48558
1763 346.09497
1764 356.94043
1765 507.0
1766 507.0
1767 579.9489
1768 488.53265
1769 562.1216
1770 93.09422
1771 203.0
1772 507.0
1773 507.0
1774 489.02515
1775 203.0
1776 353.9365
1777 939.0
1778 53.862057
1779 159.7904
1780 507.0
1781 329.455
1782 506.00293
1783 499.3619
1784 506.94583
1785 506.79422
1786 415.86798
1787 493.5791
1788 153.88675
1789 203.0
1790 203.0
1791 501.5429
1792 498.14038
1793 576.4058
1794 203.0
1795 495.37698
1796 486.9428
1797 496.6696
1798 421.45468
1799 250.35115
1800 497.08163
1801 221.75179
1802 499.39774
1803 891.0
1804 655.47455
1805 267.0
1806 875.0
1807 794.6394
1808 859.0
1809 891.0
1810 891.0
1811 300.134
1812 549.95764
1813 299.0
1814 267.0
1815 347.0
1816 799.60535
1817 299.0
1818 790.578
1819 299.0
1820 267.0
1821 908.2
1822 299.0
1823 299.0
1824 292.0
1825 299.0
1826 299.0
1827 797.6943
1828 971.6
1829 180.40646
1830 267.0
1831 267.0
1832 865.6865
1833 560.2457
1834 292.0
1835 655.2867
1836 268.134
1837 476.84106
1838 299.0
1839 268.134
1840 299.0
1841 642.8098
1842 267.0
1843 267.0
1844 267.0
1845 839.99634
1846 268.134
1847 268.134
1848 347.0
1849 829.334
1850 262.21933
1851 827.6
1852 339.49698
1853 653.9836
1854 813.4644
1855 92.925285
1856 875.0
1857 347.0
1858 324.0
1859 316.40323
1860 641.8174
1861 971.0
1862 110.46894
1863 426.31418
1864 267.0
1865 647.03217
1866 875.0
1867 296.11472
1868 427.50284
1869 267.0
1870 79.68576
1871 891.0
1872 93.40259
1873 457.88538
1874 473.329
1875 292.38538
1876 649.3486
1877 651.04266
1878 347.0
1879 187.11333
1880 299.0
1881 289.9887
1882 267.0
1883 806.4465
1884 292.0
1885 299.0
1886 267.0
1887 0.0
1888 827.0
1889 267.0
1890 625.8335
1891 820.8027
1892 652.7021
1893 268.134
1894 267.0
1895 267.0
1896 267.0
1897 299.0
1898 267.0
1899 875.0
1900 805.6575
1901 321.85696
1902 172.57861
1903 1211.0
1904 379.0
1905 251.0
1906 379.0
1907 379.0
1908 171.0
1909 380.134
1910 379.0
1911 251.0
1912 251.0
1913 251.0
1914 251.0
1915 619.0
1916 164.03664
1917 475.6
1918 171.0
1919 279.38412
1920 411.0
1921 251.0
1922 379.0
1923 171.0
1924 251.0
1925 251.0
1926 475.0
1927 620.134
1928 251.0
1929 379.0
1930 523.0
1931 172.134
1932 94.03184
1933 171.0
1934 379.0
1935 251.0
1936 379.0
1937 301.28735
1938 379.0
1939 171.0
1940 251.0
1941 251.0
1942 117.45747
1943 251.0
1944 1611.0
1945 251.0
1946 1217.6146
1947 171.0
1948 411.0
1949 252.134
1950 105.06834
1951 140.19965
1952 215.57355
1953 171.0
1954 251.0
1955 379.0
1956 171.0
1957 379.0
1958 147.57605
1959 171.0
1960 251.0
1961 555.0
1962 251.0
1963 251.0
1964 145.89156
1965 251.0
1966 36.594734
1967 132.59384
1968 171.0
1969 222.0786
1970 379.0
1971 248.50894
1972 251.0
1973 125.19949
1974 171.0
1975 127.727516
1976 171.0
1977 556.134
1978 251.0
1979 251.0
1980 171.0
1981 252.134
1982 171.0
1983 171.0
1984 379.0
1985 523.0
1986 251.0
1987 379.0
1988 379.0
1989 171.0
1990 379.0
1991 153.23123
1992 148.51114
1993 171.0
1994 171.0
1995 619.0
1996 100.68631
1997 171.0
1998 171.0
1999 379.0
2000 171.0
2001 149.53177
2002 148.30734
2003 251.0
2004 549.7128
2005 474.85663
2006 328.97867
2007 463.11008
2008 534.91156
2009 215.5183
2010 391.1357
2011 334.09528
2012 379.83142
2013 536.12976
2014 527.0506
2015 375.62976
2016 249.866
2017 329.74722
2018 396.53183
2019 546.6587
2020 377.8313
2021 373.8832
2022 395.0
2023 486.90396
2024 362.38272
2025 577.8757
2026 263.87103
2027 492.2724
2028 330.82977
2029 335.65698
2030 407.6335
2031 508.325
2032 341.35025
2033 535.30597
2034 564.91046
2035 533.9386
2036 353.29382
2037 318.61606
2038 313.5968
2039 350.9177
2040 580.1113
2041 475.75894
2042 471.24457
2043 322.97006
2044 500.94504
2045 545.12134
2046 384.51364
2047 587.0
2048 301.7282
2049 528.8465
2050 514.5757
2051 465.9853
2052 339.9821
2053 251.0
2054 279.16296
2055 412.75067
2056 535.2251
2057 329.7558
2058 489.69064
2059 462.257
2060 357.31378
2061 335.08237
2062 464.44656
2063 562.09894
2064 571.50134
2065 387.49548
2066 500.5387
2067 457.6746
2068 529.77515
2069 395.0
2070 361.90976
2071 498.84497
2072 322.90674
2073 365.70328
2074 358.95398
2075 177.94211
2076 253.20926
2077 473.6528
2078 306.12454
2079 558.7805
2080 484.6376
2081 300.0223
2082 252.2
2083 356.6849
2084 473.1365
2085 570.44867
2086 462.0761
2087 291.9168
2088 355.85114
2089 460.2719
2090 573.457
2091 309.72614
2092 516.1797
2093 371.60486
2094 368.38287
2095 314.1425
2096 533.2077
2097 457.5667
2098 318.646
2099 517.38885
2100 504.38583
2101 297.87543
2102 531.33594
2103 269.20926
2104 235.0
2105 235.0
2106 507.18192
2107 512.92676
2108 502.81027
2109 727.09576
2110 401.92386
2111 235.0
2112 516.65247
2113 379.52573
2114 396.86267
2115 503.82578
2116 431.60693
2117 437.43143
2118 509.93793
2119 511.02213
2120 203.54503
2121 489.50446
2122 491.13644
2123 515.1623
2124 402.5098
2125 503.5924
2126 506.8438
2127 225.30135
2128 510.7181
2129 233.3845
2130 511.53482
2131 508.06238
2132 235.0
2133 61.420418
2134 504.5151
2135 108.52019
2136 399.06754
2137 60.864517
2138 505.66757
2139 143.88744
2140 140.05125
2141 432.2449
2142 618.2042
2143 196.88101
2144 235.6
2145 194.22795
2146 235.0
2147 331.0
2148 505.92102
2149 169.85236
2150 235.82927
2151 331.0
2152 403.14465
2153 235.28438
2154 648.1559
2155 404.8493
2156 512.1854
2157 400.18097
2158 352.81143
2159 248.96281
2160 348.58777
2161 235.0
2162 389.9241
2163 194.21346
2164 493.56564
2165 489.81476
2166 499.69922
2167 391.66797
2168 48.68037
2169 419.26218
2170 507.18073
2171 235.6
2172 235.6
2173 343.3499
2174 400.14923
2175 395.19412
2176 480.57034
2177 235.0
2178 358.5388
2179 235.6
2180 331.0
2181 179.89409
2182 343.10037
2183 213.77707
2184 235.6
2185 161.43318
2186 513.95245
2187 331.0
2188 500.2978
2189 499.14233
2190 498.1343
2191 142.4836
2192 398.5538
2193 235.0
2194 487.91187
2195 331.0
2196 392.1042
2197 204.17062
2198 450.77704
2199 331.0
2200 344.7991
2201 112.57586
2202 495.42667
2203 218.79716
2204 155.0
2205 155.0
2206 155.0
2207 315.10028
2208 155.0
2209 130.71461
2210 248.3842
2211 315.83624
2212 138.26167
2213 155.0
2214 166.98895
2215 161.85086
2216 183.19304
2217 207.62282
2218 155.0
2219 156.134
2220 155.0
2221 155.0
2222 138.86
2223 322.26096
2224 156.134
2225 385.64148
2226 149.96231
2227 133.17206
2228 415.2488
2229 312.70877
2230 155.0
2231 155.0
2232 187.0
2233 155.0
2234 110.46349
2235 343.3992
2236 155.0
2237 155.0
2238 155.0
2239 155.0
2240 374.6922
2241 112.89117
2242 128.72446
2243 155.0
2244 155.0
2245 78.33048
2246 155.0
2247 155.0
2248 155.0
2249 155.0
2250 155.0
2251 155.0
2252 316.54742
2253 155.0
2254 155.0
2255 155.0
2256 100.346054
2257 155.0
2258 155.0
2259 156.134
2260 155.0
2261 187.0
2262 155.0
2263 155.0
2264 155.0
2265 377.61584
2266 155.0
2267 187.0
2268 155.0
2269 155.0
2270 155.0
2271 148.3255
2272 156.134
2273 342.75623
2274 294.4264
2275 155.0
2276 53.392464
2277 311.93875
2278 369.41168
2279 231.35594
2280 155.0
2281 155.0
2282 155.0
2283 36.957073
2284 21.373829
2285 102.14467
2286 156.134
2287 155.0
2288 187.0
2289 156.134
2290 237.18158
2291 187.0
2292 155.0
2293 155.0
2294 155.0
2295 155.0
2296 391.20203
2297 394.6763
2298 94.46747
2299 155.0
2300 136.52773
2301 156.134
2302 155.0
2303 155.0
2304 219.0
2305 393.81747
2306 282.9362
2307 318.46802
2308 313.8
2309 181.91719
2310 374.5321
2311 179.30678
2312 278.42764
2313 219.0
2314 219.0
2315 435.86203
2316 455.14105
2317 219.0
2318 219.0
2319 214.46402
2320 319.41852
2321 183.4219
2322 377.8109
2323 242.49779
2324 196.86107
2325 294.49945
2326 235.0287
2327 219.0
2328 219.0
2329 219.0
2330 267.69125
2331 210.45001
2332 214.27676
2333 208.03607
2334 219.0
2335 416.70346
2336 462.52353
2337 198.49142
2338 239.11311
2339 218.52454
2340 268.39328
2341 315.0
2342 219.0
2343 275.26627
2344 249.76779
2345 406.65408
2346 219.0
2347 384.35977
2348 283.72568
2349 431.4007
2350 303.78406
2351 268.44385
2352 257.56915
2353 270.06003
2354 290.8014
2355 219.0
2356 267.12604
2357 246.69508
2358 378.51282
2359 256.30597
2360 308.20264
2361 219.0
2362 213.52414
2363 170.16043
2364 219.0
2365 274.2444
2366 277.32758
2367 212.85294
2368 103.751526
2369 380.9776
2370 326.5039
2371 324.98453
2372 295.63843
2373 218.4
2374 196.0
2375 219.6
2376 219.0
2377 322.28302
2378 407.6753
2379 219.0
2380 219.0
2381 280.68802
2382 196.0
2383 208.85739
2384 205.00401
2385 302.7855
2386 219.0
2387 219.0
2388 358.3139
2389 219.0
2390 204.63268
2391 189.59999
2392 192.45433
2393 198.38568
2394 192.59999
2395 489.84988
2396 219.0
2397 281.8
2398 216.27716
2399 289.38733
2400 219.0
2401 376.23926
2402 296.0167
2403 219.0
2404 315.0
2405 337.65546
2406 242.18314
2407 277.81442
2408 315.6
2409 507.0
2410 300.27692
2411 398.8349
2412 649.5324
2413 266.8195
2414 507.0
2415 149.04611
2416 230.68877
2417 285.4535
2418 422.3109
2419 251.0
2420 313.8
2421 315.0
2422 342.4382
2423 315.6
2424 291.88397
2425 299.91022
2426 202.2081
2427 307.54572
2428 279.83267
2429 243.79395
2430 241.14566
2431 247.98714
2432 295.80005
2433 313.554
2434 296.26016
2435 415.3921
2436 342.13974
2437 19.812805
2438 301.27145
2439 278.38376
2440 302.73257
2441 321.62054
2442 260.74133
2443 246.4982
2444 311.2472
2445 314.4
2446 288.4679
2447 266.48978
2448 313.57538
2449 315.0
2450 233.81772
2451 304.65103
2452 314.7113
2453 348.8143
2454 315.0
2455 264.54852
2456 315.6
2457 278.85315
2458 164.47679
2459 369.15454
2460 315.0
2461 315.0
2462 294.60004
2463 104.29963
2464 265.31934
2465 270.4184
2466 272.00418
2467 235.0
2468 315.6
2469 265.6113
2470 215.10445
2471 315.0
2472 294.46295
2473 315.0
2474 537.06793
2475 87.33705
2476 1.7340001
2477 22.11264
2478 325.88943
2479 235.6
2480 209.01425
2481 244.1823
2482 295.80005
2483 441.83838
2484 294.1135
2485 314.22314
2486 310.56818
2487 80.36935
2488 122.40386
2489 312.5622
2490 299.08167
2491 368.10538
2492 328.15994
2493 315.0
2494 332.28696
2495 277.88675
2496 366.80487
2497 283.2438
2498 340.2783
2499 445.71423
2500 252.4234
2501 253.34291
2502 295.37796
2503 296.84705
2504 426.80002
2505 347.0
2506 338.89117
2507 332.95093
2508 344.80643
2509 339.69495
2510 321.98135
2511 342.19916
2512 337.0345
2513 516.0
2514 346.3093
2515 347.6
2516 555.6
2517 555.6
2518 419.74988
2519 333.77335
2520 332.6826
2521 335.28986
2522 347.0
2523 347.0
2524 347.0
2525 555.0
2526 443.0
2527 328.62134
2528 555.0
2529 326.8086
2530 344.10077
2531 549.15436
2532 324.6706
2533 341.08102
2534 333.82025
2535 332.28964
2536 443.0
2537 845.4125
2538 558.00165
2539 443.6
2540 418.85443
2541 345.20404
2542 341.46756
2543 417.49817
2544 555.0
2545 328.94122
2546 347.0
2547 208.91498
2548 321.76135
2549 323.29443
2550 316.33923
2551 337.4863
2552 443.0
2553 555.0
2554 330.87195
2555 412.51917
2556 345.64465
2557 343.55627
2558 347.0
2559 323.89572
2560 555.0
2561 330.29953
2562 545.32605
2563 347.0
2564 347.0
2565 332.44327
2566 326.42133
2567 339.96033
2568 346.99466
2569 333.43356
2570 555.0
2571 332.5944
2572 329.83783
2573 427.5911
2574 341.80286
2575 336.3479
2576 344.47742
2577 337.59247
2578 529.14386
2579 347.0
2580 325.0485
2581 443.0
2582 321.42523
2583 345.68118
2584 443.0
2585 105.54766
2586 330.47235
2587 552.6654
2588 343.0441
2589 345.12207
2590 347.0
2591 343.6649
2592 336.30658
2593 347.6
2594 339.95694
2595 96.07298
2596 555.0
2597 336.60205
2598 338.75275
2599 328.0607
2600 324.65424
2601 338.53378
2602 443.0
2603 328.70282
2604 315.6
2605 295.0855
2606 311.90665
2607 291.23285
2608 313.53775
2609 293.4212
2610 282.52258
2611 303.98074
2612 459.0
2613 315.0
2614 299.27213
2615 315.0
2616 301.0957
2617 310.6246
2618 447.93375
2619 715.0
2620 311.45264
2621 299.1737
2622 305.58655
2623 310.24664
2624 303.3624
2625 298.7249
2626 292.75607
2627 298.67398
2628 315.0
2629 305.5234
2630 305.65338
2631 295.62302
2632 307.97806
2633 298.26953
2634 302.878
2635 301.44977
2636 542.6657
2637 159.85583
2638 289.9409
2639 291.66382
2640 437.64105
2641 303.84344
2642 302.10034
2643 308.42947
2644 315.0
2645 304.65338
2646 296.8023
2647 315.0
2648 303.7542
2649 311.0104
2650 296.2326
2651 395.0
2652 294.24252
2653 315.0
2654 315.0
2655 459.0
2656 310.34824
2657 315.0
2658 399.95255
2659 295.096
2660 302.0979
2661 283.07358
2662 304.23334
2663 312.732
2664 112.65075
2665 646.3245
2666 295.90436
2667 298.10022
2668 307.32834
2669 315.0
2670 293.5466
2671 288.7311
2672 315.0
2673 306.42538
2674 313.83582
2675 300.14413
2676 292.3811
2677 395.0
2678 297.05637
2679 308.4596
2680 315.0
2681 315.0
2682 307.99817
2683 301.30994
2684 564.1172
2685 425.88776
2686 299.01532
2687 75.385
2688 305.1976
2689 176.995
2690 315.0
2691 315.0
2692 299.23712
2693 289.0838
2694 292.11652
2695 305.9814
2696 282.13092
2697 305.6674
2698 295.125
2699 292.54538
2700 414.85587
2701 292.44077
2702 289.694
2703 303.17126
2704 251.0
2705 331.0
2706 251.0
2707 267.0
2708 267.0
2709 267.0
2710 331.0
2711 314.957
2712 331.0
2713 331.0
2714 571.0
2715 251.0
2716 331.0
2717 331.0
2718 319.13974
2719 321.0682
2720 251.0
2721 326.6309
2722 330.4037
2723 251.0
2724 312.18915
2725 331.34393
2726 329.6127
2727 571.0
2728 331.0
2729 556.1799
2730 571.0
2731 251.0
2732 331.0
2733 331.0
2734 157.12624
2735 309.98215
2736 330.4
2737 301.92844
2738 331.0
2739 331.0
2740 267.0
2741 326.54837
2742 267.0
2743 267.0
2744 331.6
2745 307.5684
2746 331.0
2747 699.0
2748 317.28735
2749 558.5604
2750 308.3624
2751 699.0
2752 186.96227
2753 331.0
2754 331.0
2755 331.0
2756 251.0
2757 110.37976
2758 300.48303
2759 251.0
2760 1051.0
2761 549.76605
2762 331.0
2763 331.0
2764 317.52164
2765 304.7377
2766 331.0
2767 331.0
2768 331.0
2769 251.0
2770 318.00574
2771 251.0
2772 331.0
2773 331.0
2774 331.0
2775 305.9352
2776 457.41208
2777 331.6
2778 267.115
2779 303.545
2780 331.0
2781 331.0
2782 331.0
2783 327.16098
2784 331.0
2785 331.0
2786 331.0
2787 331.0
2788 267.0
2789 267.0
2790 267.0
2791 331.0
2792 251.0
2793 331.0
2794 331.0
2795 327.15256
2796 251.0
2797 331.6
2798 131.09814
2799 330.4
2800 251.0
2801 331.0
2802 251.0
2803 331.0
2804 652.2384
2805 692.0819
2806 446.8897
2807 963.13086
2808 548.3075
2809 708.3271
2810 1105.6597
2811 444.13098
2812 542.2049
2813 548.21594
2814 1130.8467
2815 456.77313
2816 827.0
2817 439.70166
2818 1325.323
2819 1335.8433
2820 1091.7523
2821 1322.8011
2822 156.134
2823 890.4863
2824 668.2
2825 155.0
2826 187.0
2827 155.0
2828 187.0
2829 1320.5603
2830 963.8519
2831 155.0
2832 691.39606
2833 705.4496
2834 565.9948
2835 557.20905
2836 336.2117
2837 675.95215
2838 475.0
2839 1153.0219
2840 684.4335
2841 187.0
2842 1214.4049
2843 501.38257
2844 187.0
2845 187.0
2846 455.23425
2847 187.0
2848 452.1029
2849 463.6038
2850 805.3429
2851 650.8311
2852 155.0
2853 155.0
2854 705.4873
2855 495.75497
2856 478.46802
2857 187.0
2858 544.2771
2859 155.0
2860 155.0
2861 653.1952
2862 187.0
2863 475.0
2864 155.0
2865 363.0
2866 956.5869
2867 363.0
2868 1179.5012
2869 121.577515
2870 1105.8496
2871 155.0
2872 155.0
2873 156.134
2874 654.7157
2875 389.07523
2876 464.10587
2877 187.0
2878 155.0
2879 109.477844
2880 1183.5919
2881 156.134
2882 187.0
2883 472.3636
2884 187.0
2885 136.66554
2886 155.61588
2887 456.7794
2888 859.0
2889 143.3132
2890 705.9147
2891 187.0
2892 451.9016
2893 68.47844
2894 100.54021
2895 635.7492
2896 45.229263
2897 674.1086
2898 686.50714
2899 187.0
2900 561.025
2901 1108.7151
2902 156.134
2903 155.0
2904 1301.7402
2905 1403.0
2906 635.0
2907 907.0
2908 998.3009
2909 859.0
2910 635.0
2911 907.0
2912 859.0
2913 635.0
2914 333.20526
2915 667.0
2916 907.0
2917 1211.0
2918 1211.0
2919 667.0
2920 785.4655
2921 667.0
2922 667.0
2923 1403.0
2924 482.6383
2925 667.0
2926 1019.0
2927 798.8073
2928 1019.0
2929 907.0
2930 859.0
2931 859.0
2932 667.0
2933 603.0
2934 907.0
2935 435.9038
2936 859.0
2937 1211.0
2938 539.0
2939 635.0
2940 1211.0
2941 539.0
2942 635.0
2943 859.0
2944 667.0
2945 1403.0
2946 635.0
2947 1019.0
2948 1019.0
2949 603.0
2950 191.3192
2951 604.134
2952 299.0
2953 635.0
2954 791.299
2955 635.0
2956 1152.9255
2957 603.0
2958 635.0
2959 635.0
2960 907.0
2961 0.0
2962 363.0
2963 539.0
2964 343.92664
2965 859.0
2966 1211.0
2967 1211.0
2968 766.9888
2969 907.0
2970 299.0
2971 667.0
2972 1019.0
2973 907.0
2974 1403.0
2975 539.0
2976 136.56796
2977 635.0
2978 1211.0
2979 980.2625
2980 1122.3771
2981 907.0
2982 539.0
2983 580.48914
2984 757.4634
2985 907.0
2986 785.84973
2987 1111.0114
2988 859.0
2989 783.4644
2990 53.726124
2991 859.6
2992 635.0
2993 635.0
2994 603.0
2995 667.0
2996 423.53394
2997 859.0
2998 1691.0
2999 859.0
3000 334.50925
3001 668.134
3002 1301.7402
3003 540.134
3004 1691.0
3005 356.551
3006 475.48898
3007 539.0
3008 530.8091
3009 348.2
3010 451.2083
3011 539.0
3012 515.00006
3013 459.0
3014 347.08163
3015 370.75613
3016 460.05493
3017 154.78381
3018 539.0
3019 347.0
3020 347.0
3021 480.92435
3022 347.34882
3023 554.6952
3024 177.81343
3025 620.131
3026 555.6607
3027 493.3836
3028 345.76028
3029 445.72574
3030 347.0
3031 460.33044
3032 347.0
3033 523.274
3034 348.2
3035 537.98724
3036 355.96393
3037 347.0
3038 380.3455
3039 459.0
3040 542.468
3041 455.48276
3042 344.9743
3043 508.95502
3044 539.0
3045 475.03012
3046 350.46802
3047 336.21887
3048 347.0
3049 713.6477
3050 523.0854
3051 405.36127
3052 337.4462
3053 333.2908
3054 372.2751
3055 354.68716
3056 507.3363
3057 136.87758
3058 459.0
3059 417.61108
3060 554.4951
3061 348.2
3062 523.5691
3063 372.51636
3064 99.82117
3065 353.74893
3066 347.0
3067 347.34882
3068 347.0
3069 97.34461
3070 518.82733
3071 512.7307
3072 434.81772
3073 357.751
3074 305.01743
3075 359.62524
3076 354.03046
3077 347.0
3078 325.472
3079 45.266254
3080 347.0
3081 433.87976
3082 553.2045
3083 459.0
3084 511.5873
3085 560.12634
3086 539.6
3087 539.0
3088 524.3734
3089 347.0
3090 534.18964
3091 428.1371
3092 763.2241
3093 335.2477
3094 377.6508
3095 426.66278
3096 495.76324
3097 542.468
3098 453.7336
3099 466.80014
3100 334.29538
3101 432.51706
3102 524.2639
3103 545.8591
3104 521.6012
3105 395.98355
3106 508.74536
3107 110.449356
3108 531.2712
3109 508.2
3110 298.5684
3111 98.84306
3112 513.6697
3113 203.75015
3114 573.79114
3115 517.751
3116 98.78296
3117 368.05588
3118 49.719357
3119 571.0
3120 253.74591
3121 257.80005
3122 251.82602
3123 516.1621
3124 257.74084
3125 330.10455
3126 115.09502
3127 347.0
3128 348.2
3129 518.2041
3130 389.58408
3131 202.339
3132 347.0
3133 272.39124
3134 295.59393
3135 160.36447
3136 283.0
3137 0.0
3138 335.64056
3139 370.44952
3140 283.0
3141 492.2
3142 330.30917
3143 407.26352
3144 283.0
3145 283.0
3146 433.40268
3147 200.95914
3148 347.0
3149 321.5103
3150 377.52762
3151 321.20047
3152 219.4545
3153 265.81982
3154 267.40002
3155 491.0
3156 347.0
3157 298.78003
3158 212.5571
3159 93.14189
3160 249.36449
3161 120.22128
3162 306.42892
3163 415.47726
3164 214.6276
3165 528.2302
3166 268.60004
3167 212.27136
3168 93.137665
3169 283.0
3170 571.0
3171 301.54095
3172 298.5684
3173 556.2113
3174 45.28724
3175 283.0
3176 62.767628
3177 308.45163
3178 392.01947
3179 364.17862
3180 201.31993
3181 262.60004
3182 286.46802
3183 237.66121
3184 207.30502
3185 232.30008
3186 331.88223
3187 289.08655
3188 114.735794
3189 427.95572
3190 283.0
3191 231.88696
3192 373.57013
3193 308.0484
3194 15.122603
3195 427.0
3196 73.384186
3197 164.0
3198 520.2123
3199 283.0
3200 397.6547
3201 535.2991
3202 45.282917
3203 283.0
3204 414.46802
3205 133.59294
3206 612.4
3207 222.86716
3208 192.35301
3209 176.48653
3210 299.0
3211 213.49976
3212 363.0
3213 210.2321
3214 225.05058
3215 365.4557
3216 381.67422
3217 380.1126
3218 347.34882
3219 548.54407
3220 355.84085
3221 233.28528
3222 192.93443
3223 356.59717
3224 150.48816
3225 904.8654
3226 242.97481
3227 382.31656
3228 363.6
3229 339.29617
3230 190.85587
3231 200.07922
3232 365.20926
3233 237.4483
3234 208.48198
3235 549.36475
3236 196.78801
3237 385.14587
3238 227.56346
3239 197.45375
3240 390.7603
3241 439.78854
3242 137.38472
3243 363.0
3244 299.0
3245 363.0
3246 347.28412
3247 168.88751
3248 183.44894
3249 136.06168
3250 299.0
3251 369.66953
3252 203.55737
3253 299.0
3254 248.1649
3255 123.251076
3256 389.04492
3257 363.0
3258 273.52307
3259 371.95615
3260 264.26767
3261 603.0
3262 351.2897
3263 196.95886
3264 568.0531
3265 512.05585
3266 198.6604
3267 363.6
3268 362.5243
3269 362.32892
3270 176.3755
3271 363.0
3272 184.7909
3273 219.02705
3274 299.0
3275 380.76382
3276 224.31334
3277 171.0
3278 214.86386
3279 353.17047
3280 898.3308
3281 32.89827
3282 370.78418
3283 608.4866
3284 363.0
3285 200.91696
3286 296.732
3287 191.10071
3288 218.38489
3289 186.08116
3290 198.13971
3291 178.44612
3292 299.6
3293 346.0232
3294 343.72183
3295 186.56839
3296 210.80705
3297 441.4789
3298 201.39282
3299 349.5891
3300 195.79547
3301 225.06126
3302 227.23042
3303 172.2
3304 291.2697
3305 539.0
3306 360.34363
3307 170.76018
3308 539.0
3309 415.2672
3310 438.00974
3311 459.0
3312 612.80896
3313 496.9079
3314 105.02489
3315 667.0
3316 497.67502
3317 492.75436
3318 392.5169
3319 228.92514
3320 442.60355
3321 366.854
3322 392.44327
3323 456.14084
3324 377.8098
3325 265.35236
3326 248.15968
3327 365.77057
3328 362.7197
3329 216.15968
3330 557.11206
3331 499.09784
3332 492.75
3333 398.69043
3334 358.13556
3335 450.42435
3336 397.8542
3337 452.78632
3338 204.2
3339 379.3866
3340 398.5481
3341 353.63223
3342 371.75568
3343 243.28537
3344 408.15875
3345 539.0
3346 278.22327
3347 400.38135
3348 209.68652
3349 539.0
3350 539.0
3351 203.0
3352 203.0
3353 482.4982
3354 215.1004
3355 400.61832
3356 601.8359
3357 667.0
3358 354.23404
3359 562.4982
3360 486.13974
3361 539.0
3362 356.7986
3363 667.0
3364 204.134
3365 489.28635
3366 551.5264
3367 133.59773
3368 442.76157
3369 226.503
3370 213.751
3371 1128.6349
3372 484.39893
3373 539.0
3374 367.40332
3375 349.2359
3376 499.66098
3377 393.63672
3378 362.78174
3379 203.0
3380 554.766
3381 240.48653
3382 523.0
3383 361.02124
3384 483.15637
3385 550.50024
3386 351.61182
3387 445.9187
3388 357.4108
3389 368.98465
3390 478.32233
3391 386.00092
3392 490.3185
3393 486.2532
3394 88.93159
3395 235.0
3396 235.0
3397 203.0
3398 553.16943
3399 434.78366
3400 203.0
3401 187.175
3402 376.98672
3403 235.0
3404 235.0
3405 402.82574
3406 453.36484
3407 828.75433
3408 576.05585
3409 507.0
3410 570.56836
3411 731.0
3412 566.9546
3413 963.23047
3414 639.3154
3415 585.547
3416 278.64975
3417 507.0
3418 283.0
3419 630.1397
3420 524.4686
3421 283.0
3422 475.0
3423 550.11633
3424 399.3748
3425 470.80206
3426 331.0
3427 674.9273
3428 659.2827
3429 453.3184
3430 660.8987
3431 558.468
3432 332.134
3433 467.82776
3434 683.0
3435 609.4756
3436 287.34662
3437 561.6865
3438 475.066
3439 561.6865
3440 673.74963
3441 620.717
3442 614.997
3443 468.388
3444 338.25397
3445 673.17834
3446 504.68988
3447 295.062
3448 591.1669
3449 556.731
3450 409.78314
3451 660.7383
3452 681.93616
3453 676.4825
3454 485.751
3455 507.0
3456 603.0
3457 324.24606
3458 683.7803
3459 464.18875
3460 603.0
3461 283.0
3462 331.0
3463 475.0
3464 161.30588
3465 507.0
3466 283.0
3467 555.0
3468 306.7039
3469 475.0
3470 209.19609
3471 283.0
3472 706.1059
3473 472.82175
3474 475.0
3475 961.6865
3476 474.7543
3477 457.27487
3478 576.05585
3479 683.65094
3480 604.2
3481 487.26245
3482 283.0
3483 567.63525
3484 447.9992
3485 460.56656
3486 464.42786
3487 283.0
3488 635.2047
3489 310.60004
3490 466.39743
3491 350.02365
3492 555.6
3493 683.0
3494 283.0
3495 561.6865
3496 467.357
3497 283.0
3498 471.90213
3499 449.9336
3500 473.14413
3501 663.9744
3502 602.88727
3503 297.21252
3504 283.0
3505 283.0
3506 426.10138
3507 250.56808
3508 249.71242
3509 252.81343
3510 187.0
3511 718.0588
3512 268.23013
3513 165.11578
3514 551.84717
3515 252.83664
3516 448.53253
3517 252.75433
3518 283.0
3519 438.3265
3520 301.3275
3521 408.72958
3522 187.6
3523 442.29544
3524 148.1074
3525 140.10397
3526 275.4926
3527 202.81241
3528 374.79794
3529 293.36197
3530 183.74777
3531 427.0
3532 448.8065
3533 322.79398
3534 303.45587
3535 553.6589
3536 249.53946
3537 236.84062
3538 47.8643
3539 285.67816
3540 425.09555
3541 427.0
3542 72.808586
3543 301.30945
3544 87.47847
3545 242.38524
3546 289.68652
3547 253.22098
3548 255.81113
3549 278.18262
3550 690.5325
3551 313.55487
3552 535.8105
3553 244.21027
3554 295.43542
3555 716.2
3556 191.25061
3557 204.58873
3558 308.2719
3559 272.54755
3560 317.9217
3561 250.54147
3562 273.16156
3563 234.57478
3564 151.8342
3565 555.0
3566 537.0259
3567 61.516808
3568 348.40778
3569 418.51257
3570 247.0816
3571 539.6897
3572 555.0
3573 283.0
3574 187.0
3575 70.4755
3576 187.0
3577 551.704
3578 425.0019
3579 288.55252
3580 271.31958
3581 555.0
3582 246.22757
3583 186.4
3584 303.5389
3585 175.74852
3586 271.3358
3587 120.198265
3588 316.75436
3589 327.98398
3590 353.87546
3591 187.0
3592 283.0
3593 311.19077
3594 82.352974
3595 306.06342
3596 272.74783
3597 253.3419
3598 283.0
3599 187.0
3600 536.17725
3601 689.6865
3602 541.4166
3603 273.6182
3604 267.80502
3605 235.0
3606 235.0
3607 798.468
3608 513.6805
3609 235.0
3610 411.0
3611 235.0
3612 475.0
3613 235.0
3614 235.0
3615 618.6906
3616 235.0
3617 235.0
3618 420.551
3619 512.16034
3620 472.49048
3621 235.0
3622 624.07446
3623 235.0
3624 235.0
3625 235.0
3626 235.0
3627 235.0
3628 523.6
3629 235.0
3630 236.134
3631 236.134
3632 235.0
3633 235.0
3634 348.48483
3635 235.0
3636 235.0
3637 235.0
3638 508.2
3639 521.0813
3640 235.0
3641 235.0
3642 235.0
3643 235.0
3644 939.0
3645 475.6
3646 235.0
3647 235.0
3648 475.0
3649 477.334
3650 361.712
3651 235.0
3652 235.0
3653 235.0
3654 555.0
3655 235.0
3656 235.0
3657 235.0
3658 655.7264
3659 336.3569
3660 235.0
3661 235.0
3662 410.64835
3663 235.0
3664 235.0
3665 235.0
3666 235.0
3667 235.0
3668 235.0
3669 548.24084
3670 466.59726
3671 235.0
3672 387.02673
3673 235.0
3674 402.14197
3675 939.0
3676 235.0
3677 235.0
3678 457.79495
3679 512.56415
3680 235.0
3681 411.0
3682 235.0
3683 235.0
3684 235.0
3685 235.0
3686 357.751
3687 236.134
3688 588.75433
3689 494.80563
3690 399.91824
3691 203.96317
3692 235.0
3693 340.38773
3694 248.70172
3695 379.69666
3696 509.42465
3697 235.0
3698 473.31433
3699 475.0
3700 555.0
3701 475.0
3702 235.0
3703 392.2608
3704 723.402
3705 315.0
3706 987.0
3707 336.05588
3708 686.95917
3709 779.7217
3710 699.0
3711 412.2
3712 987.0
3713 251.0
3714 763.0
3715 763.0
3716 1141.3717
3717 499.00577
3718 507.381
3719 645.58417
3720 783.7365
3721 620.2
3722 693.71045
3723 477.40714
3724 682.56934
3725 715.0
3726 320.48654
3727 475.4451
3728 314.3111
3729 132.18834
3730 1190.1395
3731 714.26843
3732 321.68652
3733 763.0
3734 620.2
3735 110.85294
3736 315.0
3737 478.84433
3738 699.0
3739 559.2957
3740 95.69415
3741 467.75058
3742 325.751
3743 702.468
3744 688.05585
3745 694.1397
3746 667.0
3747 154.43837
3748 462.75174
3749 763.0
3750 284.40005
3751 304.9526
3752 667.0
3753 1021.82587
3754 715.0
3755 375.28754
3756 775.3499
3757 315.0
3758 784.05585
3759 320.08353
3760 893.7749
3761 647.02655
3762 396.73096
3763 251.0
3764 677.8003
3765 411.0
3766 698.0057
3767 300.46048
3768 832.1976
3769 251.0
3770 468.3597
3771 67.97496
3772 488.14026
3773 667.6
3774 475.7654
3775 473.57684
3776 318.9581
3777 321.68652
3778 315.0
3779 317.268
3780 272.56418
3781 706.44336
3782 491.0
3783 702.468
3784 988.2
3785 315.0
3786 715.0
3787 305.6301
3788 98.52132
3789 627.3808
3790 164.38875
3791 411.0
3792 971.4
3793 251.0
3794 684.50073
3795 680.68634
3796 158.45003
3797 125.715385
3798 315.0
3799 763.0
3800 1232.0221
3801 315.0
3802 631.9633
3803 834.63354
3804 479.49655
3805 267.0
3806 187.0
3807 267.6
3808 747.0
3809 267.0
3810 267.0
3811 266.4
3812 260.34918
3813 114.98709
3814 187.0
3815 267.0
3816 187.0
3817 187.0
3818 187.0
3819 267.0
3820 747.0
3821 184.59895
3822 203.0
3823 187.0
3824 555.0
3825 555.3214
3826 183.83691
3827 264.40833
3828 255.13971
3829 267.0
3830 555.6
3831 256.33698
3832 158.84904
3833 267.0
3834 267.0
3835 267.0
3836 259.71652
3837 203.0
3838 203.0
3839 244.01492
3840 717.393
3841 203.0
3842 203.0
3843 267.0
3844 267.6
3845 203.0
3846 187.0
3847 187.0
3848 203.0
3849 252.89917
3850 267.6
3851 188.134
3852 267.6
3853 259.78235
3854 187.0
3855 267.0
3856 411.0
3857 267.6
3858 120.51962
3859 267.0
3860 1351.3497
3861 267.0
3862 555.0
3863 187.0
3864 187.0
3865 267.0
3866 261.51346
3867 267.0
3868 180.43802
3869 187.0
3870 203.0
3871 263.78555
3872 267.0
3873 267.0
3874 267.0
3875 187.0
3876 171.36691
3877 203.0
3878 267.0
3879 555.0
3880 187.0
3881 187.0
3882 187.0
3883 68.998955
3884 411.0
3885 555.0
3886 203.0
3887 184.31487
3888 266.80652
3889 267.0
3890 533.9821
3891 267.0
3892 267.0
3893 428.28595
3894 104.13355
3895 203.0
3896 209.61462
3897 267.0
3898 203.0
3899 267.0
3900 267.0
3901 267.0
3902 267.6
3903 187.0
3904 203.0
3905 443.0
3906 382.4244
3907 283.0
3908 779.0
3909 443.0
3910 443.0
3911 283.0
3912 443.0
3913 443.0
3914 148.57596
3915 284.134
3916 444.134
3917 438.08203
3918 283.0
3919 779.0
3920 376.77914
3921 443.0
3922 283.0
3923 443.0
3924 283.0
3925 827.0
3926 651.0
3927 571.0
3928 443.0
3929 443.0
3930 283.0
3931 283.0
3932 109.35375
3933 443.0
3934 667.8727
3935 283.0
3936 75.661064
3937 283.0
3938 443.0
3939 731.0
3940 2123.0
3941 443.0
3942 443.0
3943 203.22388
3944 603.0
3945 1083.0
3946 283.0
3947 443.0
3948 284.134
3949 283.0
3950 443.0
3951 603.0
3952 651.0
3953 284.134
3954 443.0
3955 443.0
3956 1627.0
3957 443.0
3958 198.0004
3959 443.0
3960 228.0
3961 1707.0
3962 283.0
3963 1355.0
3964 283.0
3965 283.0
3966 128.59987
3967 327.77853
3968 283.0
3969 443.0
3970 283.0
3971 283.0
3972 283.0
3973 26.12606
3974 283.0
3975 1707.0
3976 443.0
3977 779.0
3978 196.84366
3979 443.0
3980 283.0
3981 198.63663
3982 283.0
3983 443.0
3984 371.2178
3985 82.48687
3986 603.0
3987 443.0
3988 443.0
3989 443.0
3990 779.0
3991 731.0
3992 114.90008
3993 182.53963
3994 827.0
3995 651.0
3996 651.0
3997 1083.0
3998 92.93691
3999 181.44107
4000 443.0
4001 443.0
4002 443.0
4003 267.79584
4004 376.93268
4005 2123.0
4006 203.0
4007 235.0
4008 809.8935
4009 342.13974
4010 235.0
4011 315.0
4012 379.0
4013 315.0
4014 235.0
4015 703.35406
4016 315.0
4017 315.6
4018 203.0
4019 315.0
4020 578.00745
4021 158.1355
4022 315.0
4023 315.6
4024 693.5726
4025 531.34863
4026 315.0
4027 235.0
4028 460.75436
4029 315.6
4030 315.0
4031 315.0
4032 162.39394
4033 379.0
4034 397.22955
4035 315.0
4036 538.06586
4037 427.0
4038 315.0
4039 235.0
4040 545.18304
4041 315.0
4042 315.0
4043 315.0
4044 315.0
4045 315.6
4046 235.0
4047 315.0
4048 315.0
4049 203.0
4050 315.0
4051 542.79407
4052 550.1397
4053 315.0
4054 804.34796
4055 315.0
4056 203.0
4057 235.0
4058 379.0
4059 579.8874
4060 315.0
4061 402.52377
4062 488.43796
4063 206.02455
4064 315.6
4065 567.03723
4066 392.15973
4067 315.6
4068 203.0
4069 315.0
4070 235.0
4071 155.5754
4072 235.0
4073 900.0873
4074 815.97144
4075 315.0
4076 315.0
4077 162.80168
4078 315.0
4079 315.0
4080 315.0
4081 171.8
4082 555.61096
4083 386.75552
4084 235.0
4085 315.0
4086 403.15173
4087 315.0
4088 315.0
4089 235.0
4090 537.8923
4091 235.0
4092 315.6
4093 315.0
4094 543.5916
4095 315.0
4096 315.0
4097 315.0
4098 315.0
4099 549.2361
4100 315.0
4101 315.0
4102 203.0
4103 513.7182
4104 498.8017
4105 235.0
4106 386.66443
4107 372.08444
4108 444.04187
4109 198.15756
4110 475.6
4111 385.55722
4112 475.0
4113 460.78162
4114 219.0
4115 390.6343
4116 352.32477
4117 214.71347
4118 176.95752
4119 328.9063
4120 387.6118
4121 369.04718
4122 219.0
4123 181.732
4124 361.73032
4125 348.8175
4126 369.98282
4127 381.97824
4128 450.5557
4129 439.01593
4130 196.35248
4131 250.68597
4132 219.0
4133 380.1065
4134 384.47195
4135 202.26453
4136 386.15402
4137 421.1319
4138 370.83444
4139 394.93335
4140 275.31235
4141 194.50491
4142 365.42206
4143 187.82071
4144 204.59999
4145 366.39368
4146 416.6009
4147 213.1844
4148 205.81288
4149 443.11542
4150 217.92377
4151 204.16638
4152 217.39452
4153 761.4493
4154 422.5342
4155 368.84555
4156 424.62094
4157 187.24986
4158 300.99722
4159 472.0869
4160 400.3558
4161 219.0
4162 437.25894
4163 214.71347
4164 393.7136
4165 372.89227
4166 417.0627
4167 377.165
4168 175.59604
4169 418.49997
4170 459.30478
4171 338.63535
4172 264.33984
4173 60.43057
4174 347.50842
4175 219.0
4176 161.58955
4177 385.54294
4178 177.63011
4179 219.0
4180 371.208
4181 171.82895
4182 202.67288
4183 372.38672
4184 391.24326
4185 180.26875
4186 398.33987
4187 155.5366
4188 386.84036
4189 364.886
4190 260.3364
4191 219.0
4192 400.65668
4193 191.1026
4194 358.85727
4195 197.74136
4196 187.11438
4197 289.84668
4198 203.96834
4199 379.33142
4200 379.37073
4201 262.52902
4202 387.70572
4203 394.75412
4204 194.07603
4205 180.52232
4206 147.74724
4207 320.65393
4208 186.19699
4209 177.01926
4210 224.08902
4211 249.002
4212 192.54707
4213 427.0
4214 405.67838
4215 320.9461
4216 397.68674
4217 555.0
4218 427.0
4219 189.76033
4220 231.42715
4221 177.72925
4222 174.1351
4223 401.55316
4224 182.08774
4225 150.22462
4226 175.66064
4227 136.7486
4228 397.104
4229 422.642
4230 318.4579
4231 231.28485
4232 175.22302
4233 185.35677
4234 139.51863
4235 226.78325
4236 189.0562
4237 427.0
4238 400.44907
4239 343.28436
4240 195.18538
4241 341.14984
4242 445.426
4243 391.5976
4244 402.99304
4245 178.63606
4246 220.77646
4247 197.23428
4248 176.64633
4249 411.7664
4250 377.5726
4251 427.0
4252 103.01481
4253 330.99066
4254 106.45324
4255 295.4095
4256 170.68039
4257 454.13974
4258 194.1938
4259 189.89345
4260 401.71036
4261 203.0
4262 303.81342
4263 267.0
4264 149.96896
4265 380.61444
4266 216.5247
4267 213.30533
4268 250.77902
4269 232.60617
4270 400.12158
4271 89.54887
4272 786.57477
4273 406.75394
4274 359.52267
4275 389.9356
4276 148.91148
4277 173.29494
4278 108.83834
4279 245.01225
4280 250.43332
4281 267.0
4282 365.2162
4283 249.68423
4284 340.7769
4285 201.30261
4286 198.08229
4287 429.76123
4288 292.94604
4289 400.28696
4290 196.38538
4291 439.98804
4292 395.6518
4293 423.901
4294 214.70467
4295 96.064095
4296 336.0672
4297 190.12012
4298 430.38852
4299 229.73686
4300 216.04977
4301 95.95599
4302 164.59071
4303 175.92378
4304 219.39427
4305 109.702286
4306 308.21884
4307 315.4625
4308 291.45526
4309 483.59436
4310 273.12872
4311 283.0
4312 269.18594
4313 346.60373
4314 366.2279
4315 283.0
4316 481.08438
4317 261.751
4318 292.4819
4319 284.2
4320 334.70123
4321 348.8061
4322 70.38352
4323 315.56818
4324 376.1829
4325 285.268
4326 377.8
4327 252.2
4328 335.50305
4329 482.2907
4330 370.1402
4331 286.46802
4332 314.33554
4333 294.5817
4334 146.97787
4335 411.0
4336 286.3495
4337 361.5638
4338 203.0
4339 522.5943
4340 293.751
4341 352.8278
4342 470.02405
4343 643.0651
4344 467.8429
4345 301.9881
4346 118.99166
4347 512.1596
4348 284.2
4349 262.50485
4350 299.1657
4351 535.6957
4352 554.70404
4353 560.17004
4354 308.19748
4355 494.056
4356 337.52896
4357 298.5249
4358 336.8525
4359 411.6
4360 330.34537
4361 360.51654
4362 360.16058
4363 142.23288
4364 337.1352
4365 511.29166
4366 378.63312
4367 492.0625
4368 305.52875
4369 302.5799
4370 283.0
4371 333.11542
4372 257.52954
4373 451.6436
4374 353.6881
4375 260.77542
4376 275.67487
4377 342.7223
4378 172.29646
4379 284.2
4380 353.52325
4381 347.73932
4382 295.40216
4383 473.20697
4384 253.26799
4385 91.34022
4386 288.55252
4387 170.93332
4388 284.2
4389 86.61166
4390 141.28288
4391 467.01785
4392 291.57413
4393 524.01935
4394 284.2
4395 297.34088
4396 354.2226
4397 276.47833
4398 292.30237
4399 559.1148
4400 286.46802
4401 289.68652
4402 531.436
4403 127.167404
4404 491.41293
4405 294.62326
4406 279.4164
4407 279.13882
4408 273.89407
4409 283.6
4410 267.30554
4411 280.5029
4412 283.0
4413 280.47824
4414 264.196
4415 263.78165
4416 253.99403
4417 283.0
4418 274.15747
4419 369.326
4420 283.0
4421 278.7788
4422 89.78894
4423 174.39415
4424 283.0
4425 248.07123
4426 315.8183
4427 283.0
4428 260.36237
4429 283.0
4430 283.0
4431 279.7566
4432 255.54498
4433 283.0
4434 411.0
4435 411.0
4436 264.86713
4437 428.46942
4438 603.38806
4439 500.00073
4440 283.0
4441 275.10956
4442 273.8967
4443 270.98752
4444 267.09818
4445 283.0
4446 264.5755
4447 283.6
4448 681.01495
4449 278.05768
4450 274.72372
4451 283.0
4452 484.55795
4453 283.0
4454 272.36652
4455 283.0
4456 493.8331
4457 283.0
4458 283.6722
4459 283.0
4460 257.48294
4461 175.04428
4462 283.0
4463 125.18099
4464 458.80774
4465 283.0
4466 297.42368
4467 269.0031
4468 219.0
4469 634.0297
4470 275.85297
4471 260.33328
4472 269.07922
4473 283.35892
4474 269.77472
4475 283.0
4476 271.9292
4477 283.0
4478 268.92947
4479 278.24792
4480 283.0
4481 283.7731
4482 283.0
4483 278.84253
4484 283.0
4485 656.39325
4486 369.08633
4487 205.29828
4488 279.5678
4489 274.62747
4490 283.0
4491 252.80553
4492 269.7486
4493 424.15973
4494 272.99872
4495 277.49216
4496 278.52686
4497 283.0
4498 283.0
4499 680.5224
4500 283.0
4501 246.71136
4502 411.0
4503 281.6804
4504 280.0525
4505 283.0
4506 507.6
4507 299.0
4508 1063.2991
4509 363.4451
4510 465.64673
4511 507.0
4512 489.05588
4513 567.8956
4514 299.0
4515 729.77094
4516 507.0
4517 507.0
4518 811.0
4519 482.31464
4520 542.10785
4521 299.0
4522 651.0
4523 507.0
4524 299.0
4525 811.0
4526 507.6
4527 462.1704
4528 731.0
4529 507.0
4530 299.0
4531 507.0
4532 235.0
4533 507.0
4534 507.6
4535 507.0
4536 507.6
4537 434.53064
4538 250.26825
4539 507.0
4540 235.0
4541 731.0
4542 299.0
4543 500.55438
4544 460.6387
4545 708.36237
4546 507.6
4547 308.551
4548 335.10626
4549 731.0
4550 1063.2991
4551 469.2692
4552 1063.2991
4553 731.0
4554 506.83142
4555 235.0
4556 485.93982
4557 299.0
4558 507.0
4559 507.0
4560 421.78546
4561 731.0
4562 235.0
4563 507.0
4564 1059.2773
4565 122.47563
4566 507.0
4567 507.0
4568 235.0
4569 507.0
4570 483.7624
4571 507.0
4572 355.23044
4573 507.0
4574 235.0
4575 507.0
4576 305.68652
4577 507.6
4578 251.38873
4579 299.0
4580 507.6
4581 339.45657
4582 299.0
4583 731.0
4584 452.6933
4585 450.94403
4586 235.0
4587 507.0
4588 288.41574
4589 728.9954
4590 299.0
4591 507.0
4592 507.0
4593 507.0
4594 731.0
4595 731.0
4596 507.0
4597 578.1697
4598 505.5085
4599 507.6
4600 507.0
4601 461.39935
4602 457.8504
4603 507.6
4604 731.0
4605 202.74246
4606 555.0
4607 373.2504
4608 542.6442
4609 319.41852
4610 549.6915
4611 479.13803
4612 253.40573
4613 592.4215
4614 315.0
4615 596.1143
4616 555.0
4617 267.6
4618 230.77303
4619 731.0
4620 267.0
4621 267.0
4622 862.10095
4623 550.2076
4624 267.22772
4625 731.0
4626 539.01117
4627 267.6
4628 267.0
4629 315.0
4630 773.59247
4631 591.6094
4632 267.0
4633 763.3992
4634 612.0492
4635 252.8766
4636 267.0
4637 361.64392
4638 619.0
4639 594.6647
4640 267.0
4641 267.0
4642 555.0
4643 555.0
4644 731.0
4645 952.36365
4646 267.0
4647 260.9032
4648 555.0
4649 555.0
4650 606.2239
4651 619.0
4652 619.0
4653 555.0
4654 265.33386
4655 267.0
4656 619.0
4657 243.22832
4658 887.0438
4659 252.303
4660 263.7352
4661 619.0
4662 731.0
4663 267.0
4664 483.70737
4665 414.60788
4666 256.03186
4667 411.0202
4668 267.0
4669 555.0
4670 495.83145
4671 315.0
4672 248.32567
4673 267.0
4674 304.76315
4675 267.0
4676 487.78574
4677 555.0
4678 267.0
4679 265.2699
4680 260.07715
4681 555.0
4682 315.0
4683 555.0
4684 267.0
4685 341.26328
4686 419.40167
4687 265.833
4688 619.0
4689 264.31415
4690 398.5063
4691 419.8028
4692 247.78165
4693 619.0
4694 391.2977
4695 553.5315
4696 524.5504
4697 554.03735
4698 267.0
4699 253.04666
4700 555.0
4701 470.08566
4702 619.0
4703 555.0
4704 267.0
4705 550.99664
4706 539.0
4707 715.0
4708 430.70312
4709 571.0
4710 536.8945
4711 715.0
4712 246.13887
4713 651.0
4714 651.0
4715 537.025
4716 715.0
4717 715.23206
4718 697.84985
4719 635.0
4720 530.52356
4721 635.0
4722 530.0662
4723 715.0
4724 528.46796
4725 539.0
4726 651.0
4727 539.0
4728 509.6887
4729 530.96185
4730 715.0
4731 530.9934
4732 603.0
4733 715.0
4734 527.5955
4735 555.6331
4736 278.30673
4737 432.46384
4738 795.6958
4739 619.0
4740 715.0
4741 521.3881
4742 550.7609
4743 403.16324
4744 715.0
4745 518.8217
4746 603.0
4747 603.0
4748 359.79413
4749 550.29
4750 539.0
4751 539.0
4752 619.0
4753 355.99506
4754 524.48883
4755 539.0
4756 451.6475
4757 715.0
4758 523.8315
4759 692.36237
4760 402.8409
4761 619.0
4762 518.6186
4763 536.2173
4764 539.0
4765 425.00638
4766 240.31076
4767 1119.5248
4768 524.3879
4769 566.3575
4770 539.0
4771 539.0
4772 708.5543
4773 1286.5477
4774 536.94446
4775 715.0
4776 522.9261
4777 516.2888
4778 525.5041
4779 395.3471
4780 539.0
4781 553.1344
4782 539.0
4783 715.6
4784 77.70498
4785 528.9186
4786 651.0
4787 539.0
4788 715.0
4789 538.6152
4790 715.0
4791 715.0
4792 539.0
4793 715.0
4794 366.72485
4795 551.33923
4796 205.3726
4797 715.0
4798 523.6027
4799 526.6892
4800 522.5787
4801 539.0
4802 515.70996
4803 571.0
4804 689.19617
4805 146.1642
4806 744.49786
4807 331.0
4808 331.0
4809 347.0
4810 331.0
4811 331.0
4812 188.134
4813 347.0
4814 347.0
4815 347.0
4816 746.76306
4817 347.0
4818 331.0
4819 347.0
4820 347.0
4821 347.0
4822 188.134
4823 413.8544
4824 347.0
4825 347.0
4826 283.0
4827 337.59393
4828 331.0
4829 347.0
4830 337.59393
4831 187.0
4832 187.0
4833 343.52087
4834 283.0
4835 283.0
4836 347.0
4837 885.7705
4838 347.0
4839 347.0
4840 347.0
4841 347.0
4842 347.0
4843 331.0
4844 347.0
4845 706.8531
4846 332.134
4847 347.0
4848 331.0
4849 278.96735
4850 347.0
4851 347.0
4852 343.08047
4853 347.0
4854 515.8123
4855 343.08047
4856 533.3778
4857 347.0
4858 331.0
4859 331.0
4860 336.2286
4861 331.0
4862 347.0
4863 347.0
4864 276.6822
4865 347.0
4866 347.0
4867 347.0
4868 347.0
4869 347.0
4870 347.0
4871 331.0
4872 347.0
4873 337.928
4874 347.0
4875 347.0
4876 347.0
4877 187.0
4878 331.0
4879 347.0
4880 347.0
4881 715.0
4882 347.0
4883 347.0
4884 347.0
4885 347.0
4886 570.5662
4887 347.0
4888 347.0
4889 277.39505
4890 705.8269
4891 348.134
4892 352.12238
4893 283.6
4894 347.0
4895 587.0
4896 331.0
4897 347.0
4898 283.0
4899 347.0
4900 347.0
4901 334.87277
4902 347.0
4903 347.0
4904 321.61462
4905 702.9292
4906 475.0
4907 154.40422
4908 427.0
4909 475.0
4910 300.134
4911 379.0
4912 475.0
4913 379.0
4914 379.0
4915 121.64487
4916 380.134
4917 379.0
4918 349.28735
4919 475.0
4920 427.0
4921 379.0
4922 379.0
4923 427.0
4924 299.0
4925 427.0
4926 379.0
4927 427.0
4928 380.134
4929 427.0
4930 299.0
4931 299.0
4932 129.94429
4933 379.0
4934 379.0
4935 427.0
4936 427.0
4937 427.0
4938 427.0
4939 379.0
4940 379.0
4941 427.0
4942 379.0
4943 427.0
4944 427.0
4945 379.0
4946 379.0
4947 379.0
4948 379.0
4949 427.0
4950 300.134
4951 379.0
4952 299.0
4953 371.10413
4954 379.0
4955 427.0
4956 475.0
4957 427.0
4958 427.0
4959 1147.0
4960 427.0
4961 427.0
4962 379.0
4963 427.0
4964 379.0
4965 164.14934
4966 379.0
4967 379.0
4968 379.0
4969 427.0
4970 427.0
4971 475.0
4972 427.0
4973 427.0
4974 360.1376
4975 427.0
4976 379.0
4977 475.0
4978 380.134
4979 379.0
4980 475.0
4981 299.0
4982 427.0
4983 379.0
4984 165.45627
4985 427.0
4986 379.0
4987 379.0
4988 427.0
4989 379.0
4990 379.0
4991 380.134
4992 379.0
4993 418.10068
4994 475.0
4995 379.0
4996 379.0
4997 379.0
4998 154.37593
4999 299.0
5000 238.3747
5001 427.0
5002 299.0
5003 299.0
5004 379.0
5005 427.0
5006 378.99332
5007 419.97314
5008 384.54645
5009 163.44511
5010 475.0
5011 431.98184
5012 349.5965
5013 355.64453
5014 179.05008
5015 379.51785
5016 217.98387
5017 363.64767
5018 361.44833
5019 374.4043
5020 371.34964
5021 433.92523
5022 389.3868
5023 175.8016
5024 373.49515
5025 204.72614
5026 357.9036
5027 372.23248
5028 398.43066
5029 321.49014
5030 461.44363
5031 292.05023
5032 359.86508
5033 386.6834
5034 329.51242
5035 422.077
5036 251.0
5037 356.66895
5038 398.57947
5039 362.41638
5040 367.82928
5041 398.32608
5042 85.74331
5043 378.88132
5044 453.66205
5045 383.71948
5046 251.83604
5047 374.11877
5048 397.04968
5049 433.8659
5050 361.84796
5051 234.8955
5052 285.55576
5053 521.00854
5054 374.48618
5055 357.56216
5056 300.31058
5057 393.97684
5058 199.70631
5059 256.02744
5060 317.96558
5061 391.04593
5062 370.45004
5063 202.71669
5064 38.198257
5065 428.2697
5066 202.62326
5067 384.4379
5068 349.80002
5069 363.69672
5070 345.3016
5071 48.83804
5072 365.5611
5073 429.65646
5074 392.63885
5075 158.7481
5076 371.83417
5077 427.61624
5078 215.17786
5079 376.54437
5080 388.18747
5081 373.6255
5082 382.4107
5083 417.92474
5084 366.74506
5085 751.4356
5086 360.27673
5087 230.2695
5088 352.10318
5089 199.26678
5090 382.2873
5091 166.46103
5092 136.92651
5093 371.65692
5094 308.9984
5095 284.06937
5096 259.2442
5097 367.35892
5098 371.9414
5099 263.12042
5100 519.5547
5101 314.7382
5102 45.058033
5103 391.16656
5104 315.99713
5105 370.43622
5106 352.5016
5107 555.51514
5108 363.0
5109 495.8152
5110 495.31726
5111 219.0
5112 219.0
5113 329.55252
5114 521.75116
5115 532.22455
5116 363.0
5117 509.19232
5118 359.61844
5119 408.02957
5120 1012.66064
5121 219.0
5122 631.5864
5123 363.0
5124 219.0
5125 499.0402
5126 363.0
5127 219.0
5128 187.0
5129 400.74
5130 219.0
5131 219.0
5132 587.0
5133 506.46628
5134 363.0
5135 499.6111
5136 533.5357
5137 486.9957
5138 504.85925
5139 779.4451
5140 478.1584
5141 493.81653
5142 565.6958
5143 539.6792
5144 219.0
5145 587.0
5146 356.09854
5147 495.79468
5148 400.4981
5149 552.25256
5150 518.87976
5151 219.0
5152 341.88483
5153 503.04437
5154 494.27878
5155 537.91406
5156 512.94543
5157 219.0
5158 321.9823
5159 219.0
5160 501.31424
5161 219.0
5162 498.71524
5163 219.0
5164 219.0
5165 555.8004
5166 519.28235
5167 341.71207
5168 363.0
5169 482.54626
5170 219.0
5171 219.0
5172 392.302
5173 465.16068
5174 363.0
5175 493.46884
5176 332.40085
5177 322.64325
5178 286.46802
5179 479.88168
5180 492.1558
5181 363.0
5182 475.46985
5183 274.19247
5184 337.04108
5185 556.83984
5186 534.9118
5187 503.74292
5188 219.0
5189 219.0
5190 363.0
5191 338.76477
5192 483.9542
5193 265.5325
5194 187.0
5195 498.74683
5196 303.66718
5197 558.4011
5198 187.0
5199 353.9296
5200 367.12973
5201 120.66052
5202 505.19135
5203 505.5034
5204 341.42038
5205 478.0849
5206 438.0772
5207 395.6
5208 475.0
5209 395.0
5210 538.93396
5211 772.8709
5212 509.1568
5213 395.6
5214 275.63797
5215 395.0
5216 440.1028
5217 475.6
5218 365.84213
5219 395.0
5220 693.25146
5221 395.0
5222 395.0
5223 448.11874
5224 347.0
5225 395.0
5226 303.7207
5227 453.08563
5228 347.6
5229 758.9317
5230 395.0
5231 475.0
5232 395.0
5233 536.732
5234 693.7488
5235 539.0
5236 395.0
5237 539.0
5238 395.0
5239 536.2488
5240 502.98526
5241 456.67706
5242 347.0
5243 395.0
5244 389.51346
5245 385.34747
5246 539.0
5247 512.061
5248 259.27948
5249 473.87094
5250 395.0
5251 539.0
5252 542.6982
5253 539.0
5254 395.0
5255 395.6
5256 395.0
5257 292.9
5258 808.4856
5259 395.0
5260 395.0
5261 395.0
5262 445.72998
5263 385.59393
5264 798.96356
5265 395.0
5266 379.93005
5267 395.0
5268 539.0
5269 395.0
5270 530.2221
5271 317.00006
5272 457.0421
5273 529.59393
5274 203.0
5275 734.5967
5276 303.7207
5277 396.134
5278 347.6
5279 347.6
5280 796.2086
5281 442.1417
5282 395.0
5283 395.0
5284 395.6
5285 538.31055
5286 539.11694
5287 475.0
5288 473.36932
5289 395.0
5290 395.0
5291 395.0
5292 347.0
5293 539.0
5294 475.9887
5295 713.0878
5296 388.56598
5297 395.0
5298 343.05118
5299 700.27734
5300 539.0
5301 395.0
5302 395.0
5303 458.1704
5304 273.99524
5305 410.45792
5306 314.6975
5307 664.6145
5308 295.12152
5309 173.26799
5310 363.93295
5311 223.19879
5312 289.68652
5313 224.16852
5314 308.67664
5315 521.3625
5316 224.05106
5317 315.5336
5318 363.0
5319 498.1525
5320 235.0
5321 242.40773
5322 306.30478
5323 313.2695
5324 231.68034
5325 235.6
5326 363.28235
5327 235.0
5328 294.3486
5329 363.0
5330 410.56622
5331 528.66974
5332 363.0
5333 191.04578
5334 356.5505
5335 357.4506
5336 233.60217
5337 324.06934
5338 363.0
5339 363.0
5340 252.58873
5341 364.134
5342 319.70206
5343 284.2
5344 339.47348
5345 171.0
5346 236.2
5347 280.6259
5348 283.6
5349 339.34366
5350 186.56839
5351 300.35944
5352 315.6
5353 235.0
5354 421.75458
5355 360.6847
5356 315.0
5357 292.81824
5358 525.62024
5359 302.043
5360 407.35782
5361 646.5361
5362 411.27863
5363 335.85526
5364 350.79425
5365 363.6
5366 284.2
5367 296.11703
5368 168.49797
5369 413.7262
5370 336.8063
5371 597.403
5372 342.14246
5373 244.30768
5374 171.6
5375 363.0
5376 436.26697
5377 221.21667
5378 171.0
5379 334.19836
5380 358.2
5381 235.0
5382 237.86153
5383 329.28992
5384 351.5033
5385 315.0
5386 493.33878
5387 358.9355
5388 363.0
5389 343.80005
5390 363.0
5391 363.0
5392 346.5207
5393 306.7157
5394 358.3096
5395 441.26395
5396 267.01578
5397 363.0
5398 171.0
5399 286.38245
5400 363.0
5401 315.6
5402 235.0
5403 342.58786
5404 330.5684
5405 315.0
5406 314.7287
5407 373.21533
5408 306.0868
5409 386.95914
5410 335.42242
5411 360.14352
5412 328.26385
5413 327.51727
5414 322.1554
5415 330.4083
5416 366.6355
5417 157.16982
5418 651.0
5419 325.9405
5420 342.97894
5421 321.23697
5422 284.5148
5423 372.65005
5424 337.8273
5425 335.498
5426 411.0
5427 338.4315
5428 332.4783
5429 338.49606
5430 327.21835
5431 327.68808
5432 336.525
5433 324.3956
5434 305.68073
5435 282.77774
5436 360.08124
5437 313.6392
5438 393.76828
5439 377.89453
5440 343.88586
5441 344.35114
5442 386.77295
5443 306.6361
5444 384.06284
5445 321.3606
5446 171.0
5447 523.0
5448 411.0
5449 351.41638
5450 470.54303
5451 383.7317
5452 316.49005
5453 361.4685
5454 342.2881
5455 345.53992
5456 403.8755
5457 378.39035
5458 329.70273
5459 320.95468
5460 383.06274
5461 337.4636
5462 345.4482
5463 310.4404
5464 357.7806
5465 323.6793
5466 356.77524
5467 309.66565
5468 361.75723
5469 335.5098
5470 321.4499
5471 348.4305
5472 285.12567
5473 358.31842
5474 313.2956
5475 294.552
5476 389.12958
5477 177.68652
5478 331.89053
5479 332.74533
5480 338.71448
5481 321.1943
5482 349.33456
5483 411.0
5484 321.5556
5485 344.9086
5486 328.52847
5487 318.22995
5488 317.993
5489 373.90848
5490 338.3093
5491 328.29077
5492 316.61353
5493 338.2465
5494 411.0
5495 317.39865
5496 297.12082
5497 327.90268
5498 319.79697
5499 328.79007
5500 389.33777
5501 261.29285
5502 346.08444
5503 336.06702
5504 345.07617
5505 308.3246
5506 463.7598
5507 571.0
5508 592.05585
5509 235.0
5510 459.2828
5511 530.83215
5512 589.78784
5513 235.0
5514 346.53613
5515 422.9491
5516 460.6103
5517 598.48773
5518 443.0
5519 443.0
5520 443.0
5521 523.8901
5522 443.0
5523 392.3134
5524 235.0
5525 296.07266
5526 235.0
5527 364.2
5528 584.8344
5529 235.0
5530 235.0
5531 382.772
5532 427.2756
5533 667.6
5534 466.32858
5535 443.0
5536 443.0
5537 572.134
5538 235.0
5539 443.0
5540 571.0
5541 441.4387
5542 377.8211
5543 587.1217
5544 667.0
5545 443.0
5546 235.0
5547 599.2678
5548 443.0
5549 412.69232
5550 442.85794
5551 235.0
5552 387.9596
5553 409.08908
5554 521.36835
5555 443.0
5556 364.2
5557 386.95663
5558 443.0
5559 235.0
5560 378.35577
5561 540.75433
5562 522.56836
5563 235.0
5564 364.134
5565 586.56836
5566 457.59485
5567 454.06613
5568 165.16508
5569 305.42026
5570 407.33087
5571 374.26443
5572 418.67902
5573 236.134
5574 371.00778
5575 437.2235
5576 235.0
5577 297.2722
5578 378.706
5579 667.0
5580 534.56586
5581 445.3762
5582 235.0
5583 296.25928
5584 384.05588
5585 591.73773
5586 653.92365
5587 301.72705
5588 235.0
5589 655.62286
5590 413.31003
5591 443.0
5592 469.5671
5593 443.0
5594 364.2
5595 296.1376
5596 235.0
5597 647.60724
5598 532.4815
5599 467.28708
5600 236.134
5601 258.12787
5602 584.77576
5603 363.0
5604 235.0
5605 443.0
5606 523.6
5607 717.5425
5608 347.0
5609 523.0
5610 509.5058
5611 516.1088
5612 523.0
5613 731.0
5614 511.63315
5615 519.48944
5616 891.0
5617 891.0
5618 515.90094
5619 827.0
5620 523.0
5621 347.0
5622 586.81714
5623 1048.7142
5624 1043.8413
5625 520.85754
5626 437.74054
5627 706.0965
5628 516.739
5629 347.0
5630 347.0
5631 747.0
5632 347.0
5633 518.9279
5634 523.0
5635 578.3715
5636 581.7036
5637 523.0
5638 585.6409
5639 521.43536
5640 891.0
5641 521.07825
5642 685.4024
5643 576.8763
5644 510.36774
5645 691.8414
5646 523.8432
5647 680.2701
5648 561.7739
5649 517.27545
5650 347.0
5651 731.0
5652 510.82028
5653 526.4887
5654 347.0
5655 387.84137
5656 523.90155
5657 542.028
5658 584.6595
5659 504.65256
5660 523.0
5661 347.0
5662 385.5185
5663 523.0
5664 591.5557
5665 523.0
5666 891.0
5667 523.0
5668 437.74054
5669 523.0
5670 516.507
5671 347.0
5672 522.4103
5673 680.9917
5674 523.0
5675 347.0
5676 827.0
5677 523.6
5678 517.182
5679 523.0
5680 520.73975
5681 668.8374
5682 347.0
5683 571.80493
5684 827.0
5685 579.19696
5686 523.0
5687 347.0
5688 914.45245
5689 513.08215
5690 523.0
5691 891.0
5692 891.0
5693 574.30725
5694 516.56775
5695 891.0
5696 379.55438
5697 520.4507
5698 699.3488
5699 393.8903
5700 523.0
5701 523.0
5702 827.0
5703 519.6714
5704 347.0
5705 523.6
5706 537.2609
5707 555.0
5708 390.05313
5709 552.3636
5710 540.73224
5711 545.9326
5712 443.0
5713 538.63416
5714 555.0
5715 747.0
5716 175.919
5717 552.3636
5718 393.27203
5719 591.5328
5720 219.0
5721 547.4007
5722 1179.0
5723 219.0
5724 1179.0
5725 555.0
5726 827.0
5727 543.2007
5728 548.1639
5729 1510.498
5730 1499.0
5731 747.0
5732 219.0
5733 555.0
5734 555.0
5735 1075.8412
5736 555.0
5737 213.47357
5738 555.6
5739 555.0
5740 213.0838
5741 555.0
5742 548.0106
5743 555.8577
5744 219.0
5745 549.0252
5746 219.0
5747 219.0
5748 651.0
5749 555.0
5750 555.0
5751 555.0
5752 651.0
5753 219.0
5754 535.4471
5755 875.0
5756 550.596
5757 747.0
5758 552.3636
5759 0.0
5760 1035.0
5761 555.0
5762 27.122032
5763 547.6446
5764 555.0
5765 394.74954
5766 163.07414
5767 971.0
5768 531.2284
5769 544.9177
5770 219.0
5771 555.0
5772 651.0
5773 219.0
5774 651.0
5775 555.0
5776 539.57153
5777 518.6799
5778 555.0
5779 555.0
5780 219.0
5781 555.0
5782 747.0
5783 875.0
5784 875.0
5785 735.6567
5786 393.8996
5787 555.0
5788 747.0
5789 33.134003
5790 159.74423
5791 555.0
5792 555.0
5793 555.0
5794 747.0
5795 548.6132
5796 219.0
5797 219.0
5798 735.32385
5799 555.0
5800 651.0
5801 555.0
5802 971.0
5803 555.0
5804 550.7397
5805 535.271
5806 753.4
5807 683.0
5808 851.69464
5809 172.134
5810 621.06104
5811 683.0
5812 172.134
5813 593.1151
5814 1499.0
5815 635.0
5816 734.2001
5817 1340.2483
5818 187.0
5819 187.0
5820 683.0
5821 635.0
5822 187.0
5823 187.0
5824 745.84985
5825 187.0
5826 187.0
5827 187.0
5828 683.0
5829 584.71204
5830 171.0
5831 415.9739
5832 171.0
5833 1039.145
5834 875.56854
5835 187.0
5836 188.134
5837 1499.0
5838 567.24347
5839 683.0
5840 581.1177
5841 1029.7406
5842 187.0
5843 187.0
5844 187.0
5845 187.0
5846 187.0
5847 1147.0
5848 635.0
5849 187.0
5850 305.40002
5851 315.0
5852 890.33545
5853 1147.0
5854 187.0
5855 171.0
5856 1355.4448
5857 763.0
5858 187.0
5859 171.0
5860 315.0
5861 567.5534
5862 683.0
5863 171.0
5864 1579.0
5865 635.0
5866 552.49225
5867 564.68823
5868 316.3478
5869 1147.0
5870 984.1841
5871 1247.4873
5872 683.0
5873 187.0
5874 171.0
5875 187.0
5876 626.2101
5877 187.0
5878 683.0
5879 440.3707
5880 652.71265
5881 171.0
5882 763.0
5883 1435.5032
5884 193.61462
5885 903.57764
5886 187.0
5887 427.0
5888 315.0
5889 848.3642
5890 939.0
5891 315.0
5892 187.0
5893 315.0
5894 1426.8762
5895 187.0
5896 1431.4727
5897 171.0
5898 635.0
5899 467.51138
5900 315.0
5901 282.60004
5902 730.60004
5903 985.93005
5904 187.0
5905 171.0
5906 779.0
5907 779.0
5908 827.0
5909 235.0
5910 459.0
5911 459.0
5912 2027.0
5913 459.0
5914 827.0
5915 236.134
5916 235.0
5917 1451.0
5918 235.0
5919 491.0
5920 715.0
5921 939.0
5922 1355.0
5923 459.0
5924 1627.0
5925 715.0
5926 1595.0
5927 491.0
5928 779.0
5929 459.0
5930 1207.5214
5931 206.95586
5932 603.0
5933 1739.0
5934 715.0
5935 603.0
5936 459.0
5937 603.0
5938 491.0
5939 779.0
5940 235.0
5941 169.39384
5942 491.0
5943 235.0
5944 603.6
5945 1355.0
5946 715.0
5947 459.0
5948 491.0
5949 939.0
5950 235.0
5951 235.0
5952 603.0
5953 779.0
5954 459.0
5955 779.0
5956 1355.0
5957 1355.0
5958 939.0
5959 1212.6221
5960 235.0
5961 235.0
5962 235.0
5963 459.0
5964 459.0
5965 939.0
5966 715.6
5967 779.0
5968 827.0
5969 1355.0
5970 236.134
5971 939.0
5972 827.0
5973 459.0
5974 939.0
5975 715.0
5976 459.0
5977 1355.0
5978 459.0
5979 459.0
5980 459.0
5981 36.15592
5982 459.0
5983 235.0
5984 459.0
5985 1355.0
5986 235.0
5987 459.0
5988 1355.0
5989 459.0
5990 459.0
5991 235.0
5992 459.0
5993 491.0
5994 491.0
5995 939.0
5996 1596.134
5997 459.0
5998 603.0
5999 779.0
6000 235.0
6001 235.0
6002 603.0
6003 459.0
6004 1595.0
6005 459.0
6006 334.98877
6007 357.5807
6008 346.2643
6009 346.74496
6010 363.0
6011 363.0
6012 363.0
6013 235.0
6014 235.0
6015 363.0
6016 352.18896
6017 363.0
6018 493.4791
6019 215.39653
6020 235.0
6021 363.0
6022 453.56094
6023 235.0
6024 363.0
6025 235.0
6026 449.75528
6027 352.42603
6028 363.0
6029 235.6
6030 363.0
6031 348.5475
6032 363.0
6033 439.3221
6034 363.0
6035 356.29312
6036 251.16649
6037 363.0
6038 347.0
6039 363.0
6040 235.0
6041 351.12762
6042 451.0874
6043 343.3074
6044 363.0
6045 460.66183
6046 350.12265
6047 363.0
6048 352.10812
6049 235.0
6050 363.0
6051 363.0
6052 242.7842
6053 352.42123
6054 363.0
6055 350.32803
6056 363.0
6057 235.6
6058 363.0
6059 363.6
6060 235.0
6061 363.0
6062 363.0
6063 363.0
6064 235.0
6065 235.0
6066 363.0
6067 363.0
6068 235.0
6069 235.0
6070 351.32593
6071 363.0
6072 363.0
6073 363.0
6074 363.0
6075 235.0
6076 363.0
6077 439.83493
6078 363.0
6079 363.0
6080 350.22708
6081 345.76062
6082 363.0
6083 195.67879
6084 354.79395
6085 363.0
6086 267.0
6087 363.8185
6088 363.0
6089 225.10336
6090 236.2
6091 356.38538
6092 363.0
6093 472.87244
6094 363.0
6095 363.0
6096 363.0
6097 300.74152
6098 235.0
6099 235.0
6100 235.0
6101 363.0
6102 303.41855
6103 363.0
6104 352.07275
6105 316.73096
6106 581.9149
6107 536.83453
6108 915.69464
6109 635.0
6110 619.4021
6111 318.25687
6112 283.0
6113 283.0
6114 331.0
6115 331.0
6116 561.397
6117 657.6427
6118 569.8209
6119 453.72717
6120 592.26337
6121 343.38165
6122 331.6
6123 660.3068
6124 283.0
6125 331.0
6126 546.74536
6127 409.06595
6128 472.46198
6129 331.6
6130 456.5692
6131 534.4781
6132 485.8653
6133 584.11066
6134 503.1509
6135 562.25555
6136 635.0
6137 331.0
6138 509.11572
6139 500.72244
6140 482.90674
6141 331.6
6142 312.1721
6143 517.3905
6144 465.81616
6145 635.0
6146 635.0
6147 563.42633
6148 310.54636
6149 530.4762
6150 283.0
6151 331.6
6152 283.0
6153 629.4483
6154 349.24554
6155 620.6784
6156 563.2781
6157 635.0
6158 486.73773
6159 543.5239
6160 626.2428
6161 299.83487
6162 284.134
6163 570.7306
6164 283.0
6165 331.0
6166 322.94452
6167 331.0
6168 605.33575
6169 476.95197
6170 780.75433
6171 701.04913
6172 610.4605
6173 540.2931
6174 283.0
6175 591.6224
6176 372.21448
6177 283.0
6178 611.44214
6179 462.00845
6180 288.1818
6181 609.16565
6182 573.70734
6183 462.1335
6184 501.78094
6185 538.3622
6186 339.23044
6187 283.0
6188 310.77884
6189 634.75714
6190 614.5884
6191 534.7421
6192 331.0
6193 283.0
6194 635.0
6195 620.9126
6196 584.2159
6197 635.0
6198 498.44043
6199 331.0
6200 265.84708
6201 630.5632
6202 219.0
6203 719.6183
6204 339.02435
6205 571.9129
6206 251.6
6207 337.08655
6208 251.0
6209 252.2
6210 336.50024
6211 329.00986
6212 263.5945
6213 296.66013
6214 492.3285
6215 313.1277
6216 344.0772
6217 411.47995
6218 251.0
6219 307.56348
6220 379.0
6221 239.62051
6222 331.99847
6223 236.59999
6224 507.0
6225 182.43059
6226 224.59999
6227 320.97156
6228 352.1072
6229 379.6
6230 251.0
6231 342.4062
6232 251.0
6233 230.66739
6234 471.0042
6235 551.7411
6236 306.765
6237 251.0
6238 840.6343
6239 641.6865
6240 503.80664
6241 252.2
6242 488.56967
6243 513.7053
6244 367.2
6245 331.0
6246 971.0
6247 193.35194
6248 459.0
6249 281.21164
6250 337.68652
6251 305.16776
6252 345.93085
6253 362.81036
6254 297.82492
6255 264.30038
6256 372.40518
6257 331.9074
6258 478.31384
6259 331.0
6260 251.0
6261 354.18185
6262 487.34598
6263 261.6268
6264 486.38928
6265 850.6441
6266 247.7815
6267 251.0
6268 251.0
6269 331.0
6270 251.0
6271 694.92883
6272 477.9403
6273 481.54745
6274 223.06837
6275 365.46655
6276 553.4726
6277 352.04257
6278 893.0309
6279 251.0
6280 241.4
6281 187.0
6282 457.25754
6283 477.2287
6284 638.468
6285 251.0
6286 242.96779
6287 252.2
6288 513.3478
6289 251.0
6290 234.79591
6291 248.2179
6292 352.48196
6293 266.5684
6294 251.0
6295 587.0
6296 695.8693
6297 697.87616
6298 254.81853
6299 379.0
6300 251.0
6301 300.7443
6302 264.80652
6303 334.21854
6304 210.64214
6305 241.44899
6306 387.35864
6307 366.85413
6308 324.18048
6309 325.80005
6310 319.77817
6311 412.6507
6312 332.06992
6313 306.69928
6314 427.0
6315 379.94104
6316 301.5275
6317 296.14096
6318 556.7494
6319 309.88593
6320 310.22156
6321 330.69446
6322 278.4922
6323 313.30063
6324 385.4954
6325 377.1346
6326 319.4013
6327 450.75735
6328 427.59332
6329 301.21664
6330 427.0
6331 305.0822
6332 308.21298
6333 317.457
6334 314.85535
6335 378.5013
6336 427.0
6337 368.43286
6338 304.79245
6339 288.1224
6340 308.66074
6341 299.711
6342 315.8189
6343 357.90567
6344 387.31177
6345 394.738
6346 315.30392
6347 331.41766
6348 336.69583
6349 362.1517
6350 318.46317
6351 303.56253
6352 304.71262
6353 309.07523
6354 427.0
6355 305.9072
6356 305.69635
6357 325.853
6358 313.49625
6359 427.0
6360 371.359
6361 337.84418
6362 304.1773
6363 779.0
6364 371.10114
6365 376.84067
6366 271.46524
6367 305.461
6368 307.1938
6369 400.9127
6370 326.1704
6371 331.17496
6372 376.2281
6373 374.63654
6374 418.4304
6375 314.4012
6376 378.7787
6377 370.69562
6378 360.19128
6379 338.62436
6380 294.3734
6381 322.22162
6382 296.79617
6383 404.67734
6384 779.0
6385 543.3583
6386 320.36566
6387 294.4402
6388 333.35846
6389 308.7427
6390 290.51715
6391 306.6609
6392 301.34955
6393 314.476
6394 295.57166
6395 251.0
6396 306.12262
6397 365.37607
6398 374.42453
6399 337.9238
6400 312.91428
6401 293.4519
6402 295.96112
6403 377.16
6404 315.15555
6405 427.0
6406 378.1844
6407 296.72867
6408 329.47397
6409 317.74966
6410 356.10983
6411 304.63522
6412 332.24872
6413 294.31647
6414 408.4823
6415 309.12506
6416 380.3142
6417 331.43115
6418 312.50128
6419 411.0
6420 203.0
6421 354.0314
6422 291.1198
6423 532.8377
6424 310.30283
6425 390.18423
6426 398.7313
6427 366.09186
6428 425.1525
6429 398.3814
6430 366.56122
6431 203.0
6432 374.44373
6433 296.7277
6434 387.9995
6435 314.45288
6436 393.87598
6437 299.7353
6438 320.30164
6439 294.3723
6440 278.83826
6441 295.83408
6442 358.1658
6443 219.12054
6444 287.8222
6445 353.95575
6446 333.30698
6447 411.0
6448 387.93515
6449 310.62958
6450 316.58942
6451 380.85532
6452 388.81
6453 316.0755
6454 187.86401
6455 370.86545
6456 308.14282
6457 309.96915
6458 310.5546
6459 400.21982
6460 317.5806
6461 324.15308
6462 325.35617
6463 396.62704
6464 325.03152
6465 287.1526
6466 306.86005
6467 340.18054
6468 382.50046
6469 387.8387
6470 320.6374
6471 325.03625
6472 334.78015
6473 203.0
6474 312.1047
6475 307.5665
6476 320.59518
6477 340.16376
6478 368.40396
6479 341.9478
6480 400.7857
6481 203.0
6482 203.0
6483 326.46582
6484 312.8357
6485 298.50644
6486 378.70834
6487 374.57797
6488 180.34052
6489 199.07611
6490 402.95047
6491 331.76813
6492 346.84238
6493 290.60855
6494 291.6734
6495 388.0527
6496 408.77457
6497 411.0
6498 310.88782
6499 312.58493
6500 291.961
6501 384.27097
6502 380.83588
6503 325.8318
6504 287.3987
6505 313.33835
6506 430.95908
6507 768.5945
6508 650.6211
6509 393.55035
6510 886.1397
6511 95.14942
6512 399.9228
6513 264.42337
6514 475.0
6515 267.0
6516 760.1256
6517 474.18134
6518 340.41278
6519 255.50168
6520 739.66766
6521 213.83679
6522 475.0
6523 762.1598
6524 699.65094
6525 268.2
6526 331.0
6527 267.6
6528 546.33527
6529 537.659
6530 475.0
6531 307.84137
6532 553.868
6533 267.6
6534 506.42035
6535 531.0961
6536 267.0
6537 267.0
6538 554.19617
6539 267.2592
6540 396.60266
6541 465.16074
6542 767.5868
6543 382.1799
6544 472.78876
6545 203.0
6546 389.47263
6547 352.05588
6548 385.56708
6549 331.0
6550 245.74492
6551 203.0
6552 699.0
6553 508.75436
6554 261.8767
6555 267.6
6556 761.3261
6557 755.9605
6558 254.07149
6559 547.9562
6560 572.2
6561 331.0
6562 751.5457
6563 268.734
6564 189.36032
6565 765.8048
6566 267.0
6567 567.1105
6568 472.64044
6569 260.56042
6570 491.62344
6571 331.40527
6572 267.0
6573 550.3163
6574 371.31406
6575 699.0
6576 303.31137
6577 379.34882
6578 472.78406
6579 775.7102
6580 322.09616
6581 478.8294
6582 545.5475
6583 467.62198
6584 552.12915
6585 550.1632
6586 468.91638
6587 158.60251
6588 206.468
6589 182.98056
