1 48.634895
2 0.0
3 1.2
4 78.01749
5 1.2
6 60.67553
7 106.43603
8 74.486145
9 0.0
10 0.0
11 2.9304833
12 0.0
13 112.26883
14 255.61862
15 1.2
16 94.126724
17 3.4128692
18 153.8
19 0.0
20 29.715889
21 39.433544
22 0.0
23 70.14698
24 39.68115
25 87.31489
26 81.12733
27 0.0
28 0.0
29 68.62552
30 0.0
31 102.39323
32 4.8865204
33 0.0
34 6.4853716
35 0.0
36 2.8308544
37 130.3753
38 112.042885
39 31.53429
40 0.8453431
41 3.6415017
42 281.3702
43 136.59361
44 25.728687
45 0.0
46 136.64156
47 10.797404
48 203.0
49 12.349874
50 130.07735
51 1.1340001
52 10.315396
53 2.2680001
54 151.90002
55 55.087055
56 1.2
57 145.06323
58 154.00287
59 15.372421
60 17.764345
61 0.0
62 0.0
63 254.73317
64 0.0
65 0.0
66 56.89371
67 31.661322
68 314.19955
69 5.3923597
70 0.0
71 0.0
72 203.0
73 203.0
74 80.770386
75 78.57246
76 73.60737
77 101.66892
78 0.0
79 66.08384
80 56.88489
81 64.207054
82 35.722374
83 117.11318
84 39.244194
85 104.70659
86 0.0
87 69.18062
88 1.2
89 0.0
90 64.67095
91 19.857113
92 203.0
93 183.26419
94 7.7841964
95 55.787342
96 203.0
97 276.0
98 203.0
99 56.75803
100 204.73401
101 8.061121
102 280.28653
103 219.0
104 71.95201
105 152.38457
106 331.0
107 363.0
108 155.0
109 74.17748
110 155.0
111 213.21666
112 0.0
113 323.83282
114 283.0
115 151.00215
116 194.7198
117 44.319267
118 363.0
119 187.0
120 145.29959
121 142.53671
122 3.3432603
123 112.86519
124 26.548162
125 347.0
126 16.462564
127 187.0
128 0.0
129 155.6
130 117.849174
131 379.81482
132 125.83218
133 35.881466
134 149.88315
135 164.0
136 85.0492
137 155.0
138 100.52429
139 187.0
140 421.52438
141 126.12906
142 104.956856
143 15.393677
144 190.468
145 42.81817
146 13.679008
147 0.0
148 94.50037
149 6.6830034
150 137.28857
151 16.41716
152 2.789788
153 155.0
154 87.40107
155 144.79048
156 315.34323
157 378.5684
158 219.0
159 187.0
160 155.0
161 201.26485
162 0.0
163 24.495085
164 164.0
165 137.25854
166 3.3432603
167 14.595757
168 143.11476
169 216.15637
170 0.0
171 187.0
172 23.28553
173 106.51246
174 61.157516
175 121.95737
176 81.87655
177 0.2876525
178 0.0
179 219.0
180 81.38014
181 59.328415
182 1.8897033
183 1.1340001
184 155.0
185 0.0
186 0.0
187 0.0
188 20.720388
189 308.0
190 283.0
191 9.275561
192 71.0576
193 143.38559
194 3.674083
195 0.0
196 0.0
197 58.673668
198 208.20912
199 21.637184
200 0.0
201 463.5639
202 258.44724
203 403.50433
204 280.88092
205 303.17786
206 284.75705
207 256.20566
208 331.0242
209 261.39197
210 166.14163
211 233.84041
212 0.0
213 254.79234
214 100.78071
215 267.0
216 374.75354
217 212.0
218 373.6501
219 63.02336
220 322.1398
221 0.0
222 34.089172
223 262.24097
224 275.378
225 93.64359
226 238.66628
227 280.88687
228 147.45618
229 0.0
230 38.754658
231 161.02888
232 224.78503
233 114.13274
234 357.56076
235 136.30911
236 370.66742
237 227.47523
238 84.273964
239 40.798035
240 85.90491
241 109.3831
242 254.51752
243 188.96693
244 267.0
245 85.36838
246 249.18321
247 60.196938
248 189.31259
249 0.38110214
250 55.669758
251 56.232452
252 0.0
253 263.28384
254 243.98735
255 296.8205
256 323.64545
257 110.56264
258 110.62953
259 137.89682
260 55.203568
261 265.866
262 400.02557
263 16.567867
264 124.236206
265 10.906001
266 422.9376
267 305.1754
268 367.96033
269 232.88564
270 212.0
271 2.9808996
272 11.914781
273 242.76857
274 35.302937
275 234.64655
276 377.7265
277 74.27672
278 7.5052404
279 0.0
280 248.87567
281 73.67278
282 0.0
283 39.849274
284 17.093422
285 19.25974
286 267.6
287 0.0
288 39.223118
289 246.57979
290 21.58588
291 380.82645
292 253.77638
293 111.63145
294 2.9291787
295 235.93805
296 199.77643
297 65.92378
298 232.36655
299 212.0
300 241.84717
301 133.72159
302 301.0964
303 251.0
304 235.12799
305 251.0
306 177.04332
307 181.23247
308 160.67851
309 245.49081
310 246.32478
311 52.271584
312 41.217056
313 148.09749
314 149.39053
315 154.11209
316 250.33002
317 99.45411
318 139.79002
319 251.0
320 240.58125
321 159.50099
322 109.72045
323 226.79015
324 177.22365
325 148.8234
326 24.116997
327 172.21754
328 345.71405
329 38.25293
330 236.2062
331 232.6883
332 113.32699
333 248.73201
334 226.99294
335 149.20525
336 0.0
337 249.46664
338 54.895233
339 81.995735
340 164.41249
341 172.00017
342 94.699326
343 218.33124
344 104.90143
345 82.48041
346 75.80578
347 99.48512
348 151.84354
349 114.41014
350 91.057594
351 224.01462
352 239.44481
353 227.0852
354 55.48883
355 251.0
356 63.166348
357 164.92091
358 8.353488
359 234.75069
360 246.51506
361 26.595427
362 31.873802
363 129.71266
364 112.99244
365 0.0
366 0.0
367 0.0
368 4.064483
369 56.3159
370 2.716574
371 43.169857
372 93.13686
373 235.91357
374 0.0
375 0.0
376 0.0
377 234.99481
378 144.39241
379 148.9347
380 147.35896
381 190.88788
382 117.74767
383 219.53572
384 57.1508
385 233.96643
386 34.927864
387 235.42088
388 0.0
389 246.29488
390 16.715069
391 31.937431
392 103.28531
393 62.76579
394 130.79735
395 45.617825
396 151.84329
397 338.62943
398 221.79669
399 39.332085
400 225.80872
401 203.0
402 0.0
403 204.134
404 24.383451
405 32.598366
406 122.869
407 203.0
408 304.05966
409 204.134
410 197.60155
411 180.65186
412 256.01987
413 72.736694
414 122.68146
415 203.0
416 173.06882
417 181.60152
418 202.4
419 134.23366
420 274.0684
421 111.19793
422 120.82462
423 203.0
424 174.2638
425 203.0
426 187.9548
427 182.54128
428 401.09906
429 280.32776
430 235.0
431 161.74675
432 203.0
433 170.6347
434 180.08636
435 63.855827
436 102.385025
437 90.9156
438 79.289635
439 117.27641
440 254.91463
441 315.0
442 79.39651
443 262.43997
444 126.84996
445 122.78712
446 216.27675
447 391.12054
448 182.97862
449 145.99524
450 154.41373
451 136.83562
452 0.0
453 441.29456
454 0.0
455 284.9539
456 203.0
457 1.3990096
458 4.9525204
459 155.372
460 203.0
461 76.472466
462 79.376205
463 203.0
464 179.17879
465 414.46878
466 203.0
467 166.32689
468 203.0
469 183.24164
470 447.38104
471 5.903612
472 203.0
473 204.134
474 188.07425
475 86.413826
476 53.469498
477 1.1340001
478 2.8069065
479 3.3432603
480 300.37344
481 315.0
482 133.82147
483 123.89694
484 106.51199
485 166.35693
486 49.30621
487 173.1171
488 0.0
489 315.0
490 49.985325
491 315.0
492 12.528089
493 96.373375
494 157.46964
495 120.78651
496 41.084965
497 167.6061
498 0.0
499 111.21093
500 316.134
501 171.0
502 236.134
503 149.69165
504 203.0
505 107.18386
506 115.22462
507 140.24982
508 235.0
509 361.3719
510 126.10608
511 124.246925
512 405.7585
513 188.75696
514 172.134
515 601.9241
516 134.39644
517 171.0
518 255.85956
519 479.6762
520 101.29385
521 171.0
522 76.901566
523 235.0
524 171.0
525 62.955833
526 172.134
527 171.0
528 363.0
529 235.0
530 199.19304
531 236.134
532 189.20189
533 171.0
534 132.09747
535 172.73401
536 117.98818
537 171.0
538 70.093834
539 20.199306
540 117.000175
541 171.0
542 230.51404
543 147.91962
544 362.4
545 88.968376
546 123.095665
547 163.39363
548 171.0
549 220.28587
550 169.5018
551 102.78613
552 171.0
553 229.89641
554 171.0
555 102.9373
556 124.49576
557 363.0
558 171.0
559 363.6
560 79.59092
561 363.0
562 235.0
563 48.955338
564 171.0
565 133.04004
566 171.0
567 160.5463
568 132.63094
569 235.0
570 120.71268
571 220.75696
572 256.68945
573 6.726125
574 363.0
575 20.87535
576 11.6076975
577 146.3734
578 89.512634
579 235.0
580 252.75696
581 154.1958
582 107.30769
583 110.464165
584 0.0
585 235.78331
586 171.0
587 171.0
588 58.129486
589 363.0
590 108.86284
591 355.94086
592 128.82227
593 171.0
594 171.0
595 90.06219
596 0.0
597 171.0
598 149.6271
599 226.50053
600 172.134
601 601.9241
602 315.0
603 219.0
604 282.34857
605 219.0
606 219.0
607 161.10725
608 220.134
609 459.0
610 182.97784
611 219.0
612 219.0
613 153.37384
614 219.0
615 157.87335
616 219.0
617 220.134
618 251.5129
619 131.48727
620 266.85834
621 206.30151
622 219.0
623 219.0
624 111.683044
625 219.0
626 191.46585
627 219.0
628 219.0
629 220.18628
630 219.0
631 225.31686
632 191.67499
633 219.0
634 315.0
635 290.00714
636 219.0
637 200.3342
638 179.76755
639 248.09181
640 219.0
641 188.27415
642 146.9505
643 208.69234
644 104.074356
645 219.0
646 179.06189
647 175.33195
648 111.44239
649 215.86952
650 210.4618
651 301.7739
652 220.134
653 459.0
654 134.54018
655 219.0
656 80.82732
657 306.044
658 72.005295
659 41.551956
660 219.0
661 95.18602
662 219.0
663 144.46501
664 219.0
665 114.763504
666 204.9478
667 234.69327
668 223.8191
669 309.73965
670 202.00203
671 210.2939
672 219.0
673 315.0
674 218.06529
675 297.5718
676 140.50188
677 248.79855
678 137.26065
679 252.44072
680 219.0
681 193.04045
682 6.6146307
683 305.09692
684 315.0
685 219.0
686 219.0
687 96.48928
688 224.60149
689 219.0
690 0.0
691 91.85695
692 145.38171
693 20.82076
694 120.17101
695 219.0
696 133.00357
697 105.70612
698 60.265644
699 193.64127
700 219.0
701 106.74797
702 59.297634
703 243.53912
704 17.949429
705 239.46985
706 363.0
707 245.49858
708 114.77276
709 259.7819
710 203.0
711 74.47012
712 21.0616
713 133.62405
714 217.51985
715 49.664318
716 262.64966
717 83.221146
718 22.966183
719 248.7952
720 238.81155
721 243.57361
722 143.07663
723 231.54465
724 267.0
725 253.3594
726 25.521576
727 258.27393
728 244.27658
729 203.0
730 45.096294
731 129.13428
732 47.350037
733 74.331406
734 256.92685
735 203.0
736 73.79245
737 203.0
738 36.95061
739 267.0
740 203.0
741 109.330055
742 256.82205
743 125.34604
744 225.85687
745 203.0
746 263.77835
747 261.7942
748 192.48962
749 65.6409
750 158.62956
751 251.24995
752 0.0
753 0.0
754 256.76935
755 21.985582
756 258.1875
757 203.0
758 239.47177
759 24.896435
760 47.310513
761 133.6355
762 0.0
763 240.57397
764 70.43534
765 98.0481
766 235.72818
767 73.71591
768 43.69122
769 248.1078
770 238.1896
771 32.49886
772 122.75255
773 93.06
774 237.59691
775 242.11035
776 263.98325
777 237.57437
778 165.91034
779 125.99517
780 47.686745
781 203.0
782 0.0
783 64.433235
784 241.0411
785 0.0
786 203.0
787 203.0
788 31.939892
789 249.38765
790 253.61981
791 245.46428
792 241.96112
793 244.62936
794 165.1993
795 235.53754
796 107.61992
797 156.75053
798 192.44904
799 77.485176
800 26.512522
801 242.1078
802 219.0
803 219.0
804 219.0
805 72.48439
806 137.53635
807 156.36804
808 36.853386
809 187.30127
810 307.28687
811 48.45429
812 94.89613
813 513.93896
814 26.525257
815 219.0
816 131.18661
817 219.0
818 237.89096
819 95.71471
820 219.0
821 172.72038
822 166.34964
823 555.0
824 135.2008
825 267.0
826 110.19826
827 59.23661
828 334.78867
829 541.5155
830 219.0
831 194.39218
832 104.6503
833 86.98516
834 267.0
835 267.0
836 231.66042
837 219.0
838 116.107834
839 133.62263
840 195.32828
841 187.0
842 187.0
843 389.1104
844 68.08069
845 231.72044
846 218.59767
847 164.0
848 219.0
849 219.0
850 267.0
851 219.0
852 38.01463
853 124.06726
854 290.02313
855 97.25759
856 117.09544
857 165.59732
858 13.1485815
859 179.23262
860 245.9933
861 219.0
862 317.28735
863 177.14893
864 0.0
865 164.0
866 159.98761
867 62.743187
868 571.95013
869 85.33227
870 17.442142
871 164.0
872 26.519367
873 268.134
874 71.966484
875 555.0
876 603.0
877 0.0
878 14.270419
879 135.48878
880 74.545555
881 110.22703
882 145.34875
883 168.74893
884 164.0
885 267.0
886 70.73146
887 237.47183
888 131.38799
889 219.0
890 222.468
891 205.38405
892 16.95803
893 478.66415
894 123.93054
895 553.866
896 214.55905
897 153.52081
898 111.16701
899 25.463436
900 54.884113
901 0.0
902 603.0
903 443.0
904 518.91956
905 181.41273
906 315.0
907 1003.0
908 219.0
909 174.83354
910 219.0
911 219.0
912 136.60474
913 219.0
914 443.0
915 175.061
916 205.25844
917 219.0
918 219.0
919 443.0
920 219.0
921 407.51892
922 220.134
923 443.0
924 315.0
925 315.0
926 295.13376
927 209.4161
928 104.28891
929 219.0
930 198.79549
931 116.62766
932 158.14032
933 219.0
934 126.05082
935 307.71698
936 219.0
937 443.0
938 62.292747
939 219.0
940 17.428339
941 219.0
942 190.14476
943 236.17094
944 395.2676
945 188.9644
946 104.029495
947 119.22137
948 219.0
949 115.11109
950 155.34906
951 219.0
952 186.39008
953 219.0
954 443.0
955 211.04103
956 0.0
957 219.0
958 0.0
959 147.63892
960 170.49416
961 493.22583
962 87.94788
963 443.0
964 332.28613
965 84.520035
966 236.75696
967 219.0
968 315.0
969 638.7496
970 136.92134
971 148.54463
972 224.5503
973 443.0
974 241.98874
975 54.768494
976 92.46353
977 216.732
978 63.717087
979 43.926723
980 219.0
981 75.150375
982 132.22853
983 523.0
984 197.53535
985 233.7741
986 105.939224
987 438.8984
988 219.0
989 219.0
990 5.4652696
991 315.0
992 94.02504
993 220.134
994 41.99762
995 126.12674
996 105.79584
997 41.350567
998 279.16458
999 127.75715
1000 33.733997
1001 219.0
1002 114.03496
