1 0.0
2 35.34326
3 10.252723
4 55.04796
5 0.0
6 0.0
7 36.28748
8 235.0
9 0.0
10 0.0
11 235.0
12 55.04796
13 36.28748
14 35.34326
15 10.252723
16 101.449356
17 31.934
18 32.845963
19 63.973236
20 0.0
21 235.0
22 101.449356
23 63.973236
24 55.04796
25 36.28748
26 89.093544
27 170.37875
28 124.645
29 42.834373
30 38.46704
31 235.0
32 170.37875
33 124.645
34 101.449356
35 89.093544
36 219.0
37 133.59114
38 0.0
39 29.38737
40 30.866
41 235.0
42 219.0
43 170.37875
44 133.59114
45 124.645
46 393.8665
47 55.136917
48 37.506615
49 219.0
50 219.0
51 393.8665
52 235.0
53 219.0
54 219.0
55 219.0
56 219.0
57 37.31952
58 137.94872
59 220.134
60 22.407145
61 393.8665
62 235.0
63 220.134
64 219.0
65 219.0
66 26.682934
67 229.41968
68 235.0
69 235.0
70 169.35123
71 393.8665
72 235.0
73 235.0
74 235.0
75 229.41968
76 22.390638
77 73.10527
78 219.0
79 235.0
80 219.0
81 393.8665
82 235.0
83 235.0
84 235.0
85 235.0
86 155.53435
87 127.85137
88 168.5935
89 187.444
90 219.0
91 393.8665
92 235.0
93 235.0
94 235.0
95 235.0
96 68.46808
97 225.61055
98 48.893055
99 38.61463
100 47.885063
101 393.8665
102 235.0
103 235.0
104 235.0
105 235.0
106 201.23552
107 219.0
108 71.472916
109 169.71078
110 6.6146307
111 393.8665
112 235.0
113 235.0
114 235.0
115 235.0
116 39.74863
117 104.98458
118 155.61186
119 235.0
120 77.137634
121 393.8665
122 235.0
123 235.0
124 235.0
125 235.0
126 35.457874
127 220.134
128 123.67958
129 114.62747
130 219.0
131 393.8665
132 235.0
133 235.0
134 235.0
135 235.0
136 61.93814
137 219.0
138 49.559677
139 186.01994
140 175.82072
141 393.8665
142 235.0
143 235.0
144 235.0
145 235.0
146 235.0
147 37.116825
148 192.58191
149 104.0466
150 195.44987
151 393.8665
152 235.0
153 235.0
154 235.0
155 235.0
156 233.34132
157 109.98213
158 235.0
159 49.493378
160 210.59361
161 393.8665
162 235.0
163 235.0
164 235.0
165 235.0
166 0.0
167 41.780872
168 217.14514
169 28.781479
170 169.86546
171 393.8665
172 235.0
173 235.0
174 235.0
175 235.0
176 0.0
177 64.85679
178 39.98482
179 108.04203
180 124.874695
181 393.8665
182 235.0
183 235.0
184 235.0
185 235.0
186 219.0
187 235.0
188 235.0
189 219.0
190 8.684239
191 393.8665
192 235.0
193 235.0
194 235.0
195 235.0
196 219.0
197 33.134
198 170.58183
199 219.0
200 98.59217
201 393.8665
202 235.0
203 235.0
204 235.0
205 235.0
206 163.07507
207 83.856094
208 39.59345
209 219.0
210 187.09154
211 393.8665
212 235.0
213 235.0
214 235.0
215 235.0
216 179.72281
217 49.524914
218 203.51953
219 41.78482
220 55.152435
221 393.8665
222 235.0
223 235.0
224 235.0
225 235.0
226 219.0
227 92.5095
228 120.463936
229 219.0
230 236.134
231 393.8665
232 236.134
233 235.0
234 235.0
235 235.0
236 158.93715
237 196.70255
238 219.0
239 43.25683
240 34.618523
241 393.8665
242 236.134
243 235.0
244 235.0
245 235.0
246 219.0
247 235.0
248 174.98682
249 25.386126
250 78.21543
251 393.8665
252 236.134
253 235.0
254 235.0
255 235.0
256 0.0
257 28.173632
258 219.0
259 219.0
260 43.968376
261 393.8665
262 236.134
263 235.0
264 235.0
265 235.0
266 235.0
267 45.122955
268 30.578136
269 56.025467
270 219.0
271 393.8665
272 236.134
273 235.0
274 235.0
275 235.0
276 191.97438
277 54.98545
278 61.561996
279 83.494736
280 199.80937
281 393.8665
282 236.134
283 235.0
284 235.0
285 235.0
286 96.79821
287 30.866
288 52.504387
289 219.0
290 241.20673
291 393.8665
292 241.20673
293 236.134
294 235.0
295 235.0
296 45.90743
297 150.02132
298 32.0
299 42.254955
300 150.30621
301 393.8665
302 241.20673
303 236.134
304 235.0
305 235.0
306 163.04486
307 173.76767
308 55.081825
309 219.0
310 47.18431
311 393.8665
312 241.20673
313 236.134
314 235.0
315 235.0
316 54.3613
317 53.363815
318 56.26784
319 24.141775
320 33.199997
321 393.8665
322 241.20673
323 236.134
324 235.0
325 235.0
326 219.0
327 219.0
328 236.134
329 138.34929
330 93.24727
331 393.8665
332 241.20673
333 236.134
334 236.134
335 235.0
336 47.89199
337 235.0
338 236.134
339 219.0
340 235.0
341 393.8665
342 241.20673
343 236.134
344 236.134
345 236.134
346 201.75867
347 33.134
348 212.38538
349 236.134
350 219.0
351 393.8665
352 241.20673
353 236.134
354 236.134
355 236.134
356 15.360006
357 172.62767
358 219.0
359 47.630455
360 216.45221
361 393.8665
362 241.20673
363 236.134
364 236.134
365 236.134
366 208.93715
367 24.193388
368 236.134
369 195.4552
370 219.0
371 393.8665
372 241.20673
373 236.134
374 236.134
375 236.134
376 50.034374
377 6.6146307
378 220.134
379 43.003143
380 219.0
381 393.8665
382 241.20673
383 236.134
384 236.134
385 236.134
386 110.48978
387 139.43285
388 236.134
389 181.48882
390 235.0
391 393.8665
392 241.20673
393 236.134
394 236.134
395 236.134
396 101.177765
397 159.47763
398 236.134
399 235.0
400 219.45338
401 393.8665
402 241.20673
403 236.134
404 236.134
405 236.134
406 219.0
407 283.60516
408 38.61463
409 219.0
410 36.601997
411 393.8665
412 283.60516
413 241.20673
414 236.134
415 236.134
416 219.0
417 119.2932
418 219.0
419 176.46034
420 219.0
421 393.8665
422 283.60516
423 241.20673
424 236.134
425 236.134
426 199.25285
427 118.86551
428 33.04888
429 220.134
430 235.0
431 393.8665
432 283.60516
433 241.20673
434 236.134
435 236.134
436 26.184843
437 83.929344
438 219.0
439 235.0
440 202.72173
441 393.8665
442 283.60516
443 241.20673
444 236.134
445 236.134
446 24.020164
447 63.9845
448 190.11139
449 155.77664
450 116.14889
451 393.8665
452 283.60516
453 241.20673
454 236.134
455 236.134
456 217.40244
457 121.64925
458 35.515038
459 219.0
460 174.95042
461 393.8665
462 283.60516
463 241.20673
464 236.134
465 236.134
466 58.14737
467 114.71415
468 220.718
469 41.720955
470 174.95554
471 393.8665
472 283.60516
473 241.20673
474 236.134
475 236.134
476 110.481674
477 32.78552
478 80.090004
479 38.850822
480 172.01268
481 393.8665
482 283.60516
483 241.20673
484 236.134
485 236.134
486 209.90463
487 25.414898
488 191.8916
489 38.850822
490 219.0
491 393.8665
492 283.60516
493 241.20673
494 236.134
495 236.134
496 235.0
497 213.39862
498 169.39459
499 202.2253
500 236.134
501 393.8665
502 283.60516
503 241.20673
504 236.134
505 236.134
506 90.13103
507 69.95454
508 219.0
509 181.53244
510 219.0
511 393.8665
512 283.60516
513 241.20673
514 236.134
515 236.134
516 158.93372
517 110.97329
518 230.04329
519 235.0
520 219.0
521 393.8665
522 283.60516
523 241.20673
524 236.134
525 236.134
526 33.134
527 180.20024
528 128.8857
529 219.0
530 236.134
531 393.8665
532 283.60516
533 241.20673
534 236.134
535 236.134
536 235.0
537 103.40262
538 219.0
539 162.31447
540 210.86565
541 393.8665
542 283.60516
543 241.20673
544 236.134
545 236.134
546 219.0
547 203.32106
548 22.495487
549 219.0
550 218.44792
551 393.8665
552 283.60516
553 241.20673
554 236.134
555 236.134
556 151.24966
557 167.26689
558 49.299587
559 235.0
560 219.0
561 393.8665
562 283.60516
563 241.20673
564 236.134
565 236.134
566 193.18977
567 30.265999
568 203.33101
569 235.0
570 183.79208
571 393.8665
572 283.60516
573 241.20673
574 236.134
575 236.134
576 73.54925
577 32.662766
578 271.7381
579 219.32085
580 219.0
581 393.8665
582 283.60516
583 271.7381
584 241.20673
585 236.134
586 220.134
587 157.25241
588 235.0
589 4.7795534
590 219.0
591 393.8665
592 283.60516
593 271.7381
594 241.20673
595 236.134
596 225.61462
597 23.654501
598 253.9411
599 209.84946
600 219.0
601 393.8665
602 283.60516
603 271.7381
604 253.9411
605 241.20673
606 235.0
607 161.4358
608 235.0
609 219.0
610 0.0
611 393.8665
612 283.60516
613 271.7381
614 253.9411
615 241.20673
616 219.0
617 219.0
618 235.0
619 219.0
620 219.0
621 393.8665
622 283.60516
623 271.7381
624 253.9411
625 241.20673
626 219.0
627 219.0
628 162.43376
629 42.85613
630 133.55344
631 393.8665
632 283.60516
633 271.7381
634 253.9411
635 241.20673
636 164.05377
637 34.334
638 219.0
639 47.13432
640 219.0
641 393.8665
642 283.60516
643 271.7381
644 253.9411
645 241.20673
646 167.15543
647 99.27544
648 248.92378
649 188.07478
650 156.35251
651 393.8665
652 283.60516
653 271.7381
654 253.9411
655 248.92378
656 219.0
657 174.29025
658 34.334
659 79.08561
660 232.00888
661 393.8665
662 283.60516
663 271.7381
664 253.9411
665 248.92378
666 219.0
667 39.74863
668 159.75865
669 175.90063
670 202.91153
671 393.8665
672 283.60516
673 271.7381
674 253.9411
675 248.92378
676 27.653368
677 120.531685
678 242.12784
679 219.0
680 219.0
681 393.8665
682 283.60516
683 271.7381
684 253.9411
685 248.92378
686 114.938385
687 235.0
688 219.0
689 219.0
690 261.79196
691 393.8665
692 283.60516
693 271.7381
694 261.79196
695 253.9411
696 235.0
697 23.047712
698 121.155106
699 105.22428
700 103.184715
701 393.8665
702 283.60516
703 271.7381
704 261.79196
705 253.9411
706 235.0
707 79.90489
708 235.0
709 149.00397
710 219.0
711 393.8665
712 283.60516
713 271.7381
714 261.79196
715 253.9411
716 45.048435
717 39.74863
718 228.38538
719 235.0
720 176.58556
721 393.8665
722 283.60516
723 271.7381
724 261.79196
725 253.9411
726 167.33711
727 174.13028
728 186.02031
729 43.385628
730 47.211216
731 393.8665
732 283.60516
733 271.7381
734 261.79196
735 253.9411
736 219.0
737 173.60085
738 39.74863
739 163.13142
740 235.0
741 393.8665
742 283.60516
743 271.7381
744 261.79196
745 253.9411
746 26.715828
747 27.918756
748 81.90492
749 146.9754
750 219.0
751 393.8665
752 283.60516
753 271.7381
754 261.79196
755 253.9411
756 80.01548
757 116.171974
758 186.9328
759 35.468
760 219.0
761 393.8665
762 283.60516
763 271.7381
764 261.79196
765 253.9411
766 219.0
767 63.01209
768 151.48703
769 219.0
770 201.72945
771 393.8665
772 283.60516
773 271.7381
774 261.79196
775 253.9411
776 43.53694
777 28.714573
778 219.0
779 219.0
780 272.6208
781 393.8665
782 283.60516
783 272.6208
784 271.7381
785 261.79196
786 215.2029
787 121.70836
788 202.02208
789 235.0
790 235.0
791 393.8665
792 283.60516
793 272.6208
794 271.7381
795 261.79196
796 235.0
797 219.0
798 190.22612
799 62.04007
800 264.74402
801 393.8665
802 283.60516
803 272.6208
804 271.7381
805 264.74402
806 235.0
807 219.0
808 219.0
809 117.45184
810 219.0
811 393.8665
812 283.60516
813 272.6208
814 271.7381
815 264.74402
816 0.0
817 235.0
818 181.79036
819 152.36351
820 105.08129
821 393.8665
822 283.60516
823 272.6208
824 271.7381
825 264.74402
826 49.337814
827 173.30421
828 206.06287
829 219.0
830 315.0
831 393.8665
832 315.0
833 283.60516
834 272.6208
835 271.7381
836 235.0
837 202.2813
838 120.91717
839 258.97797
840 235.0
841 393.8665
842 315.0
843 283.60516
844 272.6208
845 271.7381
846 182.51306
847 163.91983
848 21.438356
849 235.0
850 163.7149
851 393.8665
852 315.0
853 283.60516
854 272.6208
855 271.7381
856 38.560547
857 72.29111
858 44.137142
859 235.0
860 146.68918
861 393.8665
862 315.0
863 283.60516
864 272.6208
865 271.7381
866 219.0
867 66.01118
868 144.34476
869 197.98454
870 219.0
871 393.8665
872 315.0
873 283.60516
874 272.6208
875 271.7381
876 43.02146
877 234.88692
878 25.274303
879 201.93622
880 268.9861
881 393.8665
882 315.0
883 283.60516
884 272.6208
885 271.7381
886 219.0
887 46.302376
888 112.123535
889 271.9715
890 230.64273
891 393.8665
892 315.0
893 283.60516
894 272.6208
895 271.9715
896 129.8059
897 163.10152
898 161.88986
899 251.13455
900 271.0702
901 393.8665
902 315.0
903 283.60516
904 272.6208
905 271.9715
906 219.0
907 170.39362
908 219.0
909 235.0
910 206.71649
911 393.8665
912 315.0
913 283.60516
914 272.6208
915 271.9715
916 225.61462
917 219.0
918 276.0
919 205.77934
920 235.89117
921 393.8665
922 315.0
923 283.60516
924 276.0
925 272.6208
926 283.95023
927 102.01271
928 184.2619
929 219.0
930 235.0
931 393.8665
932 315.0
933 283.95023
934 283.60516
935 276.0
936 207.95566
937 263.7414
938 184.18723
939 38.01463
940 235.0
941 393.8665
942 315.0
943 283.95023
944 283.60516
945 276.0
946 26.749239
947 235.0
948 219.0
949 135.90904
950 16.858774
951 393.8665
952 315.0
953 283.95023
954 283.60516
955 276.0
956 163.92447
957 38.162415
958 180.61002
959 117.545555
960 235.0
961 393.8665
962 315.0
963 283.95023
964 283.60516
965 276.0
966 30.866
967 235.0
968 128.8973
969 40.882633
970 219.0
971 393.8665
972 315.0
973 283.95023
974 283.60516
975 276.0
976 33.134
977 49.749332
978 31.997889
979 48.370323
980 116.81634
981 393.8665
982 315.0
983 283.95023
984 283.60516
985 276.0
986 150.09482
987 43.82784
988 276.0
989 215.62885
990 105.25386
991 393.8665
992 315.0
993 283.95023
994 283.60516
995 276.0
996 219.0
997 109.67176
998 205.37872
999 174.72888
1000 128.81155
1001 393.8665
1002 315.0
1003 283.95023
1004 283.60516
1005 276.0
1006 96.34937
1007 148.66786
1008 61.137657
1009 119.2032
1010 75.554054
1011 393.8665
1012 315.0
1013 283.95023
1014 283.60516
1015 276.0
1016 44.653812
1017 219.0
1018 195.32881
1019 167.68324
1020 28.847479
1021 393.8665
1022 315.0
1023 283.95023
1024 283.60516
1025 276.0
1026 144.18414
1027 148.99869
1028 235.0
1029 28.274925
1030 32.534
1031 393.8665
1032 315.0
1033 283.95023
1034 283.60516
1035 276.0
1036 4.260249
1037 193.3334
1038 137.96297
1039 219.0
1040 142.558
1041 393.8665
1042 315.0
1043 283.95023
1044 283.60516
1045 276.0
1046 28.31661
1047 104.145294
1048 0.0
1049 60.942535
1050 219.0
1051 393.8665
1052 315.0
1053 283.95023
1054 283.60516
1055 276.0
1056 164.18298
1057 32.705273
1058 100.885544
1059 70.87551
1060 33.453777
1061 393.8665
1062 315.0
1063 283.95023
1064 283.60516
1065 276.0
1066 214.1655
1067 65.701256
1068 207.7915
1069 51.056545
1070 8.571417
1071 393.8665
1072 315.0
1073 283.95023
1074 283.60516
1075 276.0
1076 133.8081
1077 121.45245
1078 0.0
1079 31.126884
1080 0.0
1081 393.8665
1082 315.0
1083 283.95023
1084 283.60516
1085 276.0
1086 219.0
1087 37.83761
1088 305.99588
1089 188.73431
1090 164.26425
1091 393.8665
1092 315.0
1093 305.99588
1094 283.95023
1095 283.60516
1096 27.567923
1097 235.0
1098 303.9433
1099 206.56644
1100 73.46324
1101 393.8665
1102 315.0
1103 305.99588
1104 303.9433
1105 283.95023
1106 32.0
1107 104.30095
1108 386.36246
1109 315.0
1110 31.934
1111 393.8665
1112 386.36246
1113 315.0
1114 315.0
1115 305.99588
1116 157.5766
1117 224.7488
1118 60.66118
1119 0.0
1120 175.39629
1121 393.8665
1122 386.36246
1123 315.0
1124 315.0
1125 305.99588
1126 207.69194
1127 25.54003
1128 219.0
1129 219.0
1130 235.0
1131 393.8665
1132 386.36246
1133 315.0
1134 315.0
1135 305.99588
1136 34.492123
1137 219.0
1138 71.254944
1139 85.74886
1140 234.4
1141 393.8665
1142 386.36246
1143 315.0
1144 315.0
1145 305.99588
1146 42.21914
1147 124.60803
1148 219.0
1149 26.338648
1150 235.0
1151 393.8665
1152 386.36246
1153 315.0
1154 315.0
1155 305.99588
1156 63.829346
1157 20.95649
1158 74.516884
1159 235.0
1160 219.0
1161 393.8665
1162 386.36246
1163 315.0
1164 315.0
1165 305.99588
1166 219.0
1167 38.850822
1168 235.0
1169 219.0
1170 219.0
1171 393.8665
1172 386.36246
1173 315.0
1174 315.0
1175 305.99588
1176 219.0
1177 219.0
1178 235.0
1179 0.0
1180 219.0
1181 393.8665
1182 386.36246
1183 315.0
1184 315.0
1185 305.99588
1186 219.0
1187 285.33698
1188 43.432022
1189 28.722214
1190 219.0
1191 393.8665
1192 386.36246
1193 315.0
1194 315.0
1195 305.99588
1196 39.76996
1197 298.3618
1198 219.0
1199 20.089064
1200 219.0
1201 393.8665
1202 386.36246
1203 315.0
1204 315.0
1205 305.99588
1206 96.833176
1207 219.0
1208 225.61462
1209 60.606346
1210 219.0
1211 393.8665
1212 386.36246
1213 315.0
1214 315.0
1215 305.99588
1216 219.0
1217 192.55963
1218 90.02276
1219 235.0
1220 219.0
1221 393.8665
1222 386.36246
1223 315.0
1224 315.0
1225 305.99588
1226 219.0
1227 219.0
1228 0.0
1229 33.92474
1230 111.9684
1231 393.8665
1232 386.36246
1233 315.0
1234 315.0
1235 305.99588
1236 228.75647
1237 144.78712
1238 46.166767
1239 304.5712
1240 91.86569
1241 393.8665
1242 386.36246
1243 315.0
1244 315.0
1245 305.99588
1246 219.0
1247 235.0
1248 219.0
1249 87.94152
1250 219.0
1251 393.8665
1252 386.36246
1253 315.0
1254 315.0
1255 305.99588
1256 26.738695
1257 219.0
1258 20.093645
1259 219.0
1260 219.0
1261 393.8665
1262 386.36246
1263 315.0
1264 315.0
1265 305.99588
1266 76.91896
1267 34.441498
1268 0.0
1269 60.360153
1270 228.38538
1271 393.8665
1272 386.36246
1273 315.0
1274 315.0
1275 305.99588
1276 196.25638
1277 41.80929
1278 36.63605
1279 170.94211
1280 219.0
1281 393.8665
1282 386.36246
1283 315.0
1284 315.0
1285 305.99588
1286 58.56184
1287 216.565
1288 219.0
1289 315.0
1290 125.682465
1291 393.8665
1292 386.36246
1293 315.0
1294 315.0
1295 315.0
1296 31.87357
1297 219.0
1298 235.0
1299 0.0
1300 40.050823
1301 393.8665
1302 386.36246
1303 315.0
1304 315.0
1305 315.0
1306 219.0
1307 228.38538
1308 34.850296
1309 167.21916
1310 219.0
1311 393.8665
1312 386.36246
1313 315.0
1314 315.0
1315 315.0
1316 219.0
1317 235.0
1318 114.94742
1319 43.427147
1320 142.39134
1321 393.8665
1322 386.36246
1323 315.0
1324 315.0
1325 315.0
1326 219.0
1327 219.0
1328 219.0
1329 30.434736
1330 131.14691
1331 393.8665
1332 386.36246
1333 315.0
1334 315.0
1335 315.0
1336 219.0
1337 219.0
1338 194.0646
1339 219.0
1340 207.47423
1341 393.8665
1342 386.36246
1343 315.0
1344 315.0
1345 315.0
1346 60.38846
1347 219.0
1348 235.0
1349 53.78692
1350 169.72844
1351 393.8665
1352 386.36246
1353 315.0
1354 315.0
1355 315.0
1356 219.0
1357 145.65688
1358 60.177357
1359 235.0
1360 104.39217
