1 49.087162
2 29.973644
3 19.683086
4 0.0
5 27.653368
6 49.087162
7 29.973644
8 22.178534
9 0.0
10 60.46132
11 60.46132
12 49.087162
13 24.25137
14 28.181479
15 53.704388
16 60.46132
17 53.704388
18 37.732483
19 30.407219
20 18.877048
21 60.46132
22 53.704388
23 39.79519
24 36.539265
25 133.80695
26 133.80695
27 60.46132
28 53.993996
29 37.6087
30 60.430504
31 133.80695
32 60.46132
33 109.43203
34 43.58277
35 23.17639
36 133.80695
37 109.43203
38 121.51053
39 24.708303
40 49.33493
41 133.80695
42 121.51053
43 29.665998
44 104.07624
45 18.631292
46 133.80695
47 121.51053
48 94.79741
49 42.849064
50 71.247734
51 133.80695
52 121.51053
53 161.45107
54 55.098324
55 19.86504
56 161.45107
57 133.80695
58 147.9006
59 25.965721
60 110.58503
61 161.45107
62 147.9006
63 50.15488
64 185.86578
65 26.387125
66 185.86578
67 161.45107
68 192.55504
69 32.276222
70 172.80943
71 192.55504
72 185.86578
73 100.40613
74 148.93471
75 180.38553
76 192.55504
77 185.86578
78 191.37749
79 148.87704
80 139.02878
81 192.55504
82 191.37749
83 191.58096
84 166.91934
85 179.95192
86 192.55504
87 191.58096
88 163.05116
89 92.856575
90 30.718672
91 192.55504
92 191.58096
93 0.0
94 98.83914
95 9.001012
96 192.55504
97 191.58096
98 100.44937
99 153.11263
100 52.900166
101 192.55504
102 191.58096
103 125.8227
104 48.115623
105 162.94646
106 192.55504
107 191.58096
108 190.3231
109 97.635635
110 63.757347
111 192.55504
112 191.58096
113 124.63171
114 115.45231
115 128.14243
116 192.55504
117 191.58096
118 77.66451
119 91.11572
120 115.09494
121 192.55504
122 191.58096
123 191.55476
124 158.65321
125 152.9194
126 192.55504
127 191.58096
128 101.926285
129 181.68356
130 48.151485
131 192.55504
132 191.58096
133 103.435356
134 103.82569
135 47.84157
136 192.55504
137 191.58096
138 76.59322
139 176.28096
140 65.669785
141 192.55504
142 191.58096
143 157.64148
144 191.35547
145 0.0
146 192.55504
147 191.58096
148 153.14728
149 87.712875
150 171.01569
151 192.55504
152 191.58096
153 175.69504
154 115.147354
155 88.80948
156 192.55504
157 191.58096
158 171.62706
159 110.73295
160 169.43489
161 192.55504
162 191.58096
163 167.17424
164 110.57744
165 86.23639
166 192.55504
167 191.58096
168 164.28337
169 114.74868
170 160.56955
171 192.55504
172 191.58096
173 105.22965
174 114.014244
175 0.0
176 192.55504
177 191.58096
178 156.32562
179 119.408676
180 184.58208
181 192.55504
182 191.58096
183 180.47731
184 60.236526
185 161.41815
186 192.55504
187 191.58096
188 138.08586
189 143.16159
190 179.41367
191 192.55504
192 191.58096
193 141.30383
194 179.11664
195 126.08459
196 192.55504
197 191.58096
198 165.50233
199 176.2982
200 112.93659
201 192.55504
202 191.58096
203 75.72885
204 112.32017
205 143.33408
206 192.55504
207 191.58096
208 114.55785
209 108.58864
210 100.72745
211 192.55504
212 191.58096
213 156.39693
214 185.93633
215 169.32915
216 192.55504
217 191.58096
218 180.02376
219 147.60176
220 163.94138
221 192.55504
222 191.58096
223 125.777084
224 125.40708
225 107.605034
226 192.55504
227 191.58096
228 149.12091
229 181.56042
230 95.26567
231 192.55504
232 191.58096
233 147.13187
234 147.8534
235 115.96512
236 192.55504
237 191.58096
238 173.93388
239 87.63395
240 191.12875
241 192.55504
242 191.58096
243 147.9531
244 158.76274
245 125.89681
246 192.55504
247 191.58096
248 128.92702
249 180.8577
250 85.47108
251 192.55504
252 191.58096
253 17.34562
254 149.0551
255 29.731998
256 192.55504
257 191.58096
258 202.09726
259 95.45101
260 147.6983
261 202.09726
262 192.55504
263 186.48825
264 187.36632
265 176.80482
266 202.09726
267 192.55504
268 207.49854
269 100.24851
270 167.60196
271 207.49854
272 202.09726
273 199.58063
274 218.6465
275 235.0
276 235.0
277 218.6465
278 171.02026
279 169.7444
280 45.576557
281 235.0
282 218.6465
283 39.21463
284 219.0
285 43.154377
286 235.0
287 219.0
288 44.488514
289 235.0
290 29.026865
291 235.0
292 235.0
293 111.36292
294 22.855404
295 158.56973
296 235.0
297 235.0
298 192.43867
299 37.366302
300 118.963776
301 235.0
302 235.0
303 180.29965
304 105.208824
305 42.016632
306 235.0
307 235.0
308 35.6415
309 185.78554
310 55.626076
311 235.0
312 235.0
313 219.0
314 176.5654
315 209.72935
316 235.0
317 235.0
318 166.18874
319 123.89183
320 33.66111
321 235.0
322 235.0
323 27.935516
324 0.0
325 201.44383
326 235.0
327 235.0
328 219.0
329 209.6169
330 174.31812
331 235.0
332 235.0
333 219.0
334 194.17398
335 118.20569
336 235.0
337 235.0
338 95.91586
339 198.16048
340 207.21251
341 235.0
342 235.0
343 202.24448
344 33.134
345 197.77397
346 235.0
347 235.0
348 55.10611
349 219.0
350 168.6054
351 235.0
352 235.0
353 202.42389
354 210.17122
355 98.3762
356 235.0
357 235.0
358 188.26303
359 157.82916
360 230.73434
361 235.0
362 235.0
363 60.34053
364 165.35118
365 33.320744
366 235.0
367 235.0
368 191.51897
369 209.12459
370 86.59061
371 235.0
372 235.0
373 219.0
374 61.137657
375 219.0
376 235.0
377 235.0
378 190.12654
379 207.76468
380 40.70676
381 235.0
382 235.0
383 191.14769
384 219.0
385 158.7699
386 235.0
387 235.0
388 219.0
389 207.12346
390 213.24467
391 235.0
392 235.0
393 24.601046
394 158.16661
395 214.56175
396 235.0
397 235.0
398 219.0
399 40.34863
400 147.45067
401 235.0
402 235.0
403 0.0
404 195.58546
405 37.48063
406 235.0
407 235.0
408 112.70847
409 219.0
410 59.58624
411 235.0
412 235.0
413 15.079363
414 172.60934
415 0.0
416 235.0
417 235.0
418 29.731998
419 207.46086
420 61.137657
421 235.0
422 235.0
423 72.13288
424 219.02205
425 40.69465
426 235.0
427 235.0
428 176.30208
429 190.517
430 195.06895
431 235.0
432 235.0
433 219.0
434 146.01292
435 165.05452
436 235.0
437 235.0
438 214.15761
439 202.01958
440 202.4241
441 235.0
442 235.0
443 235.0
444 182.28331
445 219.0
446 235.0
447 235.0
448 31.195486
449 163.05786
450 85.65559
451 235.0
452 235.0
453 196.96501
454 0.0
455 173.76851
456 235.0
457 235.0
458 184.78397
459 219.0
460 111.87703
461 235.0
462 235.0
463 24.251366
464 174.0038
465 38.69743
466 235.0
467 235.0
468 64.0865
469 213.20013
470 38.640614
471 235.0
472 235.0
473 191.53712
474 315.0
475 0.0
476 315.0
477 235.0
478 231.07507
479 41.833153
480 235.12228
481 315.0
482 235.12228
483 191.3237
484 235.0
485 219.0
486 315.0
487 235.12228
488 219.0
489 199.17468
490 17.376062
491 315.0
492 235.12228
493 201.13931
494 161.82416
495 193.00073
496 315.0
497 235.12228
498 183.23584
499 230.64064
500 156.22902
501 315.0
502 235.12228
503 179.50478
504 197.68097
505 150.04906
506 315.0
507 235.12228
508 202.43706
509 229.53368
510 206.7495
511 315.0
512 235.12228
513 185.68173
514 195.545
515 180.54028
516 315.0
517 235.12228
518 219.0
519 182.58293
520 219.0
521 315.0
522 235.12228
523 235.0
524 191.17958
525 235.0
526 315.0
527 235.12228
528 183.44447
529 202.30396
530 219.0
531 315.0
532 235.12228
533 219.0
534 234.73125
535 219.0
536 315.0
537 235.12228
538 176.07216
539 219.0
540 169.09825
541 315.0
542 235.12228
543 169.432
544 235.19937
545 191.60173
546 315.0
547 235.19937
548 235.0
549 219.0
550 219.0
551 315.0
552 235.19937
553 219.0
554 197.96904
555 185.5058
556 315.0
557 235.19937
558 219.0
559 207.76076
560 192.46283
561 315.0
562 235.19937
563 166.27881
564 213.05516
565 180.1641
566 315.0
567 235.19937
568 219.0
569 235.0
570 235.0
571 315.0
572 235.19937
573 173.72353
574 87.77926
575 218.81546
576 315.0
577 235.19937
578 197.17212
579 219.0
580 47.165188
581 315.0
582 235.19937
583 175.78247
584 235.0
585 259.3117
586 315.0
587 259.3117
588 180.57301
589 142.2719
590 235.0
591 315.0
592 259.3117
593 199.3021
594 227.869
595 76.841125
596 315.0
597 259.3117
598 215.96434
599 169.57135
600 214.39598
601 315.0
602 259.3117
603 181.70688
604 315.0
605 219.0
606 315.0
607 315.0
608 180.48807
609 235.0
610 219.0
611 315.0
612 315.0
613 184.19748
614 207.4861
615 154.15726
616 315.0
617 315.0
618 207.76474
619 230.02307
620 225.17216
621 315.0
622 315.0
623 187.24803
624 219.0
625 170.87788
626 315.0
627 315.0
628 191.19463
629 219.0
630 219.0
631 315.0
632 315.0
633 235.0
634 218.72461
635 10.851036
636 315.0
637 315.0
638 235.0
639 50.168015
640 41.12213
641 315.0
642 315.0
643 235.0
644 219.0
645 219.0
646 315.0
647 315.0
648 285.02423
649 219.0
650 235.0
651 315.0
652 315.0
653 235.0
654 208.91714
655 235.0
656 315.0
657 315.0
658 235.0
659 175.98317
660 185.84712
661 315.0
662 315.0
663 170.35213
664 235.0
665 177.64003
666 315.0
667 315.0
668 228.14337
669 274.31418
670 195.71024
671 315.0
672 315.0
673 255.2598
674 202.01572
675 315.0
676 315.0
677 315.0
678 219.0
679 163.49553
680 161.43562
681 315.0
682 315.0
683 170.19164
684 235.0
685 189.7113
686 315.0
687 315.0
688 219.0
689 191.54694
690 190.2422
691 315.0
692 315.0
693 219.0
694 219.0
695 235.0
696 315.0
697 315.0
698 62.743374
699 234.865
700 219.0
701 315.0
702 315.0
703 235.0
704 164.89198
705 219.0
706 315.0
707 315.0
708 235.0
709 214.97249
710 219.0
711 315.0
712 315.0
713 195.5556
714 260.71094
715 166.55127
716 315.0
717 315.0
718 186.48268
719 219.0
720 235.0
721 315.0
722 315.0
723 219.0
724 235.0
725 219.0
726 315.0
727 315.0
728 235.0
729 213.0008
730 184.71268
731 315.0
732 315.0
733 30.866
734 263.19305
735 34.267998
736 315.0
737 315.0
738 207.77841
739 186.06204
740 25.385366
741 315.0
742 315.0
743 219.0
744 190.27776
745 174.61876
746 315.0
747 315.0
