1 37.48063
2 41.92884
3 41.131355
4 42.557888
5 20.181643
6 42.557888
7 41.92884
8 54.871334
9 26.335451
10 219.0
11 219.0
12 54.871334
13 54.959785
14 37.30464
15 71.1527
16 219.0
17 71.1527
18 89.98043
19 104.149994
20 54.84763
21 219.0
22 104.149994
23 71.49338
24 84.980446
25 71.33047
26 219.0
27 104.149994
28 24.7089
29 235.0
30 235.0
31 235.0
32 235.0
33 109.332794
34 219.0
35 300.2402
36 300.2402
37 235.0
38 82.10304
39 219.0
40 92.98358
41 300.2402
42 235.0
43 219.0
44 101.11888
45 61.824543
46 300.2402
47 235.0
48 219.0
49 4.645507
50 135.32074
51 300.2402
52 235.0
53 34.267998
54 219.0
55 86.55442
56 300.2402
57 235.0
58 136.81166
59 235.0
60 25.385366
61 300.2402
62 235.0
63 219.0
64 30.265999
65 105.31523
66 300.2402
67 235.0
68 219.0
69 80.158104
70 175.70796
71 300.2402
72 235.0
73 219.0
74 235.0
75 219.0
76 300.2402
77 235.0
78 153.25864
79 219.0
80 60.427998
81 300.2402
82 235.0
83 507.0
84 82.20563
85 220.134
86 507.0
87 507.0
88 300.2402
89 219.0
90 219.0
91 219.0
92 507.0
93 300.2402
94 235.0
95 51.25463
96 235.0
97 507.0
98 300.2402
99 219.0
100 219.0
101 220.134
102 507.0
103 300.2402
104 219.0
105 136.9712
106 507.0
107 507.0
108 507.0
109 158.9077
110 235.0
111 115.72136
112 507.0
113 507.0
114 507.0
115 235.0
116 52.51363
117 507.0
118 507.0
119 219.0
120 127.57459
121 219.0
122 507.0
123 507.0
124 235.0
125 235.0
126 219.0
127 507.0
128 507.0
129 219.0
130 235.0
131 219.0
132 507.0
133 507.0
134 235.0
135 219.0
136 122.33972
137 507.0
138 507.0
139 219.0
140 235.0
141 235.0
142 507.0
143 507.0
144 235.0
145 219.0
146 219.0
147 507.0
148 507.0
149 219.0
150 235.0
151 124.989944
152 507.0
153 507.0
154 219.0
155 219.0
156 219.0
157 507.0
158 507.0
159 219.0
160 219.0
161 219.0
162 507.0
163 507.0
164 235.0
165 219.0
166 315.0
167 507.0
168 507.0
169 219.0
170 219.0
171 219.0
172 507.0
173 507.0
174 356.0
175 219.0
176 315.0
177 507.0
178 507.0
179 114.30617
180 219.0
181 98.143036
182 507.0
183 507.0
184 235.0
185 235.0
186 219.0
187 507.0
188 507.0
189 235.0
190 219.0
191 235.0
192 507.0
193 507.0
194 315.0
195 219.0
196 315.0
197 507.0
198 507.0
199 219.0
200 132.6743
201 219.0
202 507.0
203 507.0
204 219.0
205 235.0
206 235.0
207 507.0
208 507.0
209 219.0
210 120.1822
211 76.46502
212 507.0
213 507.0
214 219.0
215 219.0
216 219.0
217 507.0
218 507.0
219 235.0
220 219.0
221 235.0
222 507.0
223 507.0
224 219.0
225 191.15388
226 220.134
227 507.0
228 507.0
229 220.134
230 219.0
231 219.0
232 507.0
233 507.0
234 219.0
235 219.0
236 219.0
237 507.0
238 507.0
239 219.0
240 219.0
241 219.0
242 507.0
243 507.0
244 235.0
245 219.0
246 235.0
247 507.0
248 507.0
249 219.0
250 219.0
251 219.0
252 507.0
253 507.0
254 315.0
255 165.24097
256 219.0
257 507.0
258 507.0
259 219.0
260 219.0
261 219.0
262 507.0
263 507.0
264 235.0
265 219.0
266 185.24629
267 507.0
268 507.0
269 235.0
270 507.0
271 235.0
272 507.0
273 507.0
274 603.0
275 235.0
276 219.0
277 603.0
278 603.0
279 507.0
280 219.0
281 118.758514
282 219.0
283 603.0
284 507.0
285 219.0
286 219.0
287 219.0
288 603.0
289 507.0
290 219.0
291 219.0
292 219.0
293 603.0
294 507.0
295 219.0
296 226.98486
297 219.0
298 603.0
299 507.0
300 219.0
301 235.0
302 219.0
303 603.0
304 507.0
305 219.0
306 100.71075
307 219.0
308 603.0
309 507.0
310 219.0
311 235.0
312 219.0
313 603.0
314 507.0
315 235.0
316 219.0
317 235.0
318 603.0
319 507.0
320 219.0
321 219.0
322 235.0
323 603.0
324 507.0
325 219.0
326 219.0
327 219.0
328 603.0
329 507.0
330 219.0
331 219.0
332 219.0
333 603.0
334 507.0
335 219.0
336 219.0
337 235.0
338 603.0
339 507.0
340 219.0
341 235.0
342 219.0
343 603.0
344 507.0
345 235.0
346 128.4266
347 219.0
348 603.0
349 507.0
350 219.0
351 219.0
352 219.0
353 603.0
354 507.0
355 235.0
356 219.0
357 235.0
358 603.0
359 507.0
360 219.0
361 219.0
362 219.0
363 603.0
364 507.0
365 219.0
366 235.0
367 219.0
368 603.0
369 507.0
370 235.0
371 507.0
372 219.0
373 603.0
374 507.0
375 219.0
376 219.0
377 219.0
378 603.0
379 507.0
380 219.0
381 235.0
382 219.0
383 603.0
384 507.0
385 219.0
386 235.0
387 219.0
388 603.0
389 507.0
390 219.0
391 219.0
392 219.0
393 603.0
394 507.0
395 219.0
396 235.0
397 219.0
398 603.0
399 507.0
400 235.0
401 219.0
402 219.0
403 603.0
404 507.0
405 235.0
406 219.0
407 219.0
408 603.0
409 507.0
410 310.84146
411 235.0
412 235.0
413 603.0
414 507.0
415 219.0
416 235.0
417 219.0
418 603.0
419 507.0
420 219.0
421 219.0
422 235.0
423 603.0
424 507.0
425 219.0
426 507.0
427 219.0
428 603.0
429 507.0
430 219.0
431 235.0
432 219.0
433 603.0
434 507.0
435 219.0
436 219.0
437 219.0
438 603.0
439 507.0
440 219.0
441 24.795801
442 235.0
443 603.0
444 507.0
445 219.0
446 219.0
447 198.09448
448 603.0
449 507.0
450 235.0
451 220.134
452 235.0
453 603.0
454 507.0
455 219.0
456 219.0
457 219.0
458 603.0
459 507.0
460 219.0
461 235.0
462 125.966286
463 603.0
464 507.0
465 219.0
466 235.0
467 235.0
468 603.0
469 507.0
470 219.0
471 219.0
472 220.134
473 603.0
474 507.0
475 219.0
476 233.96564
477 219.0
478 603.0
479 507.0
480 219.0
481 235.0
482 219.0
483 603.0
484 507.0
485 219.0
486 219.0
487 219.0
488 603.0
489 507.0
490 219.0
491 219.0
492 219.0
493 603.0
494 507.0
495 219.0
496 219.0
497 219.0
498 603.0
499 507.0
500 235.0
501 235.0
502 219.0
503 603.0
504 507.0
505 219.0
506 235.0
507 235.0
508 603.0
509 507.0
510 219.0
511 235.0
512 219.0
513 603.0
514 507.0
515 219.0
516 219.0
517 219.0
518 603.0
519 507.0
520 219.0
521 235.0
522 219.0
523 603.0
524 507.0
525 219.0
526 235.0
527 236.134
528 603.0
529 507.0
530 219.0
531 235.0
532 315.0
533 603.0
534 507.0
535 235.0
536 235.0
537 235.0
538 603.0
539 507.0
540 235.0
541 220.134
542 219.0
543 603.0
544 507.0
545 219.0
546 219.0
547 219.0
548 603.0
549 507.0
550 219.0
551 507.0
552 219.0
553 603.0
554 507.0
555 235.0
556 219.0
557 219.0
558 603.0
559 507.0
560 219.0
561 235.0
562 219.0
563 603.0
564 507.0
565 219.0
566 315.0
567 235.0
568 603.0
569 507.0
570 219.0
571 219.0
572 219.0
573 603.0
574 507.0
575 219.0
576 219.0
577 235.0
578 603.0
579 507.0
580 219.0
581 507.0
582 219.0
583 603.0
584 507.0
585 219.0
586 235.0
587 235.0
588 603.0
589 507.0
590 219.0
591 235.0
592 219.0
593 603.0
594 507.0
595 315.0
596 219.0
597 219.0
598 603.0
599 507.0
600 219.0
601 316.134
602 219.0
603 603.0
604 507.0
605 219.0
606 235.0
607 136.80269
608 603.0
609 507.0
610 219.0
611 219.0
612 219.0
613 603.0
614 507.0
615 219.0
616 507.0
617 219.0
618 603.0
619 507.0
620 219.0
621 315.0
622 219.0
623 603.0
624 507.0
625 219.0
626 219.0
627 219.0
628 603.0
629 507.0
630 219.0
631 219.0
632 285.02423
633 603.0
634 507.0
635 219.0
636 235.0
637 219.0
638 603.0
639 507.0
640 219.0
641 238.9106
642 34.743256
643 603.0
644 507.0
645 235.0
646 235.0
647 219.0
648 603.0
649 507.0
650 219.0
651 235.0
652 219.0
653 603.0
654 507.0
655 219.0
656 235.0
657 219.0
658 603.0
659 507.0
660 219.0
661 235.0
662 219.0
663 603.0
664 507.0
665 235.0
666 235.0
667 235.0
668 603.0
669 507.0
670 219.0
671 219.0
672 315.0
673 603.0
674 507.0
675 121.594124
676 315.0
677 219.0
678 603.0
679 507.0
680 219.0
681 235.0
682 219.0
683 603.0
684 507.0
685 219.0
686 315.0
687 219.0
688 603.0
689 507.0
690 219.0
691 235.0
692 235.0
693 603.0
694 507.0
695 219.0
696 219.0
697 219.0
698 603.0
699 507.0
700 219.0
701 315.0
702 444.35535
703 603.0
704 507.0
705 219.0
706 235.0
707 235.0
708 603.0
709 507.0
710 219.0
711 315.0
712 235.0
713 603.0
714 507.0
715 219.0
716 235.0
717 219.0
718 603.0
719 507.0
720 219.0
721 235.0
722 219.0
723 603.0
724 507.0
725 219.0
726 315.0
727 219.0
728 603.0
729 507.0
730 219.0
731 219.0
732 219.0
733 603.0
734 507.0
735 219.0
736 315.0
737 219.0
738 603.0
739 507.0
740 219.0
741 219.0
742 235.0
743 603.0
744 507.0
745 219.0
746 507.0
747 235.0
748 603.0
749 507.0
750 219.0
751 235.0
752 219.0
753 603.0
754 507.0
755 219.0
756 235.0
757 219.0
758 603.0
759 507.0
760 219.0
761 235.0
762 235.0
763 603.0
764 507.0
765 219.0
766 316.134
767 235.0
768 603.0
769 507.0
770 219.0
771 219.0
772 219.0
773 603.0
774 507.0
775 219.0
776 235.0
777 219.0
778 603.0
779 507.0
780 219.0
781 61.844376
782 235.0
783 603.0
784 507.0
785 219.0
786 235.0
787 219.0
788 603.0
789 507.0
790 219.0
791 219.0
792 219.0
793 603.0
794 507.0
795 219.0
796 507.0
797 219.0
798 603.0
799 507.0
800 219.0
801 507.0
802 53.31914
803 603.0
804 507.0
805 219.0
806 507.0
807 315.0
808 603.0
809 507.0
810 219.0
811 316.134
812 219.0
813 603.0
814 507.0
815 219.0
816 235.0
817 219.0
818 603.0
819 507.0
820 219.0
821 235.9623
822 219.0
823 603.0
824 507.0
825 235.0
826 220.134
827 219.0
828 603.0
829 507.0
830 235.0
831 219.0
832 235.0
833 603.0
834 507.0
835 219.0
836 315.0
837 219.0
838 603.0
839 507.0
840 219.0
841 219.0
842 219.0
843 603.0
844 507.0
845 219.0
846 507.0
847 219.0
848 603.0
849 507.0
850 219.0
851 235.0
852 219.0
853 603.0
854 507.0
855 219.0
856 507.0
857 219.0
858 603.0
859 507.0
860 219.0
861 507.0
862 219.0
863 603.0
864 507.0
865 219.0
866 219.0
867 235.0
868 603.0
869 507.0
870 235.0
871 235.0
872 219.0
873 603.0
874 507.0
875 219.0
876 315.0
877 235.0
878 603.0
879 507.0
880 219.0
881 469.3368
882 219.0
883 603.0
884 507.0
885 219.0
886 219.0
887 157.40309
888 603.0
889 507.0
890 219.0
891 315.0
892 235.0
893 603.0
894 507.0
895 219.0
896 497.43216
897 219.0
898 603.0
899 507.0
900 315.0
901 219.0
902 219.0
903 603.0
904 507.0
905 219.0
906 240.72522
907 219.0
908 603.0
909 507.0
910 219.0
911 316.134
912 219.0
913 603.0
914 507.0
915 235.0
916 315.0
917 219.0
918 603.0
919 507.0
920 235.0
921 507.0
922 219.0
923 603.0
924 507.0
925 219.0
926 219.0
927 235.0
928 603.0
929 507.0
930 219.0
931 219.0
932 219.0
933 603.0
934 507.0
935 219.0
936 235.0
937 219.0
938 603.0
939 507.0
940 219.0
941 219.0
942 196.85875
943 603.0
944 507.0
945 219.0
946 219.0
947 219.0
948 603.0
949 507.0
950 219.0
951 219.0
952 219.0
953 603.0
954 507.0
955 219.0
956 235.0
957 235.0
958 603.0
959 507.0
960 219.0
961 78.18385
962 219.0
963 603.0
964 507.0
965 219.0
966 219.0
967 219.0
968 603.0
969 507.0
970 219.0
971 507.0
972 235.0
973 603.0
974 507.0
975 219.0
976 219.0
977 219.0
978 603.0
979 507.0
980 219.0
981 352.44006
982 235.0
983 603.0
984 507.0
985 219.0
986 230.71347
987 235.0
988 603.0
989 507.0
990 219.0
991 219.0
992 219.0
993 603.0
994 507.0
995 219.0
996 235.0
997 219.0
998 603.0
999 507.0
1000 219.0
1001 219.0
1002 235.0
1003 603.0
1004 507.0
1005 219.0
1006 219.0
1007 219.0
1008 603.0
1009 507.0
1010 219.0
1011 219.0
1012 219.0
1013 603.0
1014 507.0
1015 219.0
1016 219.0
1017 235.0
1018 603.0
1019 507.0
1020 235.0
1021 235.0
1022 219.0
1023 603.0
1024 507.0
1025 235.0
1026 219.0
1027 219.0
1028 603.0
1029 507.0
1030 219.0
1031 226.29654
1032 219.0
1033 603.0
1034 507.0
1035 219.0
1036 219.0
1037 219.0
1038 603.0
1039 507.0
1040 219.0
1041 219.0
1042 219.0
1043 603.0
1044 507.0
1045 507.0
1046 219.0
1047 219.0
1048 603.0
1049 507.0
1050 219.0
1051 219.0
1052 315.0
1053 603.0
1054 507.0
1055 219.0
1056 105.52162
1057 235.0
1058 603.0
1059 507.0
1060 219.0
1061 235.0
1062 219.0
1063 603.0
1064 507.0
1065 219.0
1066 219.0
1067 219.0
1068 603.0
1069 507.0
1070 219.0
1071 219.0
1072 235.0
1073 603.0
1074 507.0
1075 219.0
1076 507.0
1077 219.0
1078 603.0
1079 507.0
1080 219.0
1081 219.0
1082 219.0
1083 603.0
1084 507.0
1085 219.0
1086 219.0
1087 219.0
1088 603.0
1089 507.0
1090 219.0
1091 315.0
1092 219.0
1093 603.0
1094 507.0
1095 235.0
1096 26.368616
1097 219.0
1098 603.0
1099 507.0
1100 219.0
1101 219.0
1102 219.0
1103 603.0
1104 507.0
1105 219.0
1106 219.0
1107 219.0
1108 603.0
1109 507.0
1110 219.0
1111 235.0
1112 219.0
1113 603.0
1114 507.0
1115 219.0
1116 219.0
1117 235.0
1118 603.0
1119 507.0
1120 219.0
1121 228.99826
1122 219.0
1123 603.0
1124 507.0
1125 219.0
1126 219.0
1127 219.0
1128 603.0
1129 507.0
1130 219.0
1131 219.0
1132 219.0
1133 603.0
1134 507.0
1135 219.0
1136 219.0
1137 219.0
1138 603.0
1139 507.0
1140 603.0
1141 219.0
1142 235.0
1143 603.0
1144 603.0
1145 219.0
1146 219.0
1147 219.0
1148 603.0
1149 603.0
1150 235.0
1151 219.0
1152 235.0
1153 603.0
1154 603.0
1155 219.0
1156 219.0
1157 218.80737
1158 603.0
1159 603.0
1160 219.0
1161 219.0
1162 219.0
1163 603.0
1164 603.0
1165 219.0
1166 219.0
1167 315.0
1168 603.0
1169 603.0
1170 219.0
1171 393.42355
1172 235.0
1173 603.0
1174 603.0
1175 219.0
1176 507.0
1177 219.0
1178 603.0
1179 603.0
1180 219.0
1181 219.0
1182 219.0
1183 603.0
1184 603.0
1185 219.0
1186 235.0
1187 235.0
1188 603.0
1189 603.0
1190 235.0
1191 235.0
1192 235.0
1193 603.0
1194 603.0
1195 219.0
1196 219.0
1197 219.0
1198 603.0
1199 603.0
1200 219.0
1201 219.0
1202 219.0
1203 603.0
1204 603.0
1205 285.02423
1206 219.0
1207 220.134
1208 603.0
1209 603.0
1210 219.0
1211 219.0
1212 219.0
1213 603.0
1214 603.0
1215 219.0
1216 219.0
1217 507.0
1218 603.0
1219 603.0
1220 219.0
1221 219.0
1222 219.0
1223 603.0
1224 603.0
1225 219.0
1226 235.0
1227 219.0
1228 603.0
1229 603.0
1230 219.0
1231 315.0
1232 219.0
1233 603.0
1234 603.0
1235 235.0
1236 219.0
1237 235.0
1238 603.0
1239 603.0
1240 219.0
1241 235.0
1242 219.0
1243 603.0
1244 603.0
1245 219.0
1246 219.0
1247 235.0
1248 603.0
1249 603.0
1250 219.0
1251 219.0
1252 219.0
1253 603.0
1254 603.0
1255 235.0
1256 219.0
1257 219.0
1258 603.0
1259 603.0
1260 219.0
1261 219.0
1262 219.0
1263 603.0
1264 603.0
1265 603.0
1266 219.0
1267 219.0
1268 603.0
1269 603.0
1270 315.0
1271 219.0
1272 219.0
1273 603.0
1274 603.0
1275 235.0
1276 219.0
1277 235.0
1278 603.0
1279 603.0
1280 219.0
1281 235.0
1282 219.0
1283 603.0
1284 603.0
1285 219.0
1286 241.61462
1287 235.0
1288 603.0
1289 603.0
1290 235.0
1291 219.0
1292 219.0
1293 603.0
1294 603.0
1295 219.0
1296 315.0
1297 219.0
1298 603.0
1299 603.0
1300 219.0
1301 235.0
1302 235.0
1303 603.0
1304 603.0
1305 219.0
1306 235.0
1307 219.0
1308 603.0
1309 603.0
1310 235.0
1311 219.0
1312 235.0
1313 603.0
1314 603.0
1315 235.0
1316 235.0
1317 219.0
1318 603.0
1319 603.0
1320 219.0
1321 235.0
1322 219.0
1323 603.0
1324 603.0
1325 219.0
1326 219.0
1327 235.0
1328 603.0
1329 603.0
1330 235.0
1331 235.0
1332 219.0
1333 603.0
1334 603.0
1335 219.0
1336 219.0
1337 235.0
1338 603.0
1339 603.0
1340 219.0
1341 235.0
1342 219.0
1343 603.0
1344 603.0
1345 219.0
1346 235.0
1347 219.0
1348 603.0
1349 603.0
1350 235.0
1351 219.0
1352 235.0
1353 603.0
1354 603.0
1355 235.0
1356 235.0
1357 219.0
1358 603.0
1359 603.0
1360 219.0
1361 219.0
1362 219.0
1363 603.0
1364 603.0
1365 219.0
1366 219.0
1367 219.0
1368 603.0
1369 603.0
1370 219.0
1371 219.0
1372 219.0
1373 603.0
1374 603.0
1375 219.0
1376 219.0
1377 219.0
1378 603.0
1379 603.0
1380 235.0
1381 219.0
1382 235.0
1383 603.0
1384 603.0
1385 235.0
1386 315.0
1387 507.0
1388 603.0
1389 603.0
1390 219.0
1391 235.0
1392 219.0
1393 603.0
1394 603.0
1395 219.0
1396 219.0
1397 235.0
1398 603.0
1399 603.0
1400 219.0
1401 219.0
1402 219.0
1403 603.0
1404 603.0
1405 219.0
1406 235.0
1407 112.426926
1408 603.0
1409 603.0
1410 235.0
1411 219.0
1412 219.0
1413 603.0
1414 603.0
1415 219.0
1416 219.0
1417 235.0
1418 603.0
1419 603.0
1420 219.0
1421 219.0
1422 219.0
1423 603.0
1424 603.0
1425 219.0
1426 219.0
1427 219.0
1428 603.0
1429 603.0
1430 235.0
1431 235.0
1432 219.0
1433 603.0
1434 603.0
1435 235.0
1436 219.0
1437 235.0
1438 603.0
1439 603.0
1440 219.0
1441 219.0
1442 219.0
1443 603.0
1444 603.0
1445 219.0
1446 235.0
1447 219.0
1448 603.0
1449 603.0
1450 313.74216
1451 235.0
1452 219.0
1453 603.0
1454 603.0
1455 219.0
1456 235.0
1457 315.0
1458 603.0
1459 603.0
1460 219.0
1461 219.0
1462 235.0
1463 603.0
1464 603.0
1465 219.0
1466 235.0
1467 235.0
1468 603.0
1469 603.0
1470 235.0
1471 235.0
1472 235.0
1473 603.0
1474 603.0
1475 603.0
1476 219.0
1477 219.0
1478 603.0
1479 603.0
1480 235.0
1481 219.0
1482 219.0
1483 603.0
1484 603.0
1485 235.0
1486 235.0
1487 219.0
1488 603.0
1489 603.0
1490 219.0
1491 235.0
1492 109.769554
1493 603.0
1494 603.0
1495 219.0
1496 219.0
1497 219.0
1498 603.0
1499 603.0
1500 235.0
1501 235.0
1502 235.0
1503 603.0
1504 603.0
1505 235.0
1506 219.0
1507 219.0
1508 603.0
1509 603.0
1510 219.0
1511 219.0
1512 219.0
1513 603.0
1514 603.0
1515 219.0
1516 219.0
1517 219.0
1518 603.0
1519 603.0
1520 235.0
1521 219.0
1522 219.0
1523 603.0
1524 603.0
1525 219.0
1526 219.0
1527 235.0
1528 603.0
1529 603.0
1530 219.0
1531 219.0
1532 219.0
1533 603.0
1534 603.0
1535 235.0
1536 235.0
1537 235.0
1538 603.0
1539 603.0
1540 219.0
1541 219.0
1542 219.0
1543 603.0
1544 603.0
1545 219.0
1546 219.0
1547 219.0
1548 603.0
1549 603.0
1550 219.0
1551 219.0
1552 235.0
1553 603.0
1554 603.0
1555 507.0
1556 235.0
1557 235.0
1558 603.0
1559 603.0
1560 235.0
1561 219.0
1562 219.0
1563 603.0
1564 603.0
1565 219.0
1566 235.0
1567 235.0
1568 603.0
1569 603.0
1570 219.0
1571 219.0
1572 219.0
1573 603.0
1574 603.0
1575 219.0
1576 219.0
1577 219.0
1578 603.0
1579 603.0
1580 219.0
1581 219.0
1582 219.0
1583 603.0
1584 603.0
1585 219.0
1586 219.0
1587 219.0
1588 603.0
1589 603.0
1590 219.0
1591 219.0
1592 219.0
1593 603.0
1594 603.0
1595 235.0
1596 219.0
1597 219.0
1598 603.0
1599 603.0
1600 219.0
1601 219.0
1602 139.42635
1603 603.0
1604 603.0
1605 219.0
1606 219.0
1607 219.0
1608 603.0
1609 603.0
1610 219.0
1611 235.0
1612 219.0
1613 603.0
1614 603.0
1615 152.99864
1616 219.0
1617 219.0
1618 603.0
1619 603.0
1620 235.0
1621 219.0
1622 235.0
1623 603.0
1624 603.0
1625 219.0
1626 235.0
1627 219.0
1628 603.0
1629 603.0
1630 219.0
1631 219.0
1632 127.71017
1633 603.0
1634 603.0
1635 219.0
1636 219.0
1637 219.0
1638 603.0
1639 603.0
1640 219.0
1641 235.0
1642 219.0
1643 603.0
1644 603.0
1645 219.0
1646 219.0
1647 219.0
1648 603.0
1649 603.0
1650 235.0
1651 219.0
1652 235.0
1653 603.0
1654 603.0
1655 235.0
1656 235.0
1657 603.0
1658 603.0
1659 603.0
1660 235.0
1661 315.0
1662 219.0
1663 603.0
1664 603.0
1665 219.0
1666 219.0
1667 235.0
1668 603.0
1669 603.0
1670 219.0
1671 235.0
1672 219.0
1673 603.0
1674 603.0
1675 219.0
1676 603.0
1677 219.0
1678 603.0
1679 603.0
1680 235.0
1681 235.0
1682 235.0
1683 603.0
1684 603.0
1685 219.0
1686 235.0
1687 235.0
1688 603.0
1689 603.0
1690 235.0
1691 219.0
1692 219.0
1693 603.0
1694 603.0
1695 235.0
1696 235.0
1697 235.0
1698 603.0
1699 603.0
1700 235.0
1701 219.0
1702 235.0
1703 603.0
1704 603.0
1705 219.0
1706 235.0
1707 219.0
1708 603.0
1709 603.0
1710 603.0
1711 219.0
1712 315.0
1713 603.0
1714 603.0
1715 235.0
1716 235.0
1717 219.0
1718 603.0
1719 603.0
1720 235.0
1721 219.0
1722 235.0
1723 603.0
1724 603.0
1725 219.0
1726 235.0
1727 219.0
1728 603.0
1729 603.0
1730 219.0
1731 235.0
1732 219.0
1733 603.0
1734 603.0
1735 219.0
1736 219.0
1737 219.0
1738 603.0
1739 603.0
1740 507.0
1741 219.0
1742 235.0
1743 603.0
1744 603.0
1745 219.0
1746 235.0
1747 219.0
1748 603.0
1749 603.0
1750 219.0
1751 235.0
1752 219.0
1753 603.0
1754 603.0
1755 219.0
1756 219.0
1757 219.0
1758 603.0
1759 603.0
1760 235.0
1761 219.0
1762 235.0
1763 603.0
1764 603.0
1765 219.0
1766 235.0
1767 235.0
1768 603.0
1769 603.0
1770 235.0
1771 235.0
1772 235.0
1773 603.0
1774 603.0
1775 235.0
1776 235.0
1777 219.0
1778 603.0
1779 603.0
1780 235.0
1781 219.0
1782 235.0
1783 603.0
1784 603.0
1785 315.0
1786 235.0
1787 235.0
1788 603.0
1789 603.0
1790 219.0
1791 315.0
1792 381.76834
1793 603.0
1794 603.0
1795 603.0
1796 235.0
1797 235.0
1798 603.0
1799 603.0
1800 219.0
1801 315.0
1802 315.0
1803 603.0
1804 603.0
1805 219.0
1806 219.0
1807 220.134
1808 603.0
1809 603.0
1810 219.0
1811 219.0
1812 235.0
1813 603.0
1814 603.0
1815 219.0
1816 219.0
1817 219.0
1818 603.0
1819 603.0
1820 235.0
1821 219.0
1822 219.0
1823 603.0
1824 603.0
1825 235.0
1826 507.0
1827 219.0
1828 603.0
1829 603.0
1830 219.0
1831 219.0
1832 219.0
1833 603.0
1834 603.0
1835 235.0
1836 219.0
1837 219.0
1838 603.0
1839 603.0
1840 219.0
1841 235.0
1842 219.0
1843 603.0
1844 603.0
1845 315.0
1846 219.0
1847 219.0
1848 603.0
1849 603.0
1850 235.0
1851 219.0
1852 219.0
1853 603.0
1854 603.0
1855 235.0
1856 219.0
1857 219.0
1858 603.0
1859 603.0
1860 235.0
1861 235.0
1862 219.0
1863 603.0
1864 603.0
1865 235.0
1866 235.0
1867 219.0
1868 603.0
1869 603.0
1870 219.0
1871 235.0
1872 235.0
1873 603.0
1874 603.0
1875 219.0
1876 235.0
1877 219.0
1878 603.0
1879 603.0
1880 235.0
1881 235.0
1882 219.0
1883 603.0
1884 603.0
1885 235.0
1886 235.0
1887 219.0
1888 603.0
1889 603.0
1890 235.0
1891 219.0
1892 219.0
1893 603.0
1894 603.0
1895 219.0
1896 507.0
1897 219.0
1898 603.0
1899 603.0
1900 219.0
1901 252.28587
1902 106.0938
1903 603.0
1904 603.0
1905 219.0
1906 235.0
1907 219.0
1908 603.0
1909 603.0
1910 219.0
1911 235.0
1912 219.0
1913 603.0
1914 603.0
1915 219.0
1916 219.0
1917 219.0
1918 603.0
1919 603.0
1920 219.0
1921 235.0
1922 315.0
1923 603.0
1924 603.0
1925 235.0
1926 235.0
1927 219.0
1928 603.0
1929 603.0
1930 603.0
1931 219.0
1932 219.0
1933 603.0
1934 603.0
1935 235.0
1936 315.0
1937 235.0
1938 603.0
1939 603.0
1940 315.0
1941 235.0
1942 235.0
1943 603.0
1944 603.0
1945 235.0
1946 219.0
1947 131.00336
1948 603.0
1949 603.0
1950 219.0
1951 235.0
1952 219.0
1953 603.0
1954 603.0
1955 507.0
1956 235.0
1957 219.0
1958 603.0
1959 603.0
1960 235.0
1961 219.0
1962 219.0
1963 603.0
1964 603.0
1965 522.94366
1966 219.0
1967 219.0
1968 603.0
1969 603.0
1970 235.0
1971 235.0
1972 235.0
1973 603.0
1974 603.0
1975 315.0
1976 219.0
1977 507.0
1978 603.0
1979 603.0
1980 219.0
1981 235.0
1982 235.0
1983 603.0
1984 603.0
1985 507.0
1986 219.0
1987 507.0
1988 603.0
1989 603.0
1990 235.0
1991 235.0
1992 235.0
1993 603.0
1994 603.0
1995 235.0
1996 219.0
1997 235.0
1998 603.0
1999 603.0
2000 235.0
2001 235.0
2002 535.26666
2003 603.0
2004 603.0
2005 235.0
2006 235.0
2007 219.0
2008 603.0
2009 603.0
2010 235.0
2011 235.0
2012 235.0
2013 603.0
2014 603.0
2015 561.0567
2016 219.0
2017 315.0
2018 603.0
2019 603.0
2020 235.0
2021 219.0
2022 507.0
2023 603.0
2024 603.0
2025 219.0
2026 315.0
2027 219.0
2028 603.0
2029 603.0
2030 235.0
2031 315.0
2032 572.60345
2033 603.0
2034 603.0
2035 235.0
2036 219.0
2037 235.0
2038 603.0
2039 603.0
2040 219.0
2041 235.0
2042 235.0
2043 603.0
2044 603.0
2045 507.0
2046 219.0
2047 235.0
2048 603.0
2049 603.0
2050 235.0
2051 219.0
2052 219.0
2053 603.0
2054 603.0
2055 219.0
2056 315.0
2057 219.0
2058 603.0
2059 603.0
2060 235.0
2061 235.0
2062 235.0
2063 603.0
2064 603.0
2065 235.0
2066 219.0
2067 235.0
2068 603.0
2069 603.0
2070 219.0
2071 235.0
2072 235.0
2073 603.0
2074 603.0
2075 235.0
2076 235.0
2077 235.0
2078 603.0
2079 603.0
2080 219.0
2081 219.0
2082 235.0
2083 603.0
2084 603.0
2085 235.0
2086 219.0
2087 263.19305
2088 603.0
2089 603.0
2090 315.0
2091 219.0
2092 219.0
2093 603.0
2094 603.0
2095 507.0
2096 219.0
2097 219.0
2098 603.0
2099 603.0
2100 219.0
2101 219.0
2102 235.0
2103 603.0
2104 603.0
2105 235.0
2106 264.5206
2107 507.0
2108 603.0
2109 603.0
2110 219.0
2111 235.0
2112 235.0
2113 603.0
2114 603.0
2115 219.0
2116 219.0
2117 219.0
2118 603.0
2119 603.0
2120 235.0
2121 235.0
2122 235.0
2123 603.0
2124 603.0
2125 235.0
2126 235.0
2127 219.0
2128 603.0
2129 603.0
2130 235.0
2131 235.0
2132 219.0
2133 603.0
2134 603.0
2135 219.0
2136 572.3419
2137 219.0
2138 603.0
2139 603.0
2140 315.0
2141 219.0
2142 535.1931
2143 603.0
2144 603.0
2145 219.0
2146 240.04024
2147 235.0
2148 603.0
2149 603.0
2150 235.0
2151 219.0
2152 235.0
2153 603.0
2154 603.0
2155 219.0
2156 219.0
2157 219.0
2158 603.0
2159 603.0
2160 235.0
2161 235.0
2162 235.0
2163 603.0
2164 603.0
2165 235.0
2166 219.0
2167 206.58368
2168 603.0
2169 603.0
2170 219.0
2171 235.0
2172 219.0
2173 603.0
2174 603.0
2175 219.0
2176 219.0
2177 219.0
2178 603.0
2179 603.0
2180 235.0
2181 235.0
2182 315.0
2183 603.0
2184 603.0
2185 235.0
2186 219.0
2187 219.0
2188 603.0
2189 603.0
2190 315.0
2191 235.0
2192 235.0
2193 603.0
2194 603.0
2195 220.134
2196 235.0
2197 235.0
2198 603.0
2199 603.0
2200 235.0
2201 315.0
2202 235.0
2203 603.0
2204 603.0
2205 235.0
2206 235.0
2207 219.0
2208 603.0
2209 603.0
2210 235.0
2211 235.0
2212 315.0
2213 603.0
2214 603.0
2215 219.0
2216 235.0
2217 235.0
2218 603.0
2219 603.0
2220 235.0
2221 507.0
2222 219.0
2223 603.0
2224 603.0
2225 235.0
2226 235.0
2227 923.0
2228 923.0
2229 923.0
2230 603.0
2231 235.0
2232 235.0
2233 315.0
2234 923.0
2235 603.0
2236 235.0
2237 507.0
2238 219.0
2239 923.0
2240 603.0
2241 235.0
2242 219.0
2243 219.0
2244 923.0
2245 603.0
2246 235.0
2247 235.0
2248 219.0
2249 923.0
2250 603.0
2251 507.0
2252 219.0
2253 263.26672
2254 923.0
2255 603.0
2256 241.61462
2257 235.0
2258 235.0
2259 923.0
2260 603.0
2261 235.0
2262 219.0
2263 219.0
2264 923.0
2265 603.0
2266 219.0
2267 235.0
2268 219.0
2269 923.0
2270 603.0
2271 235.0
2272 235.0
2273 315.0
2274 923.0
2275 603.0
2276 235.0
2277 235.0
2278 315.0
2279 923.0
2280 603.0
2281 219.0
2282 235.0
2283 219.0
2284 923.0
2285 603.0
2286 235.0
2287 235.0
2288 235.0
2289 923.0
2290 603.0
2291 235.0
2292 235.0
2293 219.0
2294 923.0
2295 603.0
2296 239.04117
2297 219.0
2298 244.00603
2299 923.0
2300 603.0
2301 219.0
2302 219.0
2303 219.0
2304 923.0
2305 603.0
2306 315.0
2307 235.0
2308 235.0
2309 923.0
2310 603.0
2311 235.0
2312 219.0
2313 219.0
2314 923.0
2315 603.0
2316 235.0
2317 235.0
2318 235.0
2319 923.0
2320 603.0
2321 219.0
2322 219.0
2323 219.0
2324 923.0
2325 603.0
2326 235.0
2327 219.0
2328 133.27252
2329 923.0
2330 603.0
2331 219.0
2332 219.0
2333 219.0
2334 923.0
2335 603.0
2336 246.80283
2337 315.0
2338 219.0
2339 923.0
2340 603.0
2341 235.0
2342 219.0
2343 219.0
2344 923.0
2345 603.0
2346 315.0
2347 219.0
2348 235.0
2349 923.0
2350 603.0
2351 235.0
2352 219.0
2353 219.0
2354 923.0
2355 603.0
2356 235.0
2357 219.0
2358 219.0
2359 923.0
2360 603.0
2361 315.0
2362 513.6146
2363 219.0
2364 923.0
2365 603.0
2366 235.0
2367 219.0
2368 219.0
2369 923.0
2370 603.0
2371 219.0
2372 235.0
2373 315.0
2374 923.0
2375 603.0
2376 235.0
2377 315.0
2378 235.0
2379 923.0
2380 603.0
2381 315.0
2382 219.0
2383 219.0
2384 923.0
2385 603.0
2386 507.0
2387 219.0
2388 235.0
2389 923.0
2390 603.0
2391 315.0
2392 235.0
2393 492.11926
2394 923.0
2395 603.0
2396 235.0
2397 235.0
2398 85.762924
2399 923.0
2400 603.0
2401 235.0
2402 235.0
2403 219.0
2404 923.0
2405 603.0
2406 315.0
2407 235.0
2408 24.306885
2409 923.0
2410 603.0
2411 235.0
2412 507.0
2413 247.65604
2414 923.0
2415 603.0
2416 235.0
2417 235.0
2418 219.0
2419 923.0
2420 603.0
2421 235.0
2422 219.0
2423 235.0
2424 923.0
2425 603.0
2426 235.0
2427 235.0
2428 219.0
2429 923.0
2430 603.0
2431 235.0
2432 235.0
2433 219.0
2434 923.0
2435 603.0
2436 219.0
2437 235.0
2438 219.0
2439 923.0
2440 603.0
2441 219.0
2442 235.0
2443 219.0
2444 923.0
2445 603.0
2446 235.0
2447 235.0
2448 308.14917
2449 923.0
2450 603.0
2451 219.0
2452 235.0
2453 219.0
2454 923.0
2455 603.0
2456 235.0
2457 507.0
2458 235.0
2459 923.0
2460 603.0
2461 219.0
2462 235.0
2463 219.0
2464 923.0
2465 603.0
2466 219.0
2467 235.0
2468 235.0
2469 923.0
2470 603.0
2471 235.0
2472 219.0
2473 240.83391
2474 923.0
2475 603.0
2476 219.0
2477 219.0
2478 219.0
2479 923.0
2480 603.0
2481 235.0
2482 315.0
2483 219.0
2484 923.0
2485 603.0
2486 235.0
2487 219.0
2488 219.0
2489 923.0
2490 603.0
2491 219.0
2492 235.0
2493 235.0
2494 923.0
2495 603.0
2496 315.0
2497 219.0
2498 315.0
2499 923.0
2500 603.0
2501 219.0
2502 507.0
2503 235.0
2504 923.0
2505 603.0
2506 315.0
2507 219.0
2508 235.0
2509 923.0
2510 603.0
2511 235.0
2512 235.0
2513 219.0
2514 923.0
2515 603.0
2516 530.7827
2517 219.0
2518 235.0
2519 923.0
2520 603.0
2521 315.0
2522 219.0
2523 219.0
2524 923.0
2525 603.0
2526 315.0
2527 219.0
2528 235.0
2529 923.0
2530 603.0
2531 219.0
2532 219.0
2533 219.0
2534 923.0
2535 603.0
2536 219.0
2537 547.544
2538 315.0
2539 923.0
2540 603.0
2541 235.0
2542 219.0
2543 235.0
2544 923.0
2545 603.0
2546 315.0
2547 219.0
2548 235.0
2549 923.0
2550 603.0
2551 246.98895
2552 235.0
2553 235.0
2554 923.0
2555 603.0
2556 219.0
2557 219.0
2558 219.0
2559 923.0
2560 603.0
2561 219.0
2562 219.0
2563 219.0
2564 923.0
2565 603.0
2566 315.0
2567 219.0
2568 235.0
2569 923.0
2570 603.0
2571 219.0
2572 235.0
2573 219.0
2574 923.0
2575 603.0
2576 235.0
2577 315.0
2578 219.0
2579 923.0
2580 603.0
2581 235.0
2582 507.0
2583 235.0
2584 923.0
2585 603.0
2586 235.0
2587 219.0
2588 219.0
2589 923.0
2590 603.0
2591 235.0
2592 235.0
2593 219.0
2594 923.0
2595 603.0
2596 315.0
2597 235.0
2598 262.6252
2599 923.0
2600 603.0
2601 219.0
2602 235.0
2603 219.0
2604 923.0
2605 603.0
2606 219.0
2607 235.0
2608 315.0
2609 923.0
2610 603.0
2611 219.0
2612 507.0
2613 315.0
2614 923.0
2615 603.0
2616 507.0
2617 235.0
2618 219.0
2619 923.0
2620 603.0
2621 235.0
2622 219.0
2623 235.0
2624 923.0
2625 603.0
2626 235.0
2627 235.0
2628 219.0
2629 923.0
2630 603.0
2631 235.0
2632 315.0
2633 235.0
2634 923.0
2635 603.0
2636 219.0
2637 235.0
2638 315.0
2639 923.0
2640 603.0
2641 219.0
2642 219.0
2643 219.0
2644 923.0
2645 603.0
2646 235.0
2647 219.0
2648 219.0
2649 923.0
2650 603.0
2651 603.0
2652 312.54105
2653 219.0
2654 923.0
2655 603.0
2656 235.0
2657 235.0
2658 235.0
2659 923.0
2660 603.0
2661 235.0
2662 235.0
2663 235.0
2664 923.0
2665 603.0
2666 235.0
2667 235.0
2668 235.0
2669 923.0
2670 603.0
2671 315.0
2672 219.0
2673 219.0
2674 923.0
2675 603.0
2676 235.0
2677 219.0
2678 219.0
2679 923.0
2680 603.0
2681 235.0
2682 219.0
2683 219.0
2684 923.0
2685 603.0
2686 235.0
2687 235.0
2688 39.800907
2689 923.0
2690 603.0
2691 219.0
2692 219.0
2693 219.0
2694 923.0
2695 603.0
2696 235.0
2697 219.0
2698 219.0
2699 923.0
2700 603.0
2701 219.0
2702 235.0
2703 235.0
2704 923.0
2705 603.0
2706 535.1931
2707 219.0
2708 219.0
2709 923.0
2710 603.0
2711 219.0
2712 235.0
2713 0.0
2714 923.0
2715 603.0
2716 241.19614
2717 235.0
2718 235.0
2719 923.0
2720 603.0
2721 535.1931
2722 219.0
2723 219.0
2724 923.0
2725 603.0
2726 219.0
2727 219.0
2728 219.0
2729 923.0
2730 603.0
2731 219.0
2732 235.0
2733 114.115585
2734 923.0
2735 603.0
2736 315.0
2737 235.0
2738 219.0
2739 923.0
2740 603.0
2741 219.0
2742 235.0
2743 235.0
2744 923.0
2745 603.0
2746 219.0
2747 235.0
2748 235.0
2749 923.0
2750 603.0
2751 219.0
2752 315.0
2753 219.0
2754 923.0
2755 603.0
2756 219.0
2757 219.0
2758 219.0
2759 923.0
2760 603.0
2761 219.0
2762 219.0
2763 219.0
2764 923.0
2765 603.0
2766 12.952166
2767 315.0
2768 219.0
2769 923.0
2770 603.0
2771 237.87541
2772 235.0
2773 235.0
2774 923.0
2775 603.0
2776 219.0
2777 219.0
2778 38.261307
2779 923.0
2780 603.0
2781 219.0
2782 93.015526
2783 235.0
2784 923.0
2785 603.0
2786 235.0
2787 219.0
2788 219.0
2789 923.0
2790 603.0
2791 235.0
2792 235.0
2793 219.0
2794 923.0
2795 603.0
2796 235.0
2797 603.0
2798 219.0
2799 923.0
2800 603.0
2801 315.0
2802 219.0
2803 219.0
2804 923.0
2805 603.0
2806 219.0
2807 235.0
2808 219.0
2809 923.0
2810 603.0
2811 235.0
2812 315.0
2813 219.0
2814 923.0
2815 603.0
2816 235.0
2817 219.0
2818 219.0
2819 923.0
2820 603.0
2821 219.0
2822 219.0
2823 219.0
2824 923.0
2825 603.0
2826 235.0
2827 235.0
2828 240.33305
2829 923.0
2830 603.0
2831 219.0
2832 235.0
2833 219.0
2834 923.0
2835 603.0
2836 219.0
2837 235.0
2838 235.0
2839 923.0
2840 603.0
2841 235.0
2842 219.0
2843 235.0
2844 923.0
2845 603.0
2846 235.0
2847 219.0
2848 235.0
2849 923.0
2850 603.0
2851 219.0
2852 235.0
2853 219.69937
2854 923.0
2855 603.0
2856 235.0
2857 219.0
2858 235.0
2859 923.0
2860 603.0
2861 239.4343
2862 219.0
2863 219.0
2864 923.0
2865 603.0
2866 235.0
2867 219.0
2868 0.0
2869 923.0
2870 603.0
2871 219.0
2872 507.0
2873 235.0
2874 923.0
2875 603.0
2876 219.0
2877 219.0
2878 235.0
2879 923.0
2880 603.0
2881 241.35619
2882 219.0
2883 235.0
2884 923.0
2885 603.0
2886 219.0
2887 219.0
2888 315.0
2889 923.0
2890 603.0
2891 603.0
2892 235.0
2893 48.764935
2894 923.0
2895 603.0
2896 235.0
2897 219.0
2898 219.0
2899 923.0
2900 603.0
2901 235.0
2902 245.93082
2903 235.0
2904 923.0
2905 603.0
2906 219.0
2907 219.0
2908 219.0
2909 923.0
2910 603.0
2911 235.0
2912 235.0
2913 235.0
2914 923.0
2915 603.0
2916 219.0
2917 535.1931
2918 219.0
2919 923.0
2920 603.0
2921 527.49536
2922 235.0
2923 219.0
2924 923.0
2925 603.0
2926 235.0
2927 235.0
2928 219.0
2929 923.0
2930 603.0
2931 219.0
2932 237.91406
2933 219.0
2934 923.0
2935 603.0
2936 235.0
2937 315.0
2938 235.0
2939 923.0
2940 603.0
2941 219.0
2942 219.0
2943 235.0
2944 923.0
2945 603.0
2946 315.0
2947 235.0
2948 235.0
2949 923.0
2950 603.0
2951 219.0
2952 235.0
2953 219.0
2954 923.0
2955 603.0
2956 235.0
2957 235.0
2958 135.41151
2959 923.0
2960 603.0
2961 219.0
2962 235.0
2963 219.0
2964 923.0
2965 603.0
2966 235.0
2967 219.0
2968 219.0
2969 923.0
2970 603.0
2971 240.7224
2972 315.0
2973 315.0
2974 923.0
2975 603.0
2976 219.0
2977 315.0
2978 219.0
2979 923.0
2980 603.0
2981 235.0
2982 235.0
2983 25.385368
2984 923.0
2985 603.0
2986 430.86618
2987 219.0
2988 235.0
2989 923.0
2990 603.0
2991 235.0
2992 315.0
2993 219.0
2994 923.0
2995 603.0
2996 235.0
2997 235.0
2998 240.13394
2999 923.0
3000 603.0
3001 235.0
3002 315.0
3003 79.53478
3004 923.0
3005 603.0
3006 235.0
3007 235.0
3008 235.0
3009 923.0
3010 603.0
3011 235.0
3012 219.0
3013 219.0
3014 923.0
3015 603.0
3016 215.28804
3017 315.0
3018 235.0
3019 923.0
3020 603.0
3021 235.0
3022 219.0
3023 219.0
3024 923.0
3025 603.0
3026 235.0
3027 337.90604
3028 235.0
3029 923.0
3030 603.0
3031 235.0
3032 240.7224
3033 235.0
3034 923.0
3035 603.0
3036 219.0
3037 235.0
3038 219.0
3039 923.0
3040 603.0
3041 429.08575
3042 507.0
3043 235.0
3044 923.0
3045 603.0
3046 246.7742
3047 219.0
3048 219.0
3049 923.0
3050 603.0
3051 603.0
3052 235.0
3053 235.0
3054 923.0
3055 603.0
3056 235.0
3057 219.0
3058 219.0
3059 923.0
3060 603.0
3061 27.647478
3062 315.0
3063 235.0
3064 923.0
3065 603.0
3066 219.0
3067 258.19394
3068 219.0
3069 923.0
3070 603.0
3071 143.35112
3072 235.0
3073 219.0
3074 923.0
3075 603.0
3076 235.0
3077 235.0
3078 235.0
3079 923.0
3080 603.0
3081 572.0297
3082 219.0
3083 219.0
3084 923.0
3085 603.0
3086 513.6146
3087 315.0
3088 219.0
3089 923.0
3090 603.0
3091 219.0
3092 235.0
3093 315.0
3094 923.0
3095 603.0
3096 235.0
3097 315.0
3098 507.0
3099 923.0
3100 603.0
3101 235.0
3102 315.0
3103 219.0
3104 923.0
3105 603.0
3106 235.0
3107 219.0
3108 219.0
3109 923.0
3110 603.0
3111 436.36896
3112 219.0
3113 219.0
3114 923.0
3115 603.0
3116 235.0
3117 302.11032
3118 235.0
3119 923.0
3120 603.0
3121 235.0
3122 219.0
3123 235.0
3124 923.0
3125 603.0
3126 235.0
3127 219.0
3128 219.0
3129 923.0
3130 603.0
3131 235.0
3132 315.0
3133 219.0
3134 923.0
3135 603.0
3136 49.598927
3137 235.0
3138 65.910164
3139 923.0
3140 603.0
3141 219.0
3142 315.0
3143 524.757
3144 923.0
3145 603.0
3146 699.0
3147 219.0
3148 219.0
3149 923.0
3150 699.0
3151 219.0
3152 219.0
3153 219.0
3154 923.0
3155 699.0
3156 235.0
3157 235.0
3158 315.0
3159 923.0
3160 699.0
3161 160.319
3162 315.0
3163 219.0
3164 923.0
3165 699.0
3166 219.0
3167 219.0
3168 219.0
3169 923.0
3170 699.0
3171 235.0
3172 235.0
3173 219.0
3174 923.0
3175 699.0
3176 235.0
3177 535.1931
3178 235.0
3179 923.0
3180 699.0
3181 219.0
3182 219.0
3183 219.0
3184 923.0
3185 699.0
3186 315.0
3187 235.0
3188 241.24039
3189 923.0
3190 699.0
3191 219.0
3192 27.047478
3193 235.0
3194 923.0
3195 699.0
3196 235.0
3197 219.0
3198 235.0
3199 923.0
3200 699.0
3201 263.19305
3202 235.0
3203 219.0
3204 923.0
3205 699.0
3206 235.0
3207 158.84314
3208 235.0
3209 923.0
3210 699.0
3211 219.0
3212 50.036358
3213 235.0
3214 923.0
3215 699.0
3216 219.0
3217 507.0
3218 235.0
3219 923.0
3220 699.0
3221 219.0
3222 219.0
3223 219.0
3224 923.0
3225 699.0
3226 219.0
3227 219.0
3228 219.0
3229 923.0
3230 699.0
3231 235.0
3232 219.0
3233 235.0
3234 923.0
3235 699.0
3236 235.0
3237 315.0
3238 235.0
3239 923.0
3240 699.0
3241 219.0
3242 219.0
3243 219.0
3244 923.0
3245 699.0
3246 235.0
3247 235.0
3248 513.6146
3249 923.0
3250 699.0
3251 235.0
3252 219.0
3253 210.75098
3254 923.0
3255 699.0
3256 219.0
3257 219.0
3258 235.0
3259 923.0
3260 699.0
3261 235.0
3262 219.0
3263 25.164087
3264 923.0
3265 699.0
3266 127.78925
3267 219.0
3268 34.934715
3269 923.0
3270 699.0
3271 315.0
3272 315.0
3273 235.0
3274 923.0
3275 699.0
3276 219.0
3277 219.0
3278 235.0
3279 923.0
3280 699.0
3281 219.0
3282 235.0
3283 235.0
3284 923.0
3285 699.0
3286 274.75357
3287 38.61463
3288 315.0
3289 923.0
3290 699.0
3291 219.0
3292 235.0
3293 219.0
3294 923.0
3295 699.0
3296 235.0
3297 219.0
3298 235.0
3299 923.0
3300 699.0
3301 235.0
3302 219.0
3303 315.0
3304 923.0
3305 699.0
3306 219.0
3307 63.352142
3308 235.0
3309 923.0
3310 699.0
3311 315.0
3312 295.83008
3313 219.0
3314 923.0
3315 699.0
3316 219.0
3317 235.0
3318 219.0
3319 923.0
3320 699.0
3321 235.0
3322 439.2767
3323 219.0
3324 923.0
3325 699.0
3326 219.0
3327 235.0
3328 219.0
3329 923.0
3330 699.0
3331 219.0
3332 219.0
3333 219.0
3334 923.0
3335 699.0
3336 315.0
3337 235.0
3338 235.0
3339 923.0
3340 699.0
3341 219.0
3342 315.0
3343 219.0
3344 923.0
3345 699.0
3346 219.0
3347 39.814632
3348 219.0
3349 923.0
3350 699.0
3351 235.0
3352 315.0
3353 38.149006
3354 923.0
3355 699.0
3356 235.0
3357 219.0
3358 235.0
3359 923.0
3360 699.0
3361 219.0
3362 235.0
3363 219.0
3364 923.0
3365 699.0
3366 219.0
3367 219.0
3368 235.0
3369 923.0
3370 699.0
3371 219.0
3372 235.0
3373 166.51082
3374 923.0
3375 699.0
3376 235.0
3377 219.0
3378 42.920544
3379 923.0
3380 699.0
3381 219.0
3382 219.0
3383 219.0
3384 923.0
3385 699.0
3386 235.0
3387 14.71414
3388 219.0
3389 923.0
3390 699.0
3391 235.0
3392 37.48063
3393 235.0
3394 923.0
3395 699.0
3396 219.0
3397 235.0
3398 219.0
3399 923.0
3400 699.0
3401 235.0
3402 507.0
3403 235.0
3404 923.0
3405 699.0
3406 235.0
3407 219.0
3408 219.0
3409 923.0
3410 699.0
3411 524.2859
3412 219.0
3413 235.0
3414 923.0
3415 699.0
3416 219.0
3417 315.0
3418 235.0
3419 923.0
3420 699.0
3421 315.0
3422 507.0
3423 235.0
3424 923.0
3425 699.0
3426 219.0
3427 219.0
3428 219.0
3429 923.0
3430 699.0
3431 219.0
3432 235.0
3433 0.0
3434 923.0
3435 699.0
3436 235.0
3437 27.647478
3438 235.0
3439 923.0
3440 699.0
3441 236.60927
3442 535.1931
3443 235.0
3444 923.0
3445 699.0
3446 535.1931
3447 513.6146
3448 219.0
3449 923.0
3450 699.0
3451 315.0
3452 219.0
3453 219.0
3454 923.0
3455 699.0
3456 219.0
3457 219.0
3458 235.0
3459 923.0
3460 699.0
3461 0.0
3462 49.619152
3463 115.09368
3464 923.0
3465 699.0
3466 219.0
3467 219.0
3468 235.0
3469 923.0
3470 699.0
3471 219.0
3472 235.0
3473 219.0
3474 923.0
3475 699.0
3476 235.0
3477 255.86185
3478 290.14682
3479 923.0
3480 699.0
3481 235.0
3482 311.30307
3483 315.0
3484 923.0
3485 699.0
3486 219.0
3487 169.47195
3488 235.0
3489 923.0
3490 699.0
3491 25.562958
3492 235.0
3493 219.0
3494 923.0
3495 699.0
3496 235.0
3497 219.0
3498 315.0
3499 923.0
3500 699.0
3501 530.10614
3502 507.0
3503 252.85033
3504 923.0
3505 699.0
3506 219.0
3507 219.0
3508 219.0
3509 923.0
3510 699.0
3511 235.0
3512 235.0
3513 235.0
3514 923.0
3515 699.0
3516 235.0
3517 176.49078
3518 0.0
3519 923.0
3520 699.0
3521 235.0
3522 50.720634
3523 219.0
3524 923.0
3525 699.0
3526 235.0
3527 219.0
3528 219.0
3529 923.0
3530 699.0
3531 219.0
3532 235.0
3533 131.60025
3534 923.0
3535 699.0
3536 235.0
3537 235.0
3538 235.0
3539 923.0
3540 699.0
3541 235.0
3542 535.1931
3543 507.0
3544 923.0
3545 699.0
3546 219.0
3547 219.0
3548 235.0
3549 923.0
3550 699.0
3551 235.0
3552 219.0
3553 219.0
3554 923.0
3555 699.0
3556 235.0
3557 603.0
3558 235.0
3559 923.0
3560 699.0
3561 235.0
3562 235.0
3563 235.0
3564 923.0
3565 699.0
3566 392.28348
3567 47.017864
3568 146.60686
3569 923.0
3570 699.0
3571 235.0
3572 219.0
3573 235.0
3574 923.0
3575 699.0
3576 235.0
3577 24.252125
3578 313.39407
3579 923.0
3580 699.0
3581 235.0
3582 513.6146
3583 219.0
3584 923.0
3585 699.0
3586 219.0
3587 219.0
3588 219.0
3589 923.0
3590 699.0
3591 235.0
3592 28.781479
3593 524.3101
3594 923.0
3595 699.0
3596 219.0
3597 235.0
3598 315.0
3599 923.0
3600 699.0
3601 219.0
3602 168.90489
3603 235.0
3604 923.0
3605 699.0
3606 315.0
3607 27.647478
3608 219.0
3609 923.0
3610 699.0
3611 219.0
3612 24.252125
3613 235.0
3614 923.0
3615 699.0
3616 235.0
3617 235.0
3618 235.0
3619 923.0
3620 699.0
3621 235.0
3622 219.0
3623 175.21259
3624 923.0
3625 699.0
3626 235.0
3627 219.0
3628 235.0
3629 923.0
3630 699.0
3631 235.0
3632 219.0
3633 235.0
3634 923.0
3635 699.0
3636 219.0
3637 235.0
3638 252.54628
3639 923.0
3640 699.0
3641 219.0
3642 315.0
3643 219.0
3644 923.0
3645 699.0
3646 219.0
3647 76.51543
3648 219.0
3649 923.0
3650 699.0
3651 235.0
3652 507.0
3653 235.0
3654 923.0
3655 699.0
3656 219.0
3657 412.28638
3658 24.280561
3659 923.0
3660 699.0
3661 238.89342
3662 418.9911
3663 0.0
3664 923.0
3665 699.0
3666 507.0
3667 235.0
3668 219.0
3669 923.0
3670 699.0
3671 235.0
3672 507.0
3673 22.750046
3674 923.0
3675 699.0
3676 219.0
3677 535.1931
3678 235.0
3679 923.0
3680 699.0
3681 219.0
3682 169.41927
3683 235.0
3684 923.0
3685 699.0
3686 315.0
3687 219.0
3688 235.0
3689 923.0
3690 699.0
3691 219.0
3692 27.935516
3693 315.0
3694 923.0
3695 699.0
3696 219.0
3697 219.0
3698 219.0
3699 923.0
3700 699.0
3701 235.0
3702 26.801516
3703 235.0
3704 923.0
3705 699.0
3706 219.0
3707 281.50436
3708 219.0
3709 923.0
3710 699.0
3711 308.14917
3712 219.0
3713 235.0
3714 923.0
3715 699.0
3716 523.64056
3717 44.933342
3718 134.46684
3719 923.0
3720 699.0
3721 219.0
3722 19.964752
3723 235.0
3724 923.0
3725 699.0
3726 235.0
3727 479.83282
3728 219.0
3729 923.0
3730 699.0
3731 235.0
3732 219.0
3733 235.0
3734 923.0
3735 699.0
3736 0.0
3737 219.0
3738 180.8986
3739 923.0
3740 699.0
3741 235.0
3742 219.0
3743 219.0
3744 923.0
3745 699.0
3746 315.0
3747 507.0
3748 41.953
3749 923.0
3750 699.0
3751 219.0
3752 44.933342
3753 235.0
3754 923.0
3755 699.0
3756 219.0
3757 507.0
3758 241.0539
3759 923.0
3760 699.0
3761 235.0
3762 142.36052
3763 219.0
3764 923.0
3765 699.0
3766 235.0
3767 27.647478
3768 603.0
3769 923.0
3770 699.0
3771 315.0
3772 219.0
3773 219.0
3774 923.0
3775 699.0
3776 235.0
3777 27.647478
3778 235.0
3779 923.0
3780 699.0
3781 315.0
3782 9.287584
3783 235.0
3784 923.0
3785 699.0
3786 219.0
3787 235.0
3788 219.0
3789 923.0
3790 699.0
3791 235.0
3792 235.0
3793 219.0
3794 923.0
3795 699.0
3796 507.0
3797 219.0
3798 219.0
3799 923.0
3800 699.0
3801 235.0
3802 78.84943
3803 219.0
3804 923.0
3805 699.0
3806 235.0
3807 315.0
3808 315.0
3809 923.0
3810 699.0
3811 219.0
3812 263.62347
3813 219.0
3814 923.0
3815 699.0
3816 219.0
3817 603.0
3818 44.155464
3819 923.0
3820 699.0
3821 315.0
3822 240.5043
3823 235.0
3824 923.0
3825 699.0
3826 235.0
3827 235.0
3828 315.0
3829 923.0
3830 699.0
3831 315.0
3832 240.3245
3833 219.0
3834 923.0
3835 699.0
3836 0.0
3837 235.0
3838 507.0
3839 923.0
3840 699.0
3841 219.0
3842 235.0
3843 219.0
3844 923.0
3845 699.0
3846 485.2298
3847 219.0
3848 315.0
3849 923.0
3850 699.0
3851 235.0
3852 247.34035
3853 219.0
3854 923.0
3855 699.0
3856 516.8921
3857 219.0
3858 507.0
3859 923.0
3860 699.0
3861 235.0
3862 219.0
3863 235.0
3864 923.0
3865 699.0
3866 235.0
3867 315.0
3868 219.0
3869 923.0
3870 699.0
3871 219.0
3872 315.0
3873 0.0
3874 923.0
3875 699.0
3876 236.134
3877 574.57336
3878 235.0
3879 923.0
3880 699.0
3881 219.0
3882 507.0
3883 507.0
3884 923.0
3885 699.0
3886 235.0
3887 219.0
3888 235.0
3889 923.0
3890 699.0
3891 603.0
3892 235.0
3893 219.0
3894 923.0
3895 699.0
3896 219.0
3897 235.0
3898 235.0
3899 923.0
3900 699.0
3901 239.91124
3902 245.93082
3903 235.0
3904 923.0
3905 699.0
3906 239.35347
3907 315.0
3908 219.0
3909 923.0
3910 699.0
3911 219.0
3912 235.0
3913 235.0
3914 923.0
3915 699.0
3916 219.0
3917 315.0
3918 235.0
3919 923.0
3920 699.0
3921 219.0
3922 235.0
3923 38.68063
3924 923.0
3925 699.0
3926 219.0
3927 219.0
3928 219.0
3929 923.0
3930 699.0
3931 235.0
3932 513.6146
3933 315.0
3934 923.0
3935 699.0
3936 246.98895
3937 535.1931
3938 219.0
3939 923.0
3940 699.0
3941 315.0
3942 535.1931
3943 219.0
3944 923.0
3945 699.0
3946 572.0288
3947 566.3518
3948 507.0
3949 923.0
3950 699.0
3951 219.0
3952 27.647478
3953 219.0
3954 923.0
3955 699.0
3956 219.0
3957 219.0
3958 219.0
3959 923.0
3960 699.0
3961 219.0
3962 603.0
3963 219.0
3964 923.0
3965 699.0
3966 219.0
3967 219.0
3968 219.0
3969 923.0
3970 699.0
3971 274.16144
3972 172.89226
3973 219.0
3974 923.0
3975 699.0
3976 235.0
3977 235.0
3978 235.0
3979 923.0
3980 699.0
3981 219.0
3982 219.0
3983 219.0
3984 923.0
3985 699.0
3986 235.0
3987 26.801516
3988 171.45645
3989 923.0
3990 699.0
3991 235.0
3992 235.0
3993 219.0
3994 923.0
3995 699.0
3996 219.0
3997 507.0
3998 219.0
3999 923.0
4000 699.0
4001 235.0
4002 507.0
4003 235.0
4004 923.0
4005 699.0
4006 219.0
4007 219.0
4008 219.0
4009 923.0
4010 699.0
4011 247.19304
4012 219.0
4013 219.0
4014 923.0
4015 699.0
4016 315.0
4017 315.0
4018 219.0
4019 923.0
4020 699.0
4021 219.0
4022 219.0
4023 235.0
4024 923.0
4025 699.0
4026 235.0
4027 235.0
4028 219.0
4029 923.0
4030 699.0
4031 219.0
4032 219.0
4033 219.0
4034 923.0
4035 699.0
4036 219.0
4037 235.0
4038 240.48747
4039 923.0
4040 699.0
4041 219.0
4042 219.0
4043 18.92774
4044 923.0
4045 699.0
4046 235.0
4047 219.0
4048 235.0
4049 923.0
4050 699.0
4051 524.757
4052 315.0
4053 235.0
4054 923.0
4055 699.0
4056 235.0
4057 25.385368
4058 235.0
4059 923.0
4060 699.0
4061 263.19305
4062 235.0
4063 235.0
4064 923.0
4065 699.0
4066 219.0
4067 44.933342
4068 219.0
4069 923.0
4070 699.0
4071 247.19304
4072 219.0
4073 219.0
4074 923.0
4075 699.0
4076 315.0
4077 219.0
4078 235.0
4079 923.0
4080 699.0
4081 219.0
4082 219.0
4083 219.0
4084 923.0
4085 699.0
4086 235.0
4087 27.647478
4088 219.0
4089 923.0
4090 699.0
4091 219.0
4092 39.814632
4093 219.0
4094 923.0
4095 699.0
4096 235.0
4097 235.0
4098 239.27306
4099 923.0
4100 699.0
4101 219.0
4102 235.0
4103 235.0
4104 923.0
4105 699.0
4106 219.0
4107 315.0
4108 214.21191
4109 923.0
4110 699.0
4111 315.0
4112 235.0
4113 524.2859
4114 923.0
4115 699.0
4116 219.0
4117 27.647478
4118 315.0
4119 923.0
4120 699.0
4121 219.0
4122 315.0
4123 235.0
4124 923.0
4125 699.0
4126 235.0
4127 315.0
4128 235.0
4129 923.0
4130 699.0
4131 315.0
4132 235.0
4133 315.0
4134 923.0
4135 699.0
4136 219.0
4137 615.991
4138 59.568058
4139 923.0
4140 699.0
4141 235.0
4142 603.0
4143 36.41852
4144 923.0
4145 699.0
4146 235.0
4147 219.0
4148 235.0
4149 923.0
4150 699.0
4151 235.0
4152 27.647478
4153 235.0
4154 923.0
4155 699.0
4156 235.0
4157 29.797997
4158 142.19794
4159 923.0
4160 699.0
4161 235.0
4162 235.0
4163 235.0
4164 923.0
4165 699.0
4166 235.0
4167 219.0
4168 219.0
4169 923.0
4170 699.0
4171 235.0
4172 46.067345
4173 219.0
4174 923.0
4175 699.0
4176 219.0
4177 219.0
4178 219.0
4179 923.0
4180 699.0
4181 603.0
4182 235.0
4183 235.0
4184 923.0
4185 699.0
4186 219.0
4187 235.0
4188 235.0
4189 923.0
4190 699.0
4191 219.0
4192 26.351452
4193 219.0
4194 923.0
4195 699.0
4196 235.0
4197 27.647478
4198 235.0
4199 923.0
4200 699.0
4201 219.0
4202 219.0
4203 315.0
4204 923.0
4205 699.0
4206 397.91174
4207 315.0
4208 235.0
4209 923.0
4210 699.0
4211 315.0
4212 219.0
4213 235.0
4214 923.0
4215 699.0
4216 235.0
4217 513.6146
4218 235.0
4219 923.0
4220 699.0
4221 315.0
4222 235.0
4223 219.0
4224 923.0
4225 699.0
4226 235.0
4227 603.0
4228 219.0
4229 923.0
4230 699.0
4231 235.0
4232 235.0
4233 235.0
4234 923.0
4235 699.0
4236 235.0
4237 219.0
4238 235.0
4239 923.0
4240 699.0
4241 219.0
4242 21.85166
4243 9.04925
4244 923.0
4245 699.0
4246 219.0
4247 219.0
4248 219.0
4249 923.0
4250 699.0
4251 219.0
4252 219.0
4253 219.0
4254 923.0
4255 699.0
4256 315.0
4257 219.0
4258 315.0
4259 923.0
4260 699.0
4261 235.0
4262 507.0
4263 219.0
4264 923.0
4265 699.0
4266 219.0
4267 157.46735
4268 219.0
4269 923.0
4270 699.0
4271 235.0
4272 219.0
4273 235.0
4274 923.0
4275 699.0
4276 235.0
4277 219.0
4278 219.0
4279 923.0
4280 699.0
4281 315.0
4282 235.0
4283 219.0
4284 923.0
4285 699.0
4286 507.0
4287 49.72958
4288 235.0
4289 923.0
4290 699.0
4291 219.0
4292 235.0
4293 219.0
4294 923.0
4295 699.0
4296 235.0
4297 219.0
4298 219.0
4299 923.0
4300 699.0
4301 219.0
4302 219.0
4303 76.56274
4304 923.0
4305 699.0
4306 219.0
4307 219.0
4308 219.0
4309 923.0
4310 699.0
4311 235.0
4312 219.0
4313 315.0
4314 923.0
4315 699.0
4316 27.647478
4317 157.61465
4318 316.134
4319 923.0
4320 699.0
4321 235.0
4322 219.0
4323 28.846523
4324 923.0
4325 699.0
4326 235.0
4327 219.0
4328 9.287584
4329 923.0
4330 699.0
4331 219.0
4332 219.0
4333 219.0
4334 923.0
4335 699.0
4336 235.0
4337 535.1931
4338 507.0
4339 923.0
4340 699.0
4341 239.46808
4342 535.1931
4343 235.0
4344 923.0
4345 699.0
4346 219.0
4347 219.0
4348 219.0
4349 923.0
4350 699.0
4351 219.0
4352 238.1133
4353 235.0
4354 923.0
4355 699.0
4356 219.0
4357 171.70161
4358 315.0
4359 923.0
4360 699.0
4361 219.0
4362 219.0
4363 219.0
4364 923.0
4365 699.0
4366 235.0
4367 219.0
4368 219.0
4369 923.0
4370 699.0
4371 219.0
4372 219.0
4373 219.0
4374 923.0
4375 699.0
4376 235.0
4377 78.06924
4378 235.0
4379 923.0
4380 699.0
4381 235.0
4382 507.0
4383 235.0
4384 923.0
4385 699.0
4386 235.0
4387 235.0
4388 235.0
4389 923.0
4390 699.0
4391 219.0
4392 219.0
4393 219.0
4394 923.0
4395 699.0
4396 235.0
4397 219.0
4398 235.0
4399 923.0
4400 699.0
4401 219.0
4402 219.0
4403 219.0
4404 923.0
4405 699.0
4406 235.0
4407 414.89386
4408 235.0
4409 923.0
4410 699.0
4411 219.0
4412 40.427204
4413 235.0
4414 923.0
4415 699.0
4416 219.0
4417 235.0
4418 315.0
4419 923.0
4420 699.0
4421 235.0
4422 219.0
4423 235.0
4424 923.0
4425 699.0
4426 235.0
4427 219.0
4428 235.0
4429 923.0
4430 699.0
4431 219.0
4432 219.0
4433 219.0
4434 923.0
4435 699.0
4436 235.0
4437 219.0
4438 219.0
4439 923.0
4440 699.0
4441 219.0
4442 219.0
4443 219.0
4444 923.0
4445 699.0
4446 219.0
4447 219.0
4448 235.0
4449 923.0
4450 699.0
4451 219.0
4452 507.0
4453 235.0
4454 923.0
4455 699.0
4456 235.0
4457 603.0
4458 235.0
4459 923.0
4460 699.0
4461 235.0
4462 219.0
4463 507.0
4464 923.0
4465 699.0
4466 219.0
4467 235.0
4468 219.0
4469 923.0
4470 699.0
4471 235.0
4472 38.61463
4473 219.0
4474 923.0
4475 699.0
4476 510.16537
4477 219.0
4478 235.0
4479 923.0
4480 699.0
4481 235.0
4482 315.0
4483 235.0
4484 923.0
4485 699.0
4486 219.0
4487 529.99664
4488 507.0
4489 923.0
4490 699.0
4491 219.0
4492 235.0
4493 219.0
4494 923.0
4495 699.0
4496 219.0
4497 219.0
4498 235.0
4499 923.0
4500 699.0
4501 219.0
4502 219.0
4503 315.0
4504 923.0
4505 699.0
4506 603.0
4507 219.0
4508 219.0
4509 923.0
4510 699.0
4511 235.0
4512 219.0
4513 235.0
4514 923.0
4515 699.0
4516 219.0
4517 235.0
4518 239.1268
4519 923.0
4520 699.0
4521 315.0
4522 315.0
4523 235.0
4524 923.0
4525 699.0
4526 219.0
4527 219.0
4528 315.0
4529 923.0
4530 699.0
4531 235.0
4532 412.20578
4533 219.0
4534 923.0
4535 699.0
4536 219.0
4537 219.0
4538 235.0
4539 923.0
4540 699.0
4541 219.0
4542 315.0
4543 235.0
4544 923.0
4545 699.0
4546 235.0
4547 22.697624
4548 315.0
4549 923.0
4550 699.0
4551 235.0
4552 27.647478
4553 235.0
4554 923.0
4555 699.0
4556 235.0
4557 42.90211
4558 235.0
4559 923.0
4560 699.0
4561 219.0
4562 219.0
4563 315.0
4564 923.0
4565 699.0
4566 235.0
4567 235.0
4568 235.0
4569 923.0
4570 699.0
4571 235.0
4572 219.0
4573 235.0
4574 923.0
4575 699.0
4576 219.0
4577 219.0
4578 235.0
4579 923.0
4580 699.0
4581 219.0
4582 219.0
4583 0.0
4584 923.0
4585 699.0
4586 235.0
4587 315.0
4588 219.0
4589 923.0
4590 699.0
4591 0.0
4592 32.0
4593 235.0
4594 923.0
4595 699.0
4596 219.0
4597 27.647478
4598 219.0
4599 923.0
4600 699.0
4601 219.0
4602 141.983
4603 235.0
4604 923.0
4605 699.0
4606 219.0
4607 235.0
4608 219.0
4609 923.0
4610 699.0
4611 219.0
4612 315.0
4613 219.0
4614 923.0
4615 699.0
4616 219.0
4617 235.0
4618 219.0
4619 923.0
4620 699.0
4621 315.0
4622 240.19247
4623 315.0
4624 923.0
4625 699.0
4626 235.0
4627 235.0
4628 235.0
4629 923.0
4630 699.0
4631 219.0
4632 219.0
4633 235.0
4634 923.0
4635 699.0
4636 315.0
4637 219.0
4638 219.0
4639 923.0
4640 699.0
4641 235.0
4642 235.0
4643 219.0
4644 923.0
4645 699.0
4646 667.0
4647 235.0
4648 219.0
4649 923.0
4650 699.0
4651 315.0
4652 219.0
4653 219.0
4654 923.0
4655 699.0
4656 235.0
4657 219.0
4658 235.0
4659 923.0
4660 699.0
4661 235.0
4662 235.0
4663 219.0
4664 923.0
4665 699.0
4666 436.03644
4667 315.0
4668 219.0
4669 923.0
4670 699.0
4671 235.0
4672 219.0
4673 235.0
4674 923.0
4675 699.0
4676 235.0
4677 219.0
4678 235.0
4679 923.0
4680 699.0
4681 235.0
4682 235.0
4683 219.0
4684 923.0
4685 699.0
4686 219.0
4687 219.0
4688 235.0
4689 923.0
4690 699.0
4691 219.0
4692 235.0
4693 235.0
4694 923.0
4695 699.0
4696 219.0
4697 219.0
4698 219.0
4699 923.0
4700 699.0
4701 235.0
4702 27.047478
4703 315.0
4704 923.0
4705 699.0
4706 235.0
4707 219.0
4708 315.0
4709 923.0
4710 699.0
4711 235.0
4712 315.0
4713 219.0
4714 923.0
4715 699.0
4716 219.0
4717 219.0
4718 219.0
4719 923.0
4720 699.0
4721 235.0
4722 235.0
4723 235.0
4724 923.0
4725 699.0
4726 315.0
4727 53.578407
4728 342.66928
4729 923.0
4730 699.0
4731 315.0
4732 139.95242
4733 241.61462
4734 923.0
4735 699.0
4736 219.0
4737 260.98947
4738 219.0
4739 923.0
4740 699.0
4741 315.0
4742 235.0
4743 50.47853
4744 923.0
4745 699.0
4746 235.0
4747 219.0
4748 219.0
4749 923.0
4750 699.0
4751 315.0
4752 524.3101
4753 219.0
4754 923.0
4755 699.0
4756 315.0
4757 219.0
