1 0.0
2 131.79437
3 258.06973
4 1.2
5 0.0
6 81.58335
7 96.64356
8 29.066614
9 259.11884
10 0.0
11 299.0
12 68.56073
13 102.91495
14 5.8811455
15 35.50936
16 4.81739
17 0.0
18 0.0
19 26.616835
20 214.9507
21 100.246895
22 1.6057432
23 0.0
24 0.0
25 0.0
26 104.22437
27 94.68335
28 0.0
29 76.12116
30 127.707245
31 30.554594
32 0.0
33 225.32376
34 25.475508
35 3.4833422
36 17.95558
37 277.134
38 24.748009
39 58.260227
40 60.023975
41 8.471825
42 0.0
43 93.24908
44 203.0
45 58.1721
46 97.27135
47 299.0
48 170.99669
49 110.28306
50 196.86818
51 393.2285
52 259.31967
53 248.25969
54 0.0
55 163.03091
56 205.14728
57 18.583778
58 190.6929
59 17.950169
60 130.39432
61 191.2579
62 456.61948
63 155.0
64 155.0
65 219.0
66 219.0
67 66.105995
68 187.89566
69 155.0
70 276.0
71 363.6
72 202.09161
73 12.169902
74 59.667515
75 133.41222
76 0.0
77 38.627132
78 92.82125
79 197.71472
80 219.0
81 0.0
82 155.6
83 317.3326
84 29.844212
85 155.6
86 219.0
87 177.60828
88 363.0
89 302.33704
90 85.02615
91 187.0
92 95.090836
93 407.1271
94 47.64773
95 0.0
96 314.2497
97 138.94264
98 26.291618
99 242.81955
100 177.75395
101 155.0
102 80.90968
103 50.308483
104 67.25477
105 122.15021
106 66.75022
107 195.11876
108 12.228645
109 104.54649
110 219.0
111 155.0
112 269.42532
113 484.30713
114 6.6865206
115 180.0
116 347.0
117 0.0
118 110.35594
119 97.269615
120 34.629993
121 374.81808
122 395.9894
123 267.0
124 388.68613
125 180.64314
126 425.95337
127 238.7137
128 327.57742
129 304.40018
130 267.6
131 454.72937
132 0.0
133 110.704124
134 87.642044
135 225.69275
136 376.91132
137 0.0
138 212.0
139 135.50949
140 23.52749
141 0.0
142 62.981373
143 137.15736
144 144.03716
145 62.420795
146 241.38756
147 8.633508
148 24.950237
149 148.6321
150 114.96229
151 367.85092
152 343.602
153 375.77036
154 381.93134
155 395.4657
156 200.6311
157 167.51636
158 338.9135
159 190.08286
160 1.1340001
161 326.64978
162 374.12775
163 18.830845
164 69.32467
165 221.65779
166 318.6555
167 263.36584
168 385.39453
169 195.68607
170 180.2342
171 148.01198
172 179.28378
173 267.0
174 3.6660001
175 159.55397
176 181.19307
177 216.11536
178 187.71227
179 28.918169
180 373.70956
181 251.0
182 181.57904
183 231.06186
184 170.20789
185 132.07867
186 240.84384
187 240.6239
188 242.767
189 251.0
190 249.71484
191 40.28263
192 234.06938
193 143.88861
194 162.12016
195 165.58777
196 61.438362
197 77.8155
198 158.38559
199 123.60449
200 111.41862
201 231.64723
202 38.01141
203 236.55711
204 437.7409
205 175.84413
206 236.84062
207 45.220993
208 225.85318
209 214.14017
210 87.16845
211 51.777756
212 141.15776
213 247.66545
214 241.72906
215 57.42724
216 226.84015
217 251.0
218 469.99478
219 191.74634
220 112.25136
221 200.8022
222 251.0
223 106.66856
224 171.0633
225 183.88574
226 235.769
227 248.05719
228 160.05156
229 91.508125
230 125.54448
231 85.6094
232 128.14108
233 407.50873
234 236.57465
235 102.61112
236 126.33659
237 29.481188
238 67.47806
239 154.21246
240 115.77842
241 203.0
242 433.57535
243 284.96255
244 187.8777
245 169.59615
246 315.0
247 410.6582
248 304.82928
249 203.0
250 253.32278
251 274.60904
252 85.29655
253 12.837332
254 203.0
255 427.0
256 2.7432601
257 200.96176
258 266.72583
259 203.0
260 1.6770167
261 103.70397
262 203.2495
263 0.0
264 203.0
265 316.134
266 191.16414
267 203.0
268 28.461952
269 127.12781
270 62.597458
271 38.51137
272 427.92444
273 203.0
274 235.39127
275 238.0428
276 187.43147
277 161.68382
278 297.40405
279 326.3459
280 203.0
281 203.0
282 157.02254
283 161.85765
284 0.0
285 427.0
286 143.06367
287 103.13286
288 203.0
289 204.134
290 0.0
291 0.0
292 203.0
293 120.830696
294 203.0
295 203.0
296 21.744394
297 203.0
298 89.459564
299 163.03618
300 203.0
301 176.67375
302 171.0
303 94.99612
304 171.6
305 132.32465
306 217.40527
307 354.47925
308 80.954216
309 209.87416
310 191.23132
311 177.05838
312 171.22952
313 199.19304
314 337.1266
315 171.45207
316 235.6
317 95.55965
318 417.16095
319 235.0
320 116.94281
321 78.71101
322 116.30787
323 344.5849
324 133.41267
325 351.6794
326 79.30791
327 2.2680001
328 363.72107
329 122.79973
330 188.75696
331 107.88462
332 169.45996
333 290.34418
334 171.0
335 0.0
336 0.0
337 363.0
338 135.44363
339 171.0
340 236.134
341 235.0
342 171.0
343 171.0
344 394.55423
345 16.756794
346 67.40588
347 171.0
348 171.0
349 171.0
350 236.134
351 235.0
352 349.1058
353 104.921104
354 363.0
355 236.134
356 309.19754
357 171.0
358 236.134
359 363.0
360 123.235794
361 236.75696
362 219.0
363 220.134
364 162.61447
365 219.0
366 219.0
367 219.0
368 177.3764
