1 22.752705
2 41.61985
3 61.630676
4 204.134
5 0.0
6 75.56012
7 16.960075
8 1.2
9 189.46304
10 41.111183
11 3.2772603
12 71.64211
13 253.379
14 209.58842
15 124.85788
16 0.0
17 256.43518
18 444.74756
19 0.0
20 125.851616
21 63.929607
22 0.0
23 12.694967
24 5.507029
25 5.413873
26 0.0
27 21.523544
28 0.0
29 0.0
30 36.239708
31 21.106539
32 0.0
33 0.0
34 26.113224
35 1.3071634
36 58.422962
37 2.868
38 0.0
39 113.77184
40 0.0
41 81.96211
42 0.0
43 203.0
44 90.3696
45 2.6185203
46 5.67726
47 89.78463
48 19.490995
49 0.0
50 85.93647
51 203.0
52 0.0
53 3.3432603
54 0.0
55 9.262361
56 36.669853
57 89.4034
58 159.4263
59 18.15208
60 134.59593
61 155.6
62 363.0
63 155.0
64 36.07266
65 111.723274
66 4.1501675
67 25.252592
68 306.51163
69 363.0
70 142.09024
71 0.0
72 9.377529
73 219.0
74 52.391453
75 0.0
76 36.807747
77 162.56113
78 0.0
79 145.27585
80 0.0
81 82.28993
82 0.0
83 331.0
84 153.8
85 120.69299
86 19.253204
87 0.0
88 212.0
89 127.386505
90 0.0
91 155.6
92 25.506111
93 153.8
94 151.26411
95 77.66364
96 152.99667
97 329.6224
98 158.70663
99 97.138596
100 439.64032
101 198.16873
102 78.9219
103 217.71802
104 0.0
105 0.0
106 0.0
107 155.0
108 0.0
109 23.075375
110 219.0
111 155.0
112 219.0
113 0.0
114 33.643875
115 447.62772
116 0.0
117 63.798485
118 24.424953
119 219.0
120 155.0
121 267.0
122 372.28076
123 50.067455
124 402.4532
125 267.0
126 267.534
127 253.99814
128 363.11066
129 310.42444
130 152.99782
131 0.0
132 0.0
133 63.16067
134 49.366028
135 101.57278
136 37.898373
137 56.99312
138 0.0
139 0.0
140 161.74588
141 267.6
142 100.72495
143 166.43486
144 166.30183
145 0.0
146 267.6
147 32.303635
148 105.396805
149 231.0017
150 267.0
151 0.0
152 225.44443
153 22.001497
154 0.9459629
155 299.66797
156 317.62094
157 251.20291
158 427.60837
159 413.99585
160 270.21854
161 267.0
162 176.38483
163 0.0
164 0.0
165 30.577085
166 212.0
167 87.86913
168 192.06148
169 377.06302
170 267.0
171 33.269447
172 128.55865
173 0.0
174 368.0069
175 50.654633
176 332.4605
177 0.0
178 0.0
179 267.0
180 0.0
181 251.0
182 0.0
183 239.23853
184 40.078247
185 0.0
186 225.56566
187 220.03584
188 0.0
189 241.04433
190 251.0
191 0.0
192 148.5204
193 177.98401
194 101.33457
195 47.88797
196 103.493126
197 204.85374
198 37.621223
199 175.00655
200 42.22697
201 49.7323
202 0.0
203 100.87418
204 31.986769
205 0.0
206 331.42993
207 225.8744
208 248.96452
209 240.18993
210 235.2487
211 22.599586
212 190.85507
213 38.89465
214 237.18777
215 146.71405
216 54.51997
217 248.64229
218 131.41367
219 180.15005
220 251.0
221 37.78086
222 52.61966
223 32.534073
224 155.74704
225 26.591835
226 0.0
227 234.44046
228 139.08653
229 475.41037
230 420.44083
231 249.28708
232 52.13849
233 158.0711
234 233.60356
235 126.473854
236 0.0
237 131.60019
238 66.700966
239 8.806628
240 127.167885
241 167.07715
242 203.0
243 343.47867
244 0.6
245 168.89317
246 115.841705
247 291.83713
248 164.77585
249 203.0
250 113.15599
251 203.0
252 203.0
253 168.64267
254 95.67586
255 64.02507
256 178.0078
257 85.66329
258 125.10887
259 127.4883
260 0.0
261 129.6909
262 315.0
263 31.72242
264 143.11719
265 203.0
266 31.180845
267 282.39853
268 226.94788
269 235.0
270 413.9788
271 203.0
272 174.89359
273 423.36404
274 204.134
275 97.19392
276 147.38092
277 0.0
278 70.700226
279 253.46814
280 203.0
281 468.62656
282 204.134
283 204.134
284 136.48
285 280.4124
286 302.12134
287 204.134
288 204.134
289 204.134
290 204.134
291 150.2276
292 657.6865
293 405.05103
294 235.6
295 66.564224
296 0.0
297 203.0
298 276.45343
299 191.82831
300 151.90593
301 657.6865
302 171.0
303 235.0
304 171.0
305 72.47772
