1 68.99665
2 68.99665
3 68.99665
4 68.99665
5 68.99665
6 56.3779
7 56.3779
8 56.3779
9 56.3779
10 56.3779
11 0.0
12 0.0
13 0.0
14 0.0
15 0.0
16 60.560955
17 60.560955
18 60.560955
19 60.560955
20 60.560955
21 0.0
22 0.0
23 0.0
24 0.0
25 0.0
26 9.018849
27 9.018849
28 9.018849
29 9.018849
30 9.018849
31 135.76065
32 135.76065
33 135.76065
34 135.76065
35 135.76065
36 116.95206
37 116.95206
38 116.95206
39 116.95206
40 116.95206
41 12.594421
42 12.594421
43 12.594421
44 12.594421
45 12.594421
46 0.0
47 0.0
48 0.0
49 0.0
50 0.0
51 43.57312
52 43.57312
53 43.57312
54 43.57312
55 43.57312
56 175.06122
57 175.06122
58 175.06122
59 175.06122
60 175.06122
61 0.0
62 0.0
63 0.0
64 0.0
65 0.0
66 102.30182
67 102.30182
68 102.30182
69 102.30182
70 102.30182
71 0.0
72 0.0
73 0.0
74 0.0
75 0.0
76 3.8772602
77 3.8772602
78 3.8772602
79 3.8772602
80 3.8772602
81 88.54462
82 88.54462
83 88.54462
84 88.54462
85 88.54462
86 27.680775
87 27.680775
88 27.680775
89 27.680775
90 27.680775
91 29.34756
92 29.34756
93 29.34756
94 29.34756
95 29.34756
96 203.0
97 203.0
98 203.0
99 203.0
100 203.0
101 109.780945
102 109.780945
103 109.780945
104 109.780945
105 109.780945
106 5.817484
107 5.817484
108 5.817484
109 5.817484
110 5.817484
111 39.333588
112 39.333588
113 39.333588
114 39.333588
115 39.333588
116 128.58147
117 36.377274
118 128.58147
119 36.377274
120 128.58147
121 28.589912
122 28.589912
123 28.589912
124 28.589912
125 28.589912
126 0.0
127 0.0
128 0.0
129 0.0
130 0.0
131 255.5289
132 255.5289
133 255.5289
134 255.5289
135 255.5289
136 141.29767
137 141.29767
138 141.29767
139 141.29767
140 141.29767
141 165.53868
142 165.53868
143 165.53868
144 165.53868
145 165.53868
146 0.0
147 0.0
148 0.0
149 0.0
150 0.0
151 0.0
152 0.0
153 0.0
154 0.0
155 0.0
156 0.0
157 0.0
158 0.0
159 0.0
160 0.0
161 151.28381
162 151.28381
163 151.28381
164 151.28381
165 151.28381
166 0.0
167 0.0
168 0.0
169 0.0
170 0.0
171 0.0
172 0.0
173 0.0
174 0.0
175 0.0
176 147.38408
177 147.38408
178 147.38408
179 147.38408
180 147.38408
181 0.0
182 0.0
183 0.0
184 0.0
185 0.0
186 98.15064
187 98.15064
188 98.15064
189 98.15064
190 98.15064
191 0.0
192 0.0
193 0.0
194 0.0
195 0.0
196 7.695657
197 7.695657
198 7.695657
199 7.695657
200 7.695657
201 0.0
202 0.0
203 0.0
204 0.0
205 0.0
206 140.1634
207 140.1634
208 140.1634
209 140.1634
210 140.1634
211 44.38897
212 44.38897
213 44.38897
214 44.38897
215 44.38897
216 91.411995
217 91.411995
218 91.411995
219 91.411995
220 91.411995
221 12.157472
222 12.157472
223 12.157472
224 12.157472
225 12.157472
226 65.997795
227 65.997795
228 65.997795
229 65.997795
230 65.997795
231 46.234234
232 46.234234
233 46.234234
234 46.234234
235 46.234234
236 12.042235
237 12.042235
238 12.042235
239 12.042235
240 12.042235
241 12.744763
242 12.744763
243 12.744763
244 12.744763
245 12.744763
246 248.93806
247 248.93806
248 248.93806
249 248.93806
250 248.93806
251 76.866745
252 76.866745
253 76.866745
254 76.866745
255 76.866745
256 127.53751
257 127.53751
258 127.53751
259 127.53751
260 127.53751
261 53.969433
262 53.969433
263 53.969433
264 53.969433
265 53.969433
266 63.595078
267 63.595078
268 63.595078
269 63.595078
270 63.595078
271 64.63595
272 64.63595
273 64.63595
274 64.63595
275 64.63595
276 0.0
277 0.0
278 0.0
279 0.0
280 0.0
281 20.253231
282 20.253231
283 20.253231
284 20.253231
285 20.253231
286 0.0
287 0.0
288 0.0
289 0.0
290 0.0
291 0.0
292 0.0
293 0.0
294 0.0
295 0.0
296 2.2020001
297 2.2020001
298 2.2020001
299 2.2020001
300 2.2020001
301 155.0
302 155.0
303 155.0
304 155.0
305 155.0
306 219.0
307 219.0
308 219.0
309 219.0
310 219.0
311 1.1340001
312 1.1340001
313 1.1340001
314 1.1340001
315 1.1340001
316 50.680717
317 50.680717
318 50.680717
319 50.680717
320 50.680717
321 0.0
322 0.0
323 0.0
324 0.0
325 0.0
326 436.78943
327 436.78943
328 436.78943
329 436.78943
330 436.78943
331 92.88459
332 92.88459
333 92.88459
334 92.88459
335 92.88459
336 164.0
337 164.0
338 164.0
339 164.0
340 164.0
341 205.38812
342 378.2879
343 205.38812
344 378.2879
345 205.38812
346 94.858864
347 94.858864
348 94.858864
349 94.858864
350 94.858864
351 92.18699
352 92.18699
353 92.18699
354 92.18699
355 92.18699
356 14.116802
357 14.116802
358 14.116802
359 14.116802
360 14.116802
361 33.531662
362 33.531662
363 33.531662
364 33.531662
365 33.531662
366 22.96562
367 22.96562
368 22.96562
369 22.96562
370 22.96562
371 304.29077
372 304.29077
373 304.29077
374 304.29077
375 304.29077
376 8.08263
377 8.08263
378 8.08263
379 8.08263
380 8.08263
381 105.675446
382 105.675446
383 105.675446
384 105.675446
385 105.675446
386 155.0
387 155.0
388 155.0
389 155.0
390 155.0
391 0.0
392 0.0
393 0.0
394 0.0
395 0.0
396 0.0
397 0.0
398 0.0
399 0.0
400 0.0
401 424.24783
402 424.24783
403 424.24783
404 424.24783
405 424.24783
406 185.866
407 185.866
408 185.866
409 185.866
410 185.866
411 29.145443
412 29.145443
413 29.145443
414 29.145443
415 29.145443
416 71.52349
417 71.52349
418 71.52349
419 71.52349
420 71.52349
421 82.536674
422 82.536674
423 82.536674
424 82.536674
425 82.536674
426 155.6
427 155.6
428 155.6
429 155.6
430 155.6
431 209.25267
432 209.25267
433 209.25267
434 209.25267
435 209.25267
436 192.55252
437 192.55252
438 192.55252
439 192.55252
440 192.55252
441 255.5152
442 219.0
443 255.5152
444 219.0
445 255.5152
446 128.90553
447 128.90553
448 128.90553
449 128.90553
450 128.90553
451 185.78944
452 185.78944
453 185.78944
454 185.78944
455 185.78944
456 132.87535
457 132.87535
458 132.87535
459 132.87535
460 132.87535
461 0.0
462 0.0
463 0.0
464 0.0
465 0.0
466 0.0
467 0.0
468 0.0
469 0.0
470 0.0
471 155.0
472 155.0
473 155.0
474 155.0
475 155.0
476 40.28263
477 40.28263
478 40.28263
479 40.28263
480 40.28263
481 44.677067
482 44.677067
483 44.677067
484 44.677067
485 44.677067
486 0.0
487 0.0
488 0.0
489 0.0
490 0.0
491 539.1788
492 415.64874
493 415.64874
494 415.64874
495 415.64874
496 126.46483
497 126.46483
498 126.46483
499 126.46483
500 126.46483
501 155.6
502 155.6
503 155.6
504 155.6
505 155.6
506 281.61166
507 281.61166
508 281.61166
509 281.61166
510 281.61166
511 77.69963
512 77.69963
513 77.69963
514 77.69963
515 77.69963
516 149.5498
517 149.5498
518 149.5498
519 149.5498
520 149.5498
521 155.0
522 155.0
523 155.0
524 155.0
525 155.0
526 81.0042
527 81.0042
528 81.0042
529 81.0042
530 81.0042
531 199.92946
532 199.92946
533 199.92946
534 199.92946
535 199.92946
536 20.919508
537 20.919508
538 20.919508
539 20.919508
540 20.919508
541 42.912846
542 42.912846
543 42.912846
544 42.912846
545 42.912846
546 78.37898
547 78.37898
548 78.37898
549 78.37898
550 78.37898
551 155.0
552 152.85672
553 152.85672
554 152.85672
555 152.85672
556 219.6
557 219.6
558 219.6
559 219.6
560 219.6
561 127.48706
562 127.48706
563 127.48706
564 127.48706
565 127.48706
566 193.08669
567 193.08669
568 193.08669
569 193.08669
570 193.08669
571 105.20931
572 105.20931
573 105.20931
574 105.20931
575 105.20931
576 219.0
577 219.0
578 219.0
579 219.0
580 219.0
581 0.0
582 0.0
583 0.0
584 0.0
585 0.0
586 13.798828
587 13.798828
588 13.798828
589 13.798828
590 13.798828
591 196.43265
592 196.43265
593 196.43265
594 196.43265
595 196.43265
596 0.0
597 0.0
598 0.0
599 0.0
600 0.0
601 365.629
602 365.629
603 365.629
604 365.629
605 365.629
606 267.0
607 267.0
608 267.0
609 267.0
610 267.0
611 368.43494
612 368.43494
613 368.43494
614 368.43494
615 368.43494
616 72.56946
617 72.56946
618 72.56946
619 72.56946
620 72.56946
621 237.60576
622 237.60576
623 237.60576
624 237.60576
625 237.60576
626 377.45844
627 377.45844
628 377.45844
629 377.45844
630 377.45844
631 383.83075
632 267.0
633 383.83075
634 267.0
635 383.83075
636 267.0
637 267.0
638 267.0
639 267.0
640 267.0
641 130.84955
642 130.84955
643 130.84955
644 130.84955
645 130.84955
646 339.30182
647 339.30182
648 339.30182
649 339.30182
650 339.30182
651 0.0
652 0.0
653 0.0
654 0.0
655 0.0
656 384.6708
657 384.6708
658 384.6708
659 384.6708
660 384.6708
661 69.87995
662 69.87995
663 69.87995
664 69.87995
665 69.87995
666 370.49133
667 370.49133
668 370.49133
669 370.49133
670 370.49133
671 0.0
672 0.0
673 0.0
674 0.0
675 0.0
676 23.117365
677 23.117365
678 23.117365
679 23.117365
680 23.117365
681 173.788
682 173.788
683 173.788
684 173.788
685 173.788
686 0.0
687 0.0
688 0.0
689 0.0
690 0.0
691 62.80997
692 62.80997
693 62.80997
694 62.80997
695 62.80997
696 250.0879
697 250.0879
698 250.0879
699 250.0879
700 250.0879
701 45.625423
702 45.625423
703 45.625423
704 45.625423
705 45.625423
706 267.0
707 267.0
708 267.0
709 267.0
710 267.0
711 422.63623
712 422.63623
713 422.63623
714 422.63623
715 422.63623
716 367.02673
717 367.02673
718 367.02673
719 367.02673
720 367.02673
721 267.0
722 267.0
723 267.0
724 267.0
725 267.0
726 0.0
727 0.0
728 0.0
729 0.0
730 0.0
731 80.68663
732 80.68663
733 80.68663
734 80.68663
735 80.68663
736 267.0
737 267.0
738 267.0
739 267.0
740 267.0
741 299.43463
742 299.43463
743 299.43463
744 299.43463
745 299.43463
746 0.0
747 0.0
748 0.0
749 0.0
750 0.0
751 9.592892
752 9.592892
753 9.592892
754 9.592892
755 9.592892
756 20.99531
757 20.99531
758 20.99531
759 20.99531
760 20.99531
761 0.0
762 0.0
763 0.0
764 0.0
765 0.0
766 164.17848
767 164.17848
768 164.17848
769 164.17848
770 164.17848
771 13.683102
772 13.683102
773 13.683102
774 13.683102
775 13.683102
776 387.5347
777 387.5347
778 387.5347
779 387.5347
780 387.5347
781 143.24142
782 143.24142
783 143.24142
784 143.24142
785 143.24142
786 121.743065
787 121.743065
788 121.743065
789 121.743065
790 121.743065
791 330.22003
792 330.22003
793 330.22003
794 330.22003
795 330.22003
796 49.70342
797 49.70342
798 49.70342
799 49.70342
800 49.70342
801 3.8409357
802 3.8409357
803 3.8409357
804 3.8409357
805 3.8409357
806 74.0677
807 55.611794
808 74.0677
809 55.611794
810 74.0677
811 32.534
812 32.534
813 32.534
814 32.534
815 32.534
816 276.98746
817 276.98746
