1 158.70663
2 219.0
3 65.859566
4 0.0
5 42.514637
6 30.8
7 32.789776
8 39.68592
9 26.519367
10 80.19256
11 28.193039
12 32.95052
13 3.3826041
14 49.408447
15 43.10366
16 0.0
17 30.866
18 0.0
19 60.320324
20 0.0
21 0.0
22 39.089886
23 38.14526
24 18.652435
25 30.636652
26 98.41271
27 31.934002
28 193.9183
29 17.285864
30 0.0
31 34.930485
32 37.677254
33 20.173744
34 34.19209
35 15.922578
36 5.453336
37 0.0
38 18.811049
39 120.52932
40 53.668453
41 15.3127985
42 33.733997
43 168.47406
44 32.749195
45 100.7756
46 89.14336
47 0.0
48 219.0
49 63.907124
50 36.59611
51 43.968376
52 61.375328
53 0.0
54 0.0
55 32.6
56 27.620573
57 39.74863
58 19.098976
59 30.866
60 39.691555
61 66.969604
62 37.864475
63 213.07301
64 33.186275
65 0.0
66 65.05036
67 32.0
68 95.46338
69 165.37283
70 68.330414
71 0.0
72 174.42604
73 0.0
74 32.057983
75 235.0
76 55.2651
77 54.40355
78 200.88159
79 0.0
80 38.61463
81 27.935516
82 30.172312
83 31.164242
84 76.701164
85 0.0
86 38.850822
87 0.0
88 3.4118862
89 21.372128
90 36.30024
91 0.0
92 47.266212
93 0.0
94 24.251366
95 42.834373
96 44.60879
97 36.883686
98 61.19478
99 14.473831
100 0.0
101 235.0
102 219.0
103 219.0
104 213.07301
105 200.88159
106 193.9183
107 174.42604
108 168.47406
109 165.37283
110 158.70663
111 120.52932
112 100.7756
113 98.41271
114 95.46338
115 89.14336
116 80.19256
117 76.701164
118 68.330414
119 66.969604
120 65.859566
121 65.05036
122 63.907124
123 61.375328
124 61.19478
125 60.320324
126 55.2651
127 54.40355
128 53.668453
129 49.408447
130 47.266212
131 44.60879
132 43.968376
133 43.10366
134 42.834373
135 42.514637
136 39.74863
137 39.691555
138 39.68592
139 39.089886
140 38.850822
141 38.61463
142 38.14526
143 37.864475
144 37.677254
145 36.883686
146 36.59611
147 36.30024
148 34.930485
149 34.19209
150 33.733997
151 154.14186
152 16.57692
153 49.540398
154 55.37633
155 67.400986
156 95.70587
157 24.477745
158 99.42809
159 14.640472
160 106.3342
161 115.15036
162 53.31886
163 43.325542
164 19.015268
165 18.610912
166 93.07776
167 0.0
168 23.863522
169 44.178318
170 54.520412
171 78.38784
172 15.5808525
173 50.109722
174 32.0
175 28.703266
176 54.78984
177 18.631277
178 219.0
179 33.2
180 129.95982
181 11.41447
182 61.47926
183 19.862852
184 37.48063
185 45.168377
186 35.402
187 70.18305
188 0.0
189 122.06432
190 31.94772
191 32.48172
192 42.650623
193 1.1340001
194 30.866
195 66.53317
196 2.3265347
197 43.003143
198 19.93517
199 84.14663
200 38.050194
201 235.0
202 219.0
203 219.0
204 219.0
205 213.07301
206 200.88159
207 193.9183
208 174.42604
209 168.47406
210 165.37283
211 158.70663
212 154.14186
213 129.95982
214 122.06432
215 120.52932
216 115.15036
217 106.3342
218 100.7756
219 99.42809
220 98.41271
221 95.70587
222 95.46338
223 93.07776
224 89.14336
225 84.14663
226 80.19256
227 78.38784
228 76.701164
229 70.18305
230 68.330414
231 67.400986
232 66.969604
233 66.53317
234 65.859566
235 65.05036
236 63.907124
237 61.47926
238 61.375328
239 61.19478
240 60.320324
241 55.37633
242 55.2651
243 54.78984
244 54.520412
245 54.40355
246 53.668453
247 53.31886
248 50.109722
249 49.540398
250 49.408447
251 68.241974
252 0.0
253 0.0
254 0.0
255 26.601717
256 36.34663
257 177.26077
258 235.0
259 0.0
260 219.0
261 48.64346
262 236.134
263 4.736311
264 142.99326
265 0.0
266 76.74994
267 52.59066
268 9.249054
269 38.032356
270 43.84075
271 45.464695
272 12.210431
273 74.82545
274 111.34147
275 97.187096
276 0.0
277 58.79728
278 40.59135
279 60.664364
280 27.11937
281 159.86957
282 0.0
283 0.0
284 235.0
285 62.837227
286 66.49563
287 45.382465
288 96.1463
289 0.0
290 104.56149
291 70.3184
292 61.540337
293 219.0
294 169.40468
295 22.45166
296 0.0
297 125.88999
298 35.401997
299 41.291134
300 43.988956
301 236.134
302 235.0
303 235.0
304 235.0
305 219.0
306 219.0
307 219.0
308 219.0
309 219.0
310 213.07301
311 200.88159
312 193.9183
313 177.26077
314 174.42604
315 169.40468
316 168.47406
317 165.37283
318 159.86957
319 158.70663
320 154.14186
321 142.99326
322 129.95982
323 125.88999
324 122.06432
325 120.52932
326 115.15036
327 111.34147
328 106.3342
329 104.56149
330 100.7756
331 99.42809
332 98.41271
333 97.187096
334 96.1463
335 95.70587
336 95.46338
337 93.07776
338 89.14336
339 84.14663
340 80.19256
341 78.38784
342 76.74994
343 76.701164
344 74.82545
345 70.3184
346 70.18305
347 68.330414
348 68.241974
349 67.400986
350 66.969604
351 61.55806
352 43.87992
353 201.2754
354 57.157497
355 96.427864
356 9.837331
357 92.39971
358 82.35651
359 37.297794
360 0.0
361 57.619637
362 0.0
363 134.02663
364 92.335724
365 61.054337
366 123.49906
367 22.299623
368 56.9934
369 159.899
370 79.85869
371 20.02987
372 101.994415
373 145.28712
374 141.8841
375 0.0
376 44.155464
377 151.08957
378 0.0
379 130.40771
380 12.506537
381 39.74863
382 30.865997
383 0.0
384 87.948586
385 109.796646
386 0.0
387 21.044535
388 98.5046
389 25.414562
390 154.2059
391 22.525045
392 0.0
393 138.9466
394 119.34761
395 111.56959
396 18.771492
397 49.43319
398 38.850822
399 0.0
400 146.08286
401 236.134
402 235.0
403 235.0
404 235.0
405 219.0
406 219.0
407 219.0
408 219.0
409 219.0
410 213.07301
411 201.2754
412 200.88159
413 193.9183
414 177.26077
415 174.42604
416 169.40468
417 168.47406
418 165.37283
419 159.899
420 159.86957
421 158.70663
422 154.2059
423 154.14186
424 151.08957
425 146.08286
426 145.28712
427 142.99326
428 141.8841
429 138.9466
430 134.02663
431 130.40771
432 129.95982
433 125.88999
434 123.49906
435 122.06432
436 120.52932
437 119.34761
438 115.15036
439 111.56959
440 111.34147
441 109.796646
442 106.3342
443 104.56149
444 101.994415
445 100.7756
446 99.42809
447 98.5046
448 98.41271
449 97.187096
450 96.427864
451 45.19973
452 187.61319
453 164.50432
454 7.752675
455 219.0
456 173.28006
457 10.188858
458 143.63483
459 65.26175
460 128.47551
461 43.99436
462 194.61609
463 50.3659
464 102.93991
465 219.0
466 0.0
467 0.0
468 111.59242
469 0.0
470 138.29874
471 343.19302
472 123.11364
473 19.735237
474 88.037704
475 26.847567
476 85.77581
477 0.0
478 19.995926
479 144.92058
480 185.46327
481 84.54488
482 89.71986
483 93.81274
484 15.481476
485 219.0
486 78.96774
487 65.86459
488 0.0
489 80.39091
490 95.79233
491 21.118237
492 33.60337
493 14.603447
494 43.346046
495 81.069954
496 165.90327
497 25.304153
498 156.35948
499 120.36552
500 13.050969
501 343.19302
502 236.134
503 235.0
504 235.0
505 235.0
506 219.0
507 219.0
508 219.0
509 219.0
510 219.0
511 219.0
512 219.0
513 219.0
514 213.07301
515 201.2754
516 200.88159
517 194.61609
518 193.9183
519 187.61319
520 185.46327
521 177.26077
522 174.42604
523 173.28006
524 169.40468
525 168.47406
526 165.90327
527 165.37283
528 164.50432
529 159.899
530 159.86957
531 158.70663
532 156.35948
533 154.2059
534 154.14186
535 151.08957
536 146.08286
537 145.28712
538 144.92058
539 143.63483
540 142.99326
541 141.8841
542 138.9466
543 138.29874
544 134.02663
545 130.40771
546 129.95982
547 128.47551
548 125.88999
549 123.49906
550 123.11364
551 46.473522
552 29.718275
553 30.090199
554 170.71468
555 73.61137
556 72.49603
557 45.157444
558 31.4
559 19.758572
560 23.65137
561 0.9718516
562 37.607265
563 99.237144
564 21.507671
565 34.912502
566 219.0
567 110.06707
568 0.0
569 36.27422
570 34.267998
571 75.19791
572 191.71828
573 152.72725
574 185.93286
575 235.0
576 21.695133
577 25.274681
578 35.600002
579 147.76831
580 25.385368
581 212.80931
582 67.41556
583 188.02681
584 92.116234
585 219.0
586 0.0
587 13.658046
588 113.139404
589 153.48483
590 105.239845
591 7.17718
592 99.89179
593 101.673195
594 0.0
595 0.0
596 0.0
597 103.49554
598 47.73345
599 65.00818
600 168.15065
601 343.19302
602 236.134
603 235.0
604 235.0
605 235.0
606 235.0
607 219.0
608 219.0
609 219.0
610 219.0
611 219.0
612 219.0
613 219.0
614 219.0
615 219.0
616 219.0
617 213.07301
618 212.80931
619 201.2754
620 200.88159
621 194.61609
622 193.9183
623 191.71828
624 188.02681
625 187.61319
626 185.93286
627 185.46327
628 177.26077
629 174.42604
630 173.28006
631 170.71468
632 169.40468
633 168.47406
634 168.15065
635 165.90327
636 165.37283
637 164.50432
638 159.899
639 159.86957
640 158.70663
641 156.35948
642 154.2059
643 154.14186
644 153.48483
645 152.72725
646 151.08957
647 147.76831
648 146.08286
649 145.28712
650 144.92058
651 70.01309
652 48.683743
653 121.50556
654 54.766495
655 106.0978
656 235.0
657 219.0
658 0.0
659 35.0041
660 174.03566
661 185.7036
662 20.095066
663 93.17752
664 26.972782
665 178.57416
666 0.0
667 43.818356
668 219.0
669 128.07433
670 219.0
671 112.95002
672 70.03248
673 65.927826
674 219.0
675 201.98785
676 198.74619
677 111.3571
678 42.01312
679 159.29596
680 88.49141
681 147.46292
682 0.0
683 26.58537
684 164.1338
685 162.3199
686 235.0
687 186.36496
688 49.28549
689 0.0
690 219.0
691 66.874084
692 197.99232
693 60.453533
694 84.8847
695 144.1007
696 219.0
697 42.679115
698 34.867996
699 72.58305
700 163.89815
701 343.19302
702 236.134
703 235.0
704 235.0
705 235.0
706 235.0
707 235.0
708 235.0
709 219.0
710 219.0
711 219.0
712 219.0
713 219.0
714 219.0
715 219.0
716 219.0
717 219.0
718 219.0
719 219.0
720 219.0
721 219.0
722 219.0
723 219.0
724 219.0
725 213.07301
726 212.80931
727 201.98785
728 201.2754
729 200.88159
730 198.74619
731 197.99232
732 194.61609
733 193.9183
734 191.71828
735 188.02681
736 187.61319
737 186.36496
738 185.93286
739 185.7036
740 185.46327
741 178.57416
742 177.26077
743 174.42604
744 174.03566
745 173.28006
746 170.71468
747 169.40468
748 168.47406
749 168.15065
750 165.90327
751 213.11636
752 219.0
753 219.0
754 25.205074
755 186.1239
756 162.59933
757 9.0112705
758 196.87355
759 87.98299
760 27.949238
761 131.54448
762 50.493523
763 29.665998
764 206.60796
765 17.156033
766 220.134
767 199.53159
768 106.68564
769 30.207258
770 38.28563
771 67.025986
772 81.44102
773 235.0
774 66.91362
775 123.809364
776 58.114784
777 68.44009
778 158.477
779 178.32024
780 3.620831
781 8.937593
782 152.39694
783 0.0
784 191.57881
785 139.2884
786 219.0
787 156.98874
788 233.30379
789 31.934
790 89.312675
791 0.6887949
792 126.901474
793 124.663185
794 124.527275
795 161.09142
796 202.2468
797 43.850735
798 10.869617
799 115.8949
800 85.71071
801 343.19302
802 236.134
803 235.0
804 235.0
805 235.0
806 235.0
807 235.0
808 235.0
809 235.0
810 233.30379
811 220.134
812 219.0
813 219.0
814 219.0
815 219.0
816 219.0
817 219.0
818 219.0
819 219.0
820 219.0
821 219.0
822 219.0
823 219.0
824 219.0
825 219.0
826 219.0
827 219.0
828 219.0
829 219.0
830 219.0
831 213.11636
832 213.07301
833 212.80931
834 206.60796
