1 24.202633
2 40.050823
3 0.0
4 180.63464
5 35.877254
6 0.0
7 60.15133
8 41.357887
9 186.01518
10 0.0
11 141.65027
12 54.884377
13 143.25859
14 60.496742
15 0.0
16 0.0
17 118.38301
18 36.35252
19 8.085296
20 24.786125
21 21.486664
22 0.0
23 20.708237
24 40.6182
25 28.724129
26 40.882633
27 219.81407
28 0.0
29 38.61463
30 140.75208
31 2.7934842
32 0.0
33 78.23594
34 55.032566
35 82.62574
36 113.7865
37 76.66281
38 20.01105
39 31.334
40 0.0
41 101.69067
42 28.597998
43 19.956661
44 220.134
45 0.0
46 0.0
47 71.823814
48 43.988686
49 20.351536
50 0.0
51 23.256163
52 125.95011
53 0.0
54 137.74199
55 39.747875
56 54.353653
57 32.007515
58 0.0
59 37.369465
60 28.128624
61 0.0
62 0.0
63 104.881805
64 38.853664
65 20.10536
66 0.0
67 29.256737
68 0.0
69 40.363228
70 25.912521
71 70.89048
72 4.1130533
73 68.73843
74 42.847866
75 119.05101
76 100.72826
77 22.124958
78 20.139072
79 0.0
80 111.06472
81 36.664482
82 0.0
83 22.373398
84 29.135517
85 32.956463
86 84.067276
87 38.65949
88 8.789417
