1 172.82777
2 60.37917
3 35.39004
4 0.0
5 7.855549
6 98.364624
7 49.30809
8 32.25933
9 60.82515
10 49.286133
11 106.2298
12 20.60664
13 8.0309305
14 9.236035
15 0.0
16 0.0
17 38.087475
18 0.0
19 126.69927
20 19.828232
21 21.507671
22 119.34102
23 0.0
24 71.44123
25 50.054634
26 11.661803
27 72.35977
28 31.933998
29 46.222282
30 0.0
31 129.73804
32 0.0
33 67.09264
34 235.0
35 214.84459
36 16.035894
37 19.826475
38 64.31765
39 117.15673
40 128.45296
41 25.920544
42 0.0
43 168.11253
44 22.34413
45 0.0
46 34.32028
47 11.8161745
48 3.6091495
49 0.0
50 21.695133
