1 132.5316
2 219.0
3 219.0
4 153.19043
5 38.61463
6 32.6
7 0.0
8 219.0
9 219.0
10 25.385368
11 0.0
12 14.270421
13 38.61463
14 32.0
15 30.866
16 158.7355
17 146.84575
18 33.134
19 219.0
20 219.0
21 0.0
22 32.0
23 157.04085
24 38.61463
25 0.0
26 0.0
27 32.0
28 0.0
29 1.1340001
30 219.0
31 93.37531
32 25.385368
33 208.4103
34 38.61463
35 220.134
36 98.60904
37 51.553864
38 25.385368
39 33.134
40 43.988956
41 137.0134
42 235.0
43 0.0
44 170.05605
45 0.0
46 0.0
47 25.385368
48 32.0
49 8.986866
50 0.0
51 0.0
52 0.0
53 220.134
54 6.6146307
55 39.814632
56 119.42499
57 0.0
58 235.0
59 219.0
60 38.61463
61 32.0
62 147.93925
63 104.13014
64 30.866
65 0.0
66 76.554985
67 131.20369
68 82.20672
69 219.0
70 6.6146307
71 6.6146307
72 30.866
73 185.74652
74 7.8647346
75 18.534542
76 0.0
77 49.65321
78 24.251368
79 0.0
80 94.036415
81 105.18542
82 30.866
83 147.76521
84 5.480631
85 39.74863
86 147.62897
87 219.0
88 98.574844
89 0.0
90 0.0
91 125.86057
92 0.0
93 202.34308
94 33.134
95 93.16722
96 25.385368
97 25.385368
98 0.0
99 19.844534
100 94.395355
101 235.0
102 235.0
103 220.134
104 220.134
105 219.0
106 219.0
107 219.0
108 219.0
109 219.0
110 219.0
111 219.0
112 219.0
113 219.0
114 219.0
115 208.4103
116 202.34308
117 185.74652
118 170.05605
119 158.7355
120 157.04085
121 153.19043
122 147.93925
123 147.76521
124 147.62897
125 146.84575
126 137.0134
127 132.5316
128 131.20369
129 125.86057
130 119.42499
131 105.18542
132 104.13014
133 98.60904
134 98.574844
135 94.395355
136 94.036415
137 93.37531
138 93.16722
139 82.20672
140 76.554985
141 51.553864
142 49.65321
143 43.988956
144 39.814632
145 39.74863
146 38.61463
147 38.61463
148 38.61463
149 38.61463
150 38.61463
151 126.11729
152 235.0
153 99.99408
154 103.940704
155 30.866
156 0.0
157 0.0
158 0.0
159 0.0
160 32.0
161 26.951149
162 197.70682
163 96.92733
164 31.94772
165 0.0
166 190.4839
167 164.44748
168 6.6146307
169 0.0
170 38.61463
171 158.7342
172 0.0
173 131.56662
174 33.2
175 33.2
176 20.01105
177 181.45882
178 219.0
179 153.23666
180 0.0
181 5.9730473
182 98.64055
183 175.2052
184 149.05446
185 21.398134
186 30.8
187 236.134
188 0.0
189 98.682686
190 1.1340001
191 169.28098
192 32.0
193 38.680634
194 218.71169
195 82.29969
196 220.134
197 0.0
198 38.61463
199 0.0
200 30.8
201 236.134
202 235.0
203 235.0
204 235.0
205 220.134
206 220.134
207 220.134
208 219.0
209 219.0
210 219.0
211 219.0
212 219.0
213 219.0
214 219.0
215 219.0
216 219.0
217 219.0
218 219.0
219 218.71169
220 208.4103
221 202.34308
222 197.70682
223 190.4839
224 185.74652
225 181.45882
226 175.2052
227 170.05605
228 169.28098
229 164.44748
230 158.7355
231 158.7342
232 157.04085
233 153.23666
234 153.19043
235 149.05446
236 147.93925
237 147.76521
238 147.62897
239 146.84575
240 137.0134
241 132.5316
242 131.56662
243 131.20369
244 126.11729
245 125.86057
246 119.42499
247 105.18542
248 104.13014
249 103.940704
250 99.99408
251 46.73817
252 25.149174
253 219.0
254 219.0
255 32.0
256 220.134
257 153.23666
258 0.0
259 119.17554
260 38.61463
261 30.866
262 93.84367
263 62.657677
264 73.12274
265 219.0
266 2.7432601
267 315.0
268 0.0
269 207.67964
270 247.60785
271 45.27114
272 25.385368
273 90.25872
274 43.570953
275 93.218925
276 163.8208
277 0.0
278 0.0
279 0.0
280 171.55785
281 169.47897
282 33.134
283 25.414562
284 30.8
285 38.61463
286 220.134
287 54.8424
288 120.48512
289 0.0
290 76.77639
291 37.428352
292 218.44403
293 93.30167
294 14.270421
295 0.0
296 1.2
297 25.385368
298 54.809204
299 33.733997
300 219.0
