1 0.0
2 0.0
3 0.0
4 89.31229
5 128.41815
6 106.544846
7 14.023024
8 32.007023
9 50.755573
10 0.0
11 31.098242
12 92.319374
13 193.5957
14 117.849
15 251.9823
16 0.0
17 0.0
18 92.06489
19 11.427278
20 175.84903
21 162.39458
22 3.2093244
23 0.0
24 8.116826
25 76.2597
26 251.5701
27 0.0
28 36.862923
29 0.53400004
30 1.8852663
31 67.84264
32 1.2
33 0.0
34 104.40888
35 52.886112
36 0.0
37 196.56831
38 146.7579
39 0.0
40 18.353006
41 299.6
42 167.78026
43 0.0
44 28.267834
45 232.32704
46 32.84017
47 96.885345
48 0.0
49 111.62017
50 394.7823
51 0.0
52 17.679296
53 237.89279
54 110.28123
55 63.800945
56 299.0
57 45.684128
58 65.92313
59 0.0
60 0.0
61 0.0
62 9.839997
63 171.2287
64 54.37715
65 280.57645
66 71.71554
67 12.969862
68 4.7095013
69 0.0
70 195.24454
71 202.56024
72 54.409554
73 116.92714
74 30.342594
75 24.744324
76 205.89542
77 0.0
78 122.07874
79 0.6
80 185.81212
81 0.0
82 7.7212734
83 11.689247
84 116.76672
85 55.26949
86 11.503307
87 11.98831
88 57.26315
89 18.634834
90 28.251932
91 218.85294
92 81.40993
93 123.09227
94 176.06007
95 16.355915
96 46.97087
97 101.36034
98 20.33246
99 0.0
100 32.54744
101 155.6
102 280.3748
103 282.466
104 184.58273
105 92.17189
106 219.0
107 187.0
108 193.82957
109 70.81792
110 124.706566
111 76.36463
112 155.0
113 151.92216
114 206.29535
115 169.08723
116 111.59622
117 187.0
118 47.44067
119 219.0
120 155.0
121 0.0
122 24.470938
123 135.21825
124 219.0
125 283.0
126 44.638874
127 118.130875
128 56.399925
129 0.0
130 193.61462
131 322.60934
132 188.28587
133 215.65674
134 0.0
135 0.0
136 36.018433
137 74.30731
138 10.30391
139 138.48428
140 0.0
141 0.0
142 32.993256
143 61.30421
144 28.193039
145 0.0
146 3.2185202
147 34.261112
148 25.262865
149 23.312536
150 134.05089
151 94.33247
152 219.6
153 251.0
154 95.96576
155 0.0
156 148.95169
157 173.48763
158 9.827826
159 0.0
160 155.6
161 4.8631396
162 155.6
163 316.56836
164 219.0
165 214.22835
166 0.0
167 219.0
168 155.0
169 155.0
170 0.0
171 0.0
172 144.70863
173 100.58426
174 30.201767
175 227.91487
176 192.63948
177 97.740944
178 0.0
179 0.0
180 304.6531
181 290.9577
182 0.0
183 145.18878
184 0.0
185 183.468
186 204.75696
187 1.1340001
188 108.03356
189 0.0
190 219.0
191 0.0
192 11.137016
193 0.0
194 25.579924
195 48.621143
196 41.46489
197 32.069336
198 32.739773
199 155.0
200 155.0
201 152.37656
202 73.497665
203 420.44547
204 374.81915
205 296.97726
206 430.34308
207 266.8603
208 90.971634
209 213.04936
210 267.6
211 280.83936
212 267.6
213 236.62195
214 268.134
215 335.67715
216 216.91302
217 276.3309
218 318.23248
219 253.23323
220 144.68398
221 271.80783
222 430.77396
223 368.652
224 225.7331
225 218.07242
226 222.01692
227 265.8
228 281.74496
229 36.662834
230 196.92671
231 395.9267
232 184.55203
233 267.0
234 222.3179
235 16.867369
236 103.18307
237 234.65349
238 210.07347
239 16.94328
240 320.65106
241 185.5765
242 35.20755
243 159.76836
244 37.428352
245 17.285864
246 9.115897
247 358.95944
248 96.54803
249 175.63991
250 104.190575
251 259.52185
252 21.209864
253 385.82367
254 388.39304
255 0.0
256 387.0474
257 78.252266
258 379.03494
259 0.0
260 384.70898
261 217.6834
262 267.0
263 231.58652
264 439.31055
265 48.742836
266 212.0
267 252.57397
268 289.59497
269 163.65329
270 94.35843
271 0.0
272 54.083187
273 371.93585
274 46.363262
275 0.0
276 0.0
277 248.55563
278 407.2076
279 0.0
280 0.0
281 330.7652
282 267.6
283 245.82727
284 271.7755
285 22.190847
286 166.33232
287 250.9101
288 449.04575
289 1.1340001
290 267.0
291 53.647995
292 226.0806
293 77.6912
294 285.26215
295 0.0
296 49.639114
297 263.81836
298 88.163536
299 20.995483
300 21.463013
301 119.9963
302 243.12907
303 12.083556
304 427.0
305 229.35008
306 251.0
307 166.19814
308 243.22357
309 237.32379
310 244.91005
311 111.45635
312 230.83801
313 251.0
314 242.74951
315 236.39015
316 466.26816
317 0.0
318 175.38937
319 251.0
320 242.81378
321 98.63747
322 241.91241
323 109.61013
324 64.90847
325 227.29204
326 219.97208
327 87.63401
328 227.06822
329 6.8508253
330 105.721634
331 234.13763
332 219.37668
333 231.2806
334 172.99226
335 213.64368
336 224.5219
337 159.3232
338 246.31766
339 51.382744
340 229.34094
341 44.837322
342 174.53539
343 228.23698
344 33.978935
345 174.15565
346 149.67342
347 220.80293
348 134.03604
349 251.0
350 158.23058
351 0.0
352 236.19217
353 223.5568
354 0.0
355 245.34373
356 25.39758
357 0.0
358 0.0
359 251.0
360 1.1340001
361 97.92467
362 45.950317
363 363.0
364 76.236694
365 132.893
366 0.0
367 40.24062
368 66.13002
369 10.751003
370 155.6765
371 124.38844
372 135.52112
373 251.27538
374 177.21458
375 230.90524
376 25.78017
377 0.0
378 214.96097
379 0.0
380 143.19673
381 183.7896
382 339.8454
383 244.86156
384 171.98248
385 215.25552
386 156.8578
387 134.51117
388 158.6567
389 0.0
390 185.1241
391 90.21641
392 58.79522
393 238.79764
394 13.629219
395 91.27481
396 56.877876
397 215.01584
398 115.041534
399 120.95135
400 164.68471
401 39.30921
402 203.0
403 427.0
404 100.3267
405 141.89375
406 250.04958
407 281.07224
408 169.10359
409 427.0
410 174.8
411 90.35849
412 859.4588
413 0.0
414 307.12732
415 472.72922
416 236.134
417 203.0
418 204.134
419 172.86588
420 315.0
421 203.0
422 269.3275
423 118.565544
424 138.83643
425 180.62714
426 164.46303
427 168.64761
428 203.0
429 145.06746
430 303.67725
431 142.81192
432 203.0
433 168.41504
434 203.0
435 71.475235
436 139.18211
437 174.07434
438 170.18193
439 203.0
440 203.0
441 203.0
442 203.0
443 204.134
444 167.69084
445 303.08185
446 123.72699
447 154.83438
448 107.69424
449 203.0
450 0.0
451 55.480526
452 203.0
453 122.43045
454 195.37212
455 177.17534
456 67.493805
457 2.3078732
458 176.53206
459 203.0
460 213.751
461 204.134
462 204.134
463 21.656824
464 203.0
465 203.0
466 150.98137
467 203.0
468 162.78804
469 203.0
470 10.738239
471 13.577115
472 177.67273
473 140.04369
474 159.33615
475 98.9015
476 16.342821
477 193.47453
478 43.032715
479 0.0
480 203.0
481 78.6999
482 203.0
483 15.025131
484 130.59937
485 136.00746
486 407.34973
487 203.0
488 0.0
489 148.14844
490 12.813221
491 203.0
492 203.0
493 204.134
494 133.69572
495 94.656364
496 138.44904
497 140.56737
498 203.0
499 203.0
500 109.25914
501 859.4588
502 399.4821
503 363.0
504 363.0
505 188.41182
506 158.69635
507 236.134
508 171.0
509 363.0
510 171.0
511 172.134
512 348.22223
513 475.0
514 171.6
515 235.0
516 171.0
517 171.0
518 235.0
519 236.134
520 171.0
521 145.44708
522 91.77399
523 100.325775
524 235.0
525 91.5668
526 169.92474
527 144.29805
528 163.16336
529 9.095215
530 150.29976
531 171.0
532 171.0
533 177.68652
534 171.0
535 142.00996
536 146.44681
537 171.0
538 235.0
539 171.6
540 235.0
541 177.61462
542 363.0
543 355.3181
544 171.0
545 38.854786
546 123.58936
547 171.0
548 164.31348
549 235.0
550 171.0
551 165.07315
552 235.0
553 172.2
554 171.0
555 363.0
556 363.895
557 0.0
558 193.87874
559 347.83136
560 171.0
561 0.0
562 361.4698
563 172.134
564 363.0
565 208.28351
566 235.0
567 171.0
568 235.0
569 235.0
570 171.0
571 236.134
572 18.313465
573 146.09175
574 99.40598
575 57.675854
576 118.04718
577 147.71785
578 171.0
579 359.26825
580 90.17617
581 171.0
582 1.7340001
583 171.0
584 171.0
585 171.0
586 349.94617
587 154.90016
588 409.1191
589 171.0
590 0.0
591 33.26671
592 35.816116
593 188.28587
594 235.43117
595 34.334003
596 89.96576
597 144.49876
598 171.0
599 170.4
600 172.134
601 171.0
602 299.35034
603 219.0
604 219.0
605 315.6
606 165.24382
607 181.55241
608 120.20454
609 297.14792
610 302.52527
611 219.0
612 212.38538
613 219.0
614 280.4066
615 217.866
616 223.58286
617 220.134
618 219.0
619 219.0
620 219.0
621 219.0
622 220.134
623 219.0
624 219.0
625 304.36557
626 219.0
627 172.3016
628 219.0
629 219.0
630 220.134
631 219.0
632 220.134
633 219.0
634 180.45915
635 219.0
636 219.0
637 189.72916
638 204.56755
639 219.0
640 219.0
641 220.134
642 219.0
643 219.0
644 186.37065
645 219.0
646 219.0
647 201.5024
648 196.20985
649 220.134
650 187.89508
651 443.5152
652 315.0
653 219.0
654 289.08905
655 219.0
656 219.0
657 82.03366
658 125.75309
659 194.15
660 219.0
661 85.38157
662 311.7003
663 0.0
664 196.24129
665 219.0
666 137.8948
667 295.64178
668 219.0
669 219.0
670 79.64174
671 219.0
672 131.43976
673 197.09392
674 298.83032
675 219.0
676 219.0
677 42.43538
678 140.96194
679 219.0
680 219.0
681 219.0
682 116.60635
683 219.0
684 101.89638
685 108.49938
686 219.0
687 219.0
688 219.0
689 258.24585
690 60.33493
691 0.0
692 220.134
693 166.55986
694 123.73279
695 97.19667
696 219.0
697 75.44871
698 94.6845
699 219.0
700 219.0
701 315.0
702 262.53476
703 247.68655
704 35.71744
705 41.606724
706 248.57307
707 29.81021
708 241.8054
709 72.676994
710 168.6973
711 253.54265
712 249.44011
713 248.37782
714 249.20059
715 21.97115
716 237.53587
717 241.88757
718 83.45333
719 110.63981
720 101.502014
721 203.0
722 88.98403
723 116.1473
724 112.69282
725 263.09216
726 242.512
727 130.44872
728 87.72294
729 244.15044
730 255.98235
731 113.51194
732 128.71783
733 267.0
734 165.01207
735 254.99855
736 212.48183
737 172.77899
738 158.55533
739 236.00667
740 262.64423
741 184.5178
742 252.65285
743 187.10008
744 249.13121
745 240.4077
746 31.120789
747 267.6
748 250.33691
749 267.0
750 261.9114
751 245.15523
752 104.29633
753 244.02672
754 859.6
755 17.299227
756 158.57835
757 31.4
758 32.0
759 20.995087
760 267.6
761 112.29972
762 137.66127
763 46.932823
764 103.88286
765 106.23542
766 216.76968
767 257.71356
768 239.3689
769 254.38982
770 128.09238
771 203.0
772 50.735195
773 182.54204
774 9.056527
775 236.8062
776 267.0
777 253.91042
778 158.49854
779 252.45384
780 239.62094
781 61.65826
782 28.781479
783 245.99643
784 74.48353
785 245.86577
786 29.57814
787 166.00793
788 41.469963
789 135.46841
790 174.8174
791 214.91272
792 22.599586
793 89.90465
794 255.10121
795 169.63661
796 0.0
797 15.674037
798 120.078156
799 109.27665
800 267.0
801 251.92873
802 859.6
803 555.0
804 325.71744
805 555.0
806 219.0
807 219.0
808 471.07114
809 219.0
810 555.0
811 219.0
812 219.0
813 462.5579
814 219.0
815 555.0
816 220.134
817 305.13647
818 219.0
819 187.0
820 95.62287
821 316.64368
822 199.67274
823 268.134
824 219.0
825 220.134
826 186.02122
827 174.83955
828 635.0
829 33.98671
830 341.26758
831 83.72285
832 55.50192
833 187.0
834 144.71962
835 147.3507
836 494.60406
837 158.78967
838 537.01825
839 120.426605
840 38.77361
841 147.24818
842 187.0
843 21.328766
844 115.09224
845 46.535515
846 66.52692
847 73.77385
848 142.31216
849 219.0
850 101.839836
851 113.46916
852 188.134
853 555.0
854 87.74571
855 187.0
856 219.22285
857 122.047745
858 66.75752
859 219.0
860 37.41463
861 71.480995
862 242.01047
863 267.0
864 555.0
865 125.85603
866 444.03323
867 547.03845
868 555.0
869 217.332
870 402.2309
871 260.0
872 219.6
873 525.5733
874 3.703099
875 264.16263
876 267.0
877 55.417213
878 61.441204
879 23.294
880 73.03179
881 99.375755
882 151.75964
883 124.98446
884 48.474247
885 137.89589
886 25.61813
887 138.33423
888 267.0
889 92.05029
890 120.86312
891 154.62875
892 61.187153
893 635.0
894 95.53158
895 19.162338
896 0.0
897 92.89336
898 35.716675
899 174.94908
900 58.264194
901 123.89258
902 26.512522
903 126.09358
904 194.44414
905 551.1931
906 315.0
907 174.79445
908 443.0
909 731.6
910 219.0
911 443.0
912 315.0
913 219.0
914 450.74863
915 136.79008
916 109.56762
917 219.0
918 219.0
919 251.41191
920 315.0
921 443.6
922 219.0
923 219.0
924 142.04732
925 219.0
926 524.134
927 219.0
928 219.0
929 149.27356
930 315.0
931 227.14076
932 264.03116
933 219.0
934 219.0
935 219.0
936 316.134
937 219.0
938 443.0
939 290.58218
940 175.2092
941 219.0
942 219.0
943 219.0
944 219.0
945 114.75927
946 219.0
947 220.134
948 315.0
949 103.878265
950 219.0
951 219.0
952 219.0
953 10.6489
954 219.0
955 523.0
956 4.6169395
957 443.0
958 523.0
959 75.08875
960 219.0
961 443.0
962 316.134
963 257.73972
964 236.72954
965 112.1944
966 85.78953
967 219.0
968 219.0
969 219.0
970 19.917862
971 219.0
972 0.0
973 219.0
974 219.0
975 61.62776
976 523.0
977 89.60185
978 229.33386
979 0.0
980 99.65242
981 219.0
982 316.134
983 62.461456
984 219.0
985 219.0
986 542.2577
987 180.20265
988 110.67588
989 315.0
990 523.0
991 54.998943
992 185.90404
993 219.0
994 219.0
995 190.13419
996 52.0231
997 98.78687
998 72.28286
999 219.0
1000 219.0
1001 33.199997
1002 42.955097
1003 299.24527
1004 357.65622
1005 311.43692
1006 307.93753
1007 350.3399
1008 293.9816
1009 339.79327
1010 171.0
1011 171.0
1012 171.0
1013 349.92783
1014 369.05124
1015 332.93906
1016 382.39877
1017 308.00638
1018 334.44934
1019 298.81393
1020 357.8933
1021 327.94586
1022 393.58923
1023 278.534
1024 348.9645
1025 335.40198
1026 209.84618
1027 330.75433
1028 172.134
1029 306.2118
1030 243.21475
1031 314.39786
1032 171.0
1033 307.89053
1034 172.134
1035 171.0
1036 171.0
1037 171.0
1038 306.3069
1039 310.8545
1040 128.46744
1041 172.134
1042 171.0
1043 171.0
1044 171.0
1045 336.82495
1046 297.0453
1047 353.69357
1048 147.53058
1049 172.134
1050 171.0
1051 171.0
1052 171.0
1053 310.57062
1054 294.5434
1055 329.7582
1056 171.0
1057 171.0
1058 286.46658
1059 303.6935
1060 242.56221
1061 171.0
1062 172.134
1063 306.38248
1064 338.09787
1065 286.0288
1066 294.78073
1067 318.17828
1068 300.49072
1069 295.1807
1070 294.88422
1071 17.285864
1072 35.21948
1073 68.25608
1074 171.0
1075 297.0623
1076 303.96863
1077 171.0
1078 309.09412
1079 288.30106
1080 377.10822
1081 171.0
1082 323.131
1083 171.0
1084 171.0
1085 138.88696
1086 290.75137
1087 171.0
1088 171.0
1089 177.31726
1090 171.0
1091 291.04514
1092 259.4978
1093 171.0
1094 186.76297
1095 171.0
1096 292.6076
1097 171.0
1098 172.134
1099 171.0
1100 364.72714
1101 171.0
1102 78.74303
1103 268.134
1104 457.42633
1105 267.0
1106 495.617
1107 267.0
1108 483.66687
1109 267.0
1110 424.0234
1111 267.0
1112 267.0
1113 267.0
1114 268.134
1115 267.0
1116 418.75897
1117 235.67691
1118 267.0
1119 410.47235
1120 267.0
1121 267.0
1122 267.0
1123 268.134
1124 267.0
1125 268.134
1126 476.5214
1127 267.0
1128 267.0
1129 267.0
1130 267.0
1131 268.134
1132 267.0
1133 267.0
1134 197.69029
1135 267.0
1136 267.0
1137 457.9369
1138 268.134
1139 267.0
1140 268.134
1141 267.0
1142 267.0
1143 303.4781
1144 267.0
1145 399.53085
1146 267.0
1147 267.0
1148 267.0
1149 393.8467
1150 416.5903
1151 258.2456
1152 267.0
1153 86.97748
1154 411.82138
1155 268.134
1156 267.0
1157 267.0
1158 267.0
1159 267.0
1160 78.69601
1161 266.0744
1162 267.0
1163 458.94333
1164 267.0
1165 268.134
1166 267.0
1167 191.90587
1168 268.134
1169 466.2239
1170 267.0
1171 511.04562
1172 267.0
1173 425.87393
1174 267.0
1175 267.0
1176 267.0
1177 251.0
1178 267.0
1179 267.0
1180 267.0
1181 268.134
1182 267.0
1183 200.74557
1184 302.89047
1185 34.468044
1186 131.4262
1187 267.0
1188 267.0
1189 268.134
1190 267.0
1191 473.3429
1192 267.0
1193 267.0
1194 289.8319
1195 225.61462
1196 267.0
1197 267.0
1198 252.35956
1199 268.134
1200 268.134
1201 268.134
1202 217.24304
1203 299.6
1204 512.6124
1205 219.0
1206 268.58868
1207 269.25385
1208 276.87375
1209 219.0
1210 292.64795
1211 309.52747
1212 377.5153
1213 219.0
1214 219.0
1215 220.134
1216 295.82382
1217 419.71942
1218 270.43005
1219 282.5095
1220 219.0
1221 334.7618
1222 268.7992
1223 219.0
1224 274.5312
1225 232.32045
1226 220.134
1227 219.0
1228 212.38538
1229 219.0
1230 384.2763
1231 219.0
1232 219.0
1233 269.92328
1234 219.0
1235 285.67465
1236 220.134
1237 458.99237
1238 220.134
1239 704.0276
1240 335.7583
1241 359.5489
1242 369.11594
1243 747.0
1244 266.46982
1245 219.0
1246 366.6705
1247 281.12103
1248 219.0
1249 219.0
1250 270.71695
1251 161.92201
1252 219.0
1253 219.0
1254 424.99908
1255 298.84256
1256 274.4896
1257 142.51054
1258 385.27042
1259 220.134
1260 507.8387
1261 219.0
1262 287.74527
1263 219.0
1264 219.0
1265 309.63034
1266 277.93405
1267 364.42505
1268 298.4
1269 314.38904
1270 217.19998
1271 0.0
1272 219.0
1273 278.0098
1274 287.8871
1275 342.74713
1276 219.0
1277 219.0
1278 202.33585
1279 220.134
1280 403.28967
1281 10.252826
1282 219.0
1283 219.0
1284 220.134
1285 219.0
1286 219.0
1287 219.0
1288 129.56592
1289 345.2228
1290 264.30038
1291 203.52544
1292 219.0
1293 220.134
1294 68.83379
1295 220.134
1296 273.4768
1297 334.9125
1298 220.134
1299 195.82774
1300 219.0
1301 148.92072
1302 515.8414
1303 220.134
1304 395.0
1305 363.0
1306 231.75914
1307 295.2959
1308 381.8328
1309 546.70374
1310 237.39145
1311 395.0
1312 219.0
1313 228.83038
1314 396.734
1315 315.0
1316 542.0408
1317 555.24854
1318 315.0
1319 507.8543
1320 530.34796
1321 372.551
1322 315.0
1323 41.1724
1324 286.87997
1325 172.67499
1326 550.0933
1327 363.0
1328 229.52794
1329 363.6
1330 395.0
1331 317.868
1332 395.6
1333 264.05655
1334 315.0
1335 315.0
1336 315.0
1337 238.62093
1338 225.98477
1339 241.06349
1340 315.0
1341 322.74792
1342 267.6
1343 248.16019
1344 219.0
1345 395.0
1346 248.84859
1347 548.8352
1348 315.0
1349 362.4
1350 395.6
1351 315.0
1352 200.80942
1353 315.0
1354 395.0
1355 0.0
1356 363.0
1357 388.40573
1358 334.43896
1359 175.95251
1360 395.6
1361 315.0
1362 570.9876
1363 295.5579
1364 356.16412
1365 315.6
1366 213.1496
1367 566.49164
1368 0.0
1369 203.89984
1370 363.0
1371 267.0
1372 188.12
1373 67.39909
1374 315.0
1375 292.76285
1376 281.5235
1377 318.62503
1378 315.0
1379 302.04083
1380 492.9246
1381 318.3423
1382 315.0
1383 230.40352
1384 219.0
1385 220.134
1386 364.134
1387 116.35279
1388 289.1454
1389 255.01028
1390 363.6
1391 395.0
1392 281.53748
1393 389.80466
1394 83.33402
1395 395.0
1396 76.02648
1397 315.0
1398 211.75784
1399 183.24179
1400 395.0
1401 396.2
1402 138.81111
1403 358.85876
1404 342.02213
1405 203.0
1406 357.19287
1407 273.63052
1408 571.0
1409 379.0
1410 203.0
1411 630.2711
1412 379.0
1413 203.0
1414 396.9273
1415 623.07245
1416 292.1083
1417 683.0
1418 398.35556
1419 379.31293
1420 358.50394
1421 380.134
1422 379.0
1423 379.0
1424 379.0
1425 370.18246
1426 203.0
1427 560.83234
1428 395.61267
1429 571.0
1430 554.9485
1431 203.0
1432 569.26605
1433 393.3684
1434 571.0
1435 358.60004
1436 379.0
1437 153.4678
1438 463.6877
1439 76.73269
1440 355.2358
1441 364.93246
1442 269.43924
1443 403.1744
1444 299.0
1445 350.11124
1446 196.88489
1447 203.0
1448 352.17538
1449 558.18225
1450 299.0
1451 377.8
1452 379.0
1453 379.0
1454 379.0
1455 299.0
1456 203.0
1457 384.9937
1458 203.0
1459 186.46849
1460 561.4242
1461 373.4899
1462 379.0
1463 571.0
1464 333.49057
1465 379.0
1466 158.56088
1467 571.0
1468 463.193
1469 299.0
1470 379.6
1471 379.0
1472 392.53662
1473 379.0
1474 255.29973
1475 203.0
1476 374.8296
1477 401.06418
1478 346.2233
1479 268.53137
1480 299.0
1481 486.65628
1482 326.22598
1483 133.69514
1484 203.0
1485 379.6
1486 379.0
1487 57.231617
1488 377.866
1489 0.0
1490 683.0
1491 13.404995
1492 203.0
1493 379.6
1494 203.0
1495 379.0
1496 299.0
1497 204.134
1498 569.435
1499 236.60062
1500 397.34586
1501 363.40002
1502 379.0
1503 397.96625
1504 203.0
1505 204.134
1506 203.0
1507 155.0
1508 155.0
1509 204.134
1510 363.0
1511 199.59799
1512 298.0067
1513 188.09253
1514 563.04004
1515 155.0
1516 363.0
1517 425.64362
1518 203.0
1519 105.22774
1520 363.0
1521 203.0
1522 203.0
1523 715.75653
1524 203.0
1525 204.134
1526 203.0
1527 155.0
1528 155.0
1529 203.0
1530 203.0
1531 203.0
1532 203.0
1533 166.98895
1534 155.0
1535 157.73506
1536 155.0
1537 203.0
1538 363.0
1539 363.0
1540 433.85077
1541 203.0
1542 155.0
1543 203.0
1544 204.134
1545 363.38278
1546 155.0
1547 155.0
1548 156.134
1549 130.58485
1550 363.0
1551 155.0
1552 204.134
1553 203.0
1554 267.0
1555 267.0
1556 203.0
1557 155.0
1558 155.0
1559 155.0
1560 204.134
1561 203.0
1562 155.0
1563 155.0
1564 156.134
1565 203.0
1566 156.134
1567 267.0
1568 165.77435
1569 155.0
1570 203.0
1571 167.7004
1572 155.0
1573 316.83798
1574 155.0
1575 107.87457
1576 155.0
1577 155.0
1578 155.0
1579 155.0
1580 203.0
1581 155.0
1582 155.0
1583 203.0
1584 155.0
1585 150.2245
1586 155.0
1587 203.0
1588 203.0
1589 363.0
1590 971.0
1591 161.61462
1592 155.0
1593 139.66016
1594 420.91925
1595 356.42883
1596 204.134
1597 350.78766
1598 203.0
1599 267.0
1600 203.0
1601 155.0
1602 155.0
