1 61.579502
2 0.0
3 90.66685
4 49.656956
5 118.82716
6 118.82716
7 90.66685
8 16.65593
9 125.97617
10 46.57779
11 125.97617
12 118.82716
13 112.48696
14 103.4238
15 206.36687
16 206.36687
17 125.97617
18 219.0
19 115.55936
20 86.43614
21 219.0
22 206.36687
23 89.22989
24 207.76039
25 25.763613
26 219.0
27 207.76039
28 124.47603
29 4.9584103
30 236.134
31 236.134
32 219.0
33 120.60006
34 219.0
35 142.66216
36 236.134
37 219.0
38 142.12454
39 219.0
40 73.01644
41 236.134
42 219.0
43 186.38773
44 122.087135
45 0.0
46 236.134
47 219.0
48 154.08615
49 31.216797
50 236.134
51 236.134
52 236.134
53 71.578514
54 289.07367
55 53.82834
56 289.07367
57 236.134
58 235.0
59 66.0405
60 274.81915
61 289.07367
62 274.81915
63 219.0
64 235.0
65 219.0
66 289.07367
67 274.81915
68 235.0
69 206.07079
70 269.1184
71 289.07367
72 274.81915
73 260.4935
74 236.134
75 220.134
76 289.07367
77 274.81915
78 235.0
79 235.0
80 274.83084
81 289.07367
82 274.83084
83 210.79224
84 249.57166
85 72.98642
86 289.07367
87 274.83084
88 235.0
89 219.0
90 219.0
91 289.07367
92 274.83084
93 147.92235
94 219.0
95 192.97054
96 289.07367
97 274.83084
98 303.29196
99 219.0
100 315.0
101 315.0
102 303.29196
103 235.0
104 219.0
105 236.134
106 315.0
107 303.29196
108 219.0
109 258.2264
110 219.0
111 315.0
112 303.29196
113 274.22644
114 269.35663
115 219.0
116 315.0
117 303.29196
118 603.0
119 274.55606
120 214.31898
121 603.0
122 603.0
123 315.0
124 220.134
125 235.0
126 449.34296
127 603.0
128 449.34296
129 219.0
130 235.0
131 276.0
132 603.0
133 449.34296
134 298.1622
135 249.87968
136 276.0
137 603.0
138 449.34296
139 236.134
140 276.0
141 168.66528
142 603.0
143 449.34296
144 236.134
145 220.134
146 236.134
147 603.0
148 449.34296
149 507.0
150 196.44684
151 269.44385
152 603.0
153 507.0
154 170.53093
155 235.0
156 121.84539
157 603.0
158 507.0
159 219.0
160 235.0
161 219.0
162 603.0
163 507.0
164 308.14917
165 104.403755
166 131.39105
167 603.0
168 507.0
169 235.0
170 315.0
171 219.0
172 603.0
173 507.0
174 219.0
175 236.134
176 235.0
177 603.0
178 507.0
179 236.134
180 296.5882
181 220.134
182 603.0
183 507.0
184 219.0
185 158.71416
186 219.0
187 603.0
188 507.0
189 235.0
190 219.0
191 452.0
192 603.0
193 507.0
194 220.134
195 236.134
196 219.0
197 603.0
198 507.0
199 235.0
200 220.134
201 219.0
202 603.0
203 507.0
204 220.134
205 315.0
206 219.0
207 603.0
208 507.0
209 219.0
210 219.0
211 219.0
212 603.0
213 507.0
214 508.134
215 235.0
216 219.0
217 603.0
218 508.134
219 219.0
220 276.0
221 219.0
222 603.0
223 508.134
224 315.0
225 298.7686
226 315.0
227 603.0
228 508.134
229 439.61996
230 235.0
231 276.0
232 603.0
233 508.134
234 46.525333
235 235.0
236 392.79892
237 603.0
238 508.134
239 219.0
240 219.0
241 219.0
242 603.0
243 508.134
244 235.0
245 235.0
246 315.0
247 603.0
248 508.134
249 923.0
250 148.88118
251 223.00041
252 923.0
253 923.0
254 603.0
255 235.0
256 507.0
257 235.0
258 923.0
259 603.0
260 236.134
261 508.134
262 220.134
263 923.0
264 603.0
265 236.134
266 381.53436
267 112.57795
268 923.0
269 603.0
270 236.134
271 126.68702
272 438.0615
273 923.0
274 603.0
275 210.63167
276 312.36752
277 219.0
278 923.0
279 603.0
280 315.0
281 236.134
282 236.134
283 923.0
284 603.0
285 116.0323
286 219.0
287 219.0
288 923.0
289 603.0
290 236.134
291 290.7234
292 315.0
293 923.0
294 603.0
295 236.134
296 220.134
297 315.0
298 923.0
299 603.0
300 315.0
301 235.0
302 225.85086
303 923.0
304 603.0
305 603.0
306 235.0
307 219.0
308 923.0
309 603.0
310 235.0
311 235.0
312 236.134
313 923.0
314 603.0
315 236.134
316 499.58862
317 236.134
318 923.0
319 603.0
320 110.34197
321 219.0
322 22.595657
323 923.0
324 603.0
325 235.0
326 143.19617
327 315.0
328 923.0
329 603.0
330 316.134
331 235.0
332 90.27023
333 923.0
334 603.0
335 219.0
336 236.134
337 356.0
338 923.0
339 603.0
340 235.0
341 236.134
342 235.0
343 923.0
344 603.0
345 212.93927
346 235.0
347 236.134
348 923.0
349 603.0
350 236.134
351 219.0
352 27.121391
353 923.0
354 603.0
355 235.0
356 315.0
357 219.0
358 923.0
359 603.0
360 219.0
361 236.134
362 585.81415
363 923.0
364 603.0
365 236.134
366 307.3589
367 21.888214
368 923.0
369 603.0
370 647.6478
371 507.0
372 377.8213
373 923.0
374 647.6478
375 235.0
376 315.0
377 219.0
378 923.0
379 647.6478
380 219.0
381 235.0
382 315.0
383 923.0
384 647.6478
385 219.0
386 236.134
387 125.94332
388 923.0
389 647.6478
390 219.0
391 236.134
392 235.0
393 923.0
394 647.6478
395 236.134
396 219.0
397 219.0
398 923.0
399 647.6478
400 236.134
401 235.0
402 220.134
403 923.0
404 647.6478
405 133.3479
406 450.33972
407 219.0
408 923.0
409 647.6478
410 148.95015
411 219.0
412 235.0
413 923.0
414 647.6478
415 315.0
416 219.0
417 315.0
418 923.0
419 647.6478
420 219.0
421 194.33774
422 452.0
423 923.0
424 647.6478
425 88.59739
426 219.0
427 100.88386
428 923.0
429 647.6478
430 235.0
431 219.0
432 236.134
433 923.0
434 647.6478
435 235.0
436 219.0
437 116.5648
438 923.0
439 647.6478
440 208.96364
441 313.0169
442 208.80531
443 923.0
444 647.6478
445 298.59616
446 315.0
447 219.0
448 923.0
449 647.6478
450 219.0
451 219.0
452 236.134
453 923.0
454 647.6478
455 315.0
456 315.0
457 124.6809
458 923.0
459 647.6478
460 219.0
461 219.0
462 315.0
463 923.0
464 647.6478
465 219.0
466 235.0
467 113.98164
468 923.0
469 647.6478
470 119.19411
471 233.0288
472 92.06037
473 923.0
474 647.6478
475 87.56278
476 219.0
477 219.0
478 923.0
479 647.6478
480 315.0
481 219.0
482 235.0
483 923.0
484 647.6478
485 507.0
486 235.0
487 219.0
488 923.0
489 647.6478
490 235.0
491 235.0
492 217.866
493 923.0
494 647.6478
495 93.73927
496 235.0
497 315.0
498 923.0
499 647.6478
500 489.85757
501 220.134
502 235.0
503 923.0
504 647.6478
505 315.0
506 235.0
507 236.134
508 923.0
509 647.6478
510 452.0
511 219.0
512 27.506783
513 923.0
514 647.6478
515 130.20146
516 123.1461
517 235.0
518 923.0
519 647.6478
520 236.134
521 236.134
522 235.0
523 923.0
524 647.6478
525 235.0
526 235.0
527 452.0
528 923.0
529 647.6478
530 120.254906
531 235.0
532 219.0
533 923.0
534 647.6478
535 235.0
536 219.0
537 236.134
538 923.0
539 647.6478
540 235.0
541 219.0
542 236.134
543 923.0
544 647.6478
545 219.0
546 235.0
547 103.11415
548 923.0
549 647.6478
550 236.134
551 452.0
552 219.0
553 923.0
554 647.6478
555 236.134
556 219.0
557 315.0
558 923.0
559 647.6478
560 236.134
561 603.0
562 219.0
563 923.0
564 647.6478
565 235.0
566 70.44043
567 112.91534
568 923.0
569 647.6478
570 219.0
571 603.0
572 206.58368
573 923.0
574 647.6478
575 235.0
576 219.0
577 219.0
578 923.0
579 647.6478
580 236.134
581 235.0
582 199.87062
583 923.0
584 647.6478
585 113.82817
586 219.0
587 101.23544
588 923.0
589 647.6478
590 315.0
591 236.134
592 219.0
593 923.0
594 647.6478
595 235.0
596 219.0
597 90.14607
598 923.0
599 647.6478
600 236.134
601 235.0
602 219.0
603 923.0
604 647.6478
605 235.0
606 235.0
607 139.3724
608 923.0
609 647.6478
610 603.0
611 219.0
612 415.96686
613 923.0
614 647.6478
615 219.0
616 308.14917
617 235.0
618 923.0
619 647.6478
620 236.134
621 267.6886
622 219.0
623 923.0
624 647.6478
625 558.8793
626 219.0
627 235.0
628 923.0
629 647.6478
630 315.0
631 219.0
632 236.134
633 923.0
634 647.6478
635 236.134
636 281.2656
637 126.62418
638 923.0
639 647.6478
640 315.0
641 219.0
642 219.0
643 923.0
644 647.6478
645 220.134
646 235.0
647 281.7062
648 923.0
649 647.6478
650 219.0
651 235.0
652 236.134
653 923.0
654 647.6478
655 236.134
656 235.0
657 236.134
658 923.0
659 647.6478
660 220.134
661 122.715515
662 115.45374
663 923.0
664 647.6478
665 235.0
666 219.0
667 235.0
668 923.0
669 647.6478
670 236.134
671 236.134
672 235.0
673 923.0
674 647.6478
675 235.0
676 235.0
677 315.0
678 923.0
679 647.6478
680 122.0259
681 130.92691
682 96.263466
683 923.0
684 647.6478
685 603.0
686 236.134
687 236.134
688 923.0
689 647.6478
690 315.0
691 219.0
692 219.0
693 923.0
694 647.6478
695 28.578306
696 236.134
697 235.0
698 923.0
699 647.6478
700 315.0
701 603.0
702 0.0
703 923.0
704 647.6478
705 219.0
706 114.9957
707 603.0
708 923.0
709 647.6478
710 219.0
711 219.0
712 219.0
713 923.0
714 647.6478
715 235.0
716 235.0
717 236.134
718 923.0
719 647.6478
720 220.134
721 43.555458
722 99.27085
723 923.0
724 647.6478
725 316.134
726 416.8963
727 219.0
728 923.0
729 647.6478
730 315.0
731 315.0
732 219.0
733 923.0
734 647.6478
735 219.0
736 219.0
737 219.0
738 923.0
739 647.6478
740 316.134
741 44.707645
742 193.99689
743 923.0
744 647.6478
745 235.0
746 236.134
747 219.0
748 923.0
749 647.6478
750 291.15527
751 218.69698
752 315.0
753 923.0
754 647.6478
755 219.0
756 391.8662
757 235.0
758 923.0
759 647.6478
760 235.0
761 219.0
762 315.0
763 923.0
764 647.6478
765 235.0
766 452.0
767 235.0
768 923.0
769 647.6478
770 235.0
771 219.0
772 235.0
773 923.0
774 647.6478
775 219.0
776 219.0
777 315.0
778 923.0
779 647.6478
780 507.0
781 235.0
782 27.180124
783 923.0
784 647.6478
785 213.12907
786 137.73279
787 219.0
788 923.0
789 647.6478
790 236.134
791 315.0
792 400.67038
793 923.0
794 647.6478
795 219.0
796 235.0
797 315.0
798 923.0
799 647.6478
800 507.0
801 220.134
802 315.0
803 923.0
804 647.6478
805 220.134
806 219.0
807 236.134
808 923.0
809 647.6478
810 235.0
811 60.269234
812 205.37907
813 923.0
814 647.6478
815 235.0
816 315.0
817 219.0
818 923.0
819 647.6478
820 508.134
821 235.0
822 198.31898
823 923.0
824 647.6478
825 235.0
826 235.0
827 440.91998
828 923.0
829 647.6478
830 219.0
831 219.0
832 235.0
833 923.0
834 647.6478
835 235.0
836 236.134
837 235.0
838 923.0
839 647.6478
840 219.0
841 255.7377
842 219.0
843 923.0
844 647.6478
845 315.0
846 219.0
847 431.01044
848 923.0
849 647.6478
850 308.38538
851 219.0
852 236.134
853 923.0
854 647.6478
855 315.0
856 413.65985
857 209.06395
858 923.0
859 647.6478
860 219.0
861 219.0
862 219.0
863 923.0
864 647.6478
865 219.0
866 604.134
867 235.0
868 923.0
869 647.6478
870 603.0
871 219.0
872 490.0165
873 923.0
874 647.6478
875 507.0
876 220.134
877 235.0
878 923.0
879 647.6478
880 236.134
881 235.0
882 315.0
883 923.0
884 647.6478
885 437.8481
886 218.34952
887 923.0
888 923.0
889 923.0
890 873.3759
891 235.0
892 22.798452
893 923.0
894 923.0
895 220.134
896 219.0
897 151.94264
898 923.0
899 923.0
900 119.57708
901 188.4241
902 310.10538
903 923.0
904 923.0
905 236.134
906 236.134
907 316.134
908 923.0
909 923.0
910 235.0
911 235.0
912 85.16977
913 923.0
914 923.0
