1 16.451962
2 55.418247
3 84.416336
4 9.927935
5 20.06178
6 111.19811
7 362.87973
8 63.074417
9 276.0
10 12.846027
11 156.8038
12 104.16347
13 118.19412
14 86.32268
15 155.46707
16 144.91476
17 0.0
18 4.734
19 0.0
20 4.81739
21 85.97542
22 29.152353
23 299.06598
24 34.95115
25 2.8092601
26 15.033945
27 203.0
28 138.53177
29 106.71786
30 195.37003
31 176.1317
32 0.0
33 1.2
34 63.21161
35 190.60008
36 40.553917
37 0.0
38 135.79745
39 203.0
40 158.77557
41 78.08865
42 17.440771
43 98.08723
44 280.78485
45 203.0
46 252.53856
47 14.483818
48 39.80675
49 19.263699
50 20.310059
51 156.5031
52 92.54373
53 55.54111
54 29.389414
55 3.08339
56 0.0
57 191.9482
58 2.7512782
59 194.11739
60 16.899971
61 115.994934
62 15.227064
63 0.0
64 5.480631
65 0.0
66 108.950554
67 0.0
68 53.01774
69 0.0
70 9.408593
71 1.2
72 24.324574
73 71.41641
74 49.03544
75 4.5821095
76 3.4438882
77 115.67709
78 91.31833
79 17.887726
80 36.903217
81 89.67752
82 0.0
83 0.0
84 0.0
85 14.710947
86 53.871487
87 0.0
88 196.59612
89 1.1340001
90 112.75623
91 228.02263
92 15.114028
93 141.15788
94 119.8242
95 299.0
96 97.522194
97 3.3832536
98 63.81741
99 0.0
100 151.7043
101 155.0
102 24.136568
103 218.41135
104 435.20456
105 127.34281
106 155.6
107 363.0
108 294.92694
109 5.27666
110 60.865215
111 54.385468
112 187.47745
113 116.10632
114 155.0
115 155.0
116 59.450993
117 155.6
118 144.01813
119 75.80482
120 155.0
121 218.04424
122 101.46661
123 219.0
124 187.0
125 155.6
126 219.0
127 58.54647
128 52.71743
129 219.0
130 151.68086
131 30.286354
132 151.64499
133 80.61027
134 0.0
135 150.11295
136 192.71654
137 329.44116
138 152.0339
139 155.0
140 155.0
141 44.710197
142 22.218693
143 64.44965
144 0.0
145 155.0
146 0.0
147 219.0
148 41.07763
149 155.0
150 0.0
151 112.850914
152 0.0
153 219.0
154 502.8709
155 140.36836
156 219.0
157 187.0
158 0.0
159 0.0
160 0.0
161 155.0
162 428.7974
163 215.19304
164 0.0
165 182.75159
166 205.61081
167 219.0
168 34.21279
169 4.734127
170 155.6
171 29.502693
172 0.0
173 0.0
174 150.08826
175 44.64427
176 219.0
177 0.0
178 20.453203
179 204.45535
180 205.72197
181 0.0
182 107.1477
183 13.702671
184 0.0
185 30.060656
186 136.85518
187 75.373184
188 83.506744
189 42.350494
190 65.60756
191 72.306
192 17.53291
193 0.0
194 187.0
195 0.0
196 0.0
197 219.0
198 140.7716
199 276.0
200 0.0
201 389.0828
202 385.15485
203 269.5374
204 172.57533
205 204.19876
206 61.61308
207 71.52552
208 372.1507
209 323.7404
210 71.267525
211 280.82538
212 204.07733
213 256.55988
214 267.0
215 401.64957
216 310.2508
217 248.4151
218 137.88567
219 256.0623
220 212.0
221 385.72977
222 149.46735
223 267.0
224 479.00687
225 263.18497
226 98.860214
227 404.72556
228 325.48212
229 36.142193
230 1.1340001
231 145.63713
232 230.74933
233 180.29877
234 261.51614
235 341.8011
236 184.98572
237 44.158886
238 436.95892
239 306.527
240 252.95442
241 267.6
242 228.98003
243 160.68054
244 17.02672
245 148.78275
246 24.497063
247 86.34801
248 90.56619
249 168.38966
250 50.425568
251 14.368393
252 300.56607
253 267.0
254 14.368393
255 265.8
256 68.79597
257 283.97668
258 354.26184
259 256.7969
260 317.77704
261 7.2830033
262 273.85083
263 371.82797
264 277.3049
265 427.13004
266 373.8784
267 267.0
268 19.067028
269 369.4421
270 218.5842
271 344.53177
272 0.0
273 97.98209
274 212.0
275 98.86062
276 56.320297
277 213.134
278 69.79188
279 64.07727
280 0.0
281 258.86572
282 68.93968
283 212.0
284 0.0
285 67.7368
286 0.0
287 223.809
288 434.8898
289 28.115479
290 62.18083
291 320.46472
292 99.87049
293 31.45897
294 36.58445
295 174.30823
296 0.0
297 0.0
298 258.49515
299 222.33217
300 0.0
301 240.48619
302 201.18015
303 363.0
304 89.676476
305 134.22989
306 216.64651
307 251.6
308 144.84839
309 436.6957
310 98.29317
311 139.73422
312 248.7655
313 227.45767
314 0.0
315 94.55702
316 41.432587
317 138.23622
318 187.90303
319 63.9762
320 190.63995
321 220.09845
322 131.06247
323 243.34103
324 92.30584
325 251.0
326 59.33121
327 237.29224
328 240.09268
329 58.278625
330 194.69765
331 172.64671
332 251.0
333 58.61621
334 165.4141
335 89.13269
336 200.83698
337 62.725582
338 181.61053
339 223.9635
340 235.76138
341 42.76837
342 182.36922
343 250.45624
344 188.78894
345 106.46224
346 31.52924
347 122.212204
348 234.74791
349 4.0834765
350 149.3406
351 115.51515
352 85.56825
353 251.0
354 249.36317
355 65.95932
356 46.85982
357 73.81393
358 55.37239
359 87.35702
360 0.0
361 233.04088
362 223.81813
363 119.794304
364 176.95628
365 175.71294
366 52.850197
367 492.2
368 57.9767
369 10.670685
370 241.04512
371 137.13393
372 91.214355
373 95.52269
374 154.18497
375 131.60977
376 98.249756
377 215.25237
378 158.482
379 61.99414
380 118.6396
381 31.466
382 251.23985
383 235.64337
384 192.38968
385 35.664776
386 0.0
387 147.33961
388 76.74996
389 221.83258
390 244.5384
391 0.0
392 62.557117
393 47.207478
394 35.58366
395 71.238045
396 232.05193
397 163.17981
398 236.68732
399 0.0
400 84.67081
401 315.0
402 481.56924
403 298.56647
404 427.0
405 242.98486
406 204.134
407 295.48248
408 203.0
409 203.0
410 263.9087
411 203.0
412 203.0
413 156.67169
414 120.91488
415 315.0
416 203.0
417 203.0
418 114.917114
419 203.0
420 97.017784
421 136.84901
422 294.01544
423 173.758
424 203.0
425 71.17309
426 120.84484
427 161.48315
428 411.15695
429 203.0
430 154.9179
431 297.50415
432 228.67332
433 32.708836
434 203.0
435 203.0
436 186.89268
437 137.73979
438 203.0
439 164.3667
440 203.0
441 79.123314
442 56.322674
443 159.70229
444 202.57457
445 73.89995
446 109.40177
447 106.40617
448 32.164925
449 109.52478
450 138.2998
451 203.0
452 190.49225
453 10.605303
454 28.870934
455 169.10359
456 204.134
457 143.82912
458 24.884792
459 115.99753
460 149.07759
461 427.0
462 23.708223
463 60.956234
464 157.34206
465 89.6789
466 203.0
467 123.293304
468 203.0
469 203.0
470 2.2680001
471 171.52367
472 203.0
473 114.25974
474 213.25117
475 50.273384
476 203.0
477 146.76439
478 254.0523
479 203.0
480 199.7333
481 223.25722
482 94.02219
483 203.0
484 244.32523
485 48.02849
486 90.75373
487 185.13098
488 203.0
489 131.69844
490 427.0
491 0.0
492 0.0
493 0.0
494 203.0
495 56.108036
496 64.97362
497 203.0
498 0.0
499 203.0
500 203.0
501 235.0
502 169.0925
503 235.0
504 235.0
505 171.0
506 242.25555
507 199.19304
508 358.38165
509 339.80264
510 153.76874
511 235.0
512 342.74423
513 380.23633
514 172.134
515 475.0
516 172.134
517 218.36282
518 171.0
519 172.134
520 236.134
521 80.970795
522 235.0
523 171.0
524 176.47762
525 16.262115
526 74.98156
527 241.85086
528 358.98413
529 171.0
530 171.0
531 171.0
532 111.40082
533 146.12932
534 171.0
535 189.78654
536 170.8846
537 169.26599
538 223.25337
539 203.0
540 172.2
541 171.0
542 222.97447
543 171.0
544 235.0
545 158.03302
546 171.0
547 171.0
548 160.25993
549 66.60478
550 144.47737
551 341.79596
552 130.01143
553 215.78235
554 171.6
555 104.13993
556 235.0
557 0.0
558 189.40187
559 172.134
560 25.308403
561 363.0
562 343.82263
563 235.0
564 104.059296
565 165.63765
566 0.0
567 209.61462
568 171.0
569 235.0
570 111.69026
571 83.40816
572 24.22681
573 77.91574
574 152.04124
575 85.667175
576 171.0
577 183.96986
578 171.6
579 171.0
580 0.0
581 98.62157
582 106.55419
583 171.0
584 101.425095
585 194.9005
586 171.0
587 171.0
588 233.00635
589 146.64256
590 156.90628
591 0.0
592 235.0
593 171.0
594 235.0
595 70.99276
596 121.731834
597 171.0
598 132.57567
599 195.76947
600 171.0
601 298.55188
602 219.0
603 219.0
604 219.0
605 219.0
606 219.0
607 220.134
608 315.0
609 300.81015
610 315.0
611 163.37187
612 225.86662
613 231.66501
614 280.0326
615 315.0
616 76.8712
617 219.0
618 219.0
619 315.0
620 219.0
621 84.162865
622 219.0
623 219.0
624 219.0
625 219.0
626 219.0
627 219.0
628 219.0
629 313.97797
630 110.91988
631 170.90538
632 219.0
633 196.76248
634 213.29625
635 315.0
636 219.0
637 219.0
638 219.0
639 219.0
640 153.56454
641 156.73718
642 219.0
643 214.41995
644 219.0
645 219.0
646 161.34663
647 125.05571
648 181.88597
649 219.0
650 219.0
651 147.42696
652 219.0
653 286.4783
654 28.704689
655 219.0
656 219.0
657 111.25442
658 219.0
659 428.77383
660 219.0
661 76.81761
662 163.33
663 139.6576
664 121.657196
665 315.0
666 35.504757
667 219.0
668 254.0439
669 219.0
670 219.0
671 219.0
672 427.28387
673 219.0
674 219.0
675 86.23664
676 187.59854
677 148.67459
678 219.0
679 0.0
680 67.51931
681 220.134
682 59.966625
683 145.09857
684 133.56091
685 98.855354
686 145.98186
687 219.0
688 153.18051
689 254.23897
690 166.91136
691 219.0
692 17.530516
693 199.98622
694 123.422615
695 131.30774
696 64.695946
697 90.581154
698 0.0
699 308.67334
700 0.0
701 267.90768
702 868.40466
703 267.0
704 240.73009
705 267.6
706 48.926807
707 267.28232
708 251.92436
709 267.0
710 247.56714
711 198.15128
712 250.24857
713 817.45337
714 252.66551
715 234.72476
716 151.58118
717 248.88737
718 246.32793
719 264.54797
720 52.55531
721 245.58292
722 70.06631
723 186.68652
724 236.92108
725 250.9573
726 56.83752
727 220.01501
728 41.85688
729 683.0
730 246.31105
731 128.07109
732 61.430706
733 245.67303
734 203.6
735 47.247784
736 155.11702
737 249.80492
738 117.91754
739 251.85043
740 249.05013
741 84.29445
742 249.89128
743 252.99022
744 239.54599
745 255.93282
746 267.51886
747 203.0
748 250.08365
749 256.8308
750 66.26594
751 111.61921
752 248.87366
753 179.54518
754 0.0
755 267.0
756 0.0
757 255.27042
758 263.55774
759 122.26725
760 238.68546
761 143.11436
762 31.970802
763 253.67886
764 252.92
765 187.45747
766 243.17737
767 347.0
768 0.0
769 253.46336
770 192.185
771 223.02496
772 43.276955
773 243.18527
774 60.26809
775 203.6
776 238.83763
777 217.1271
778 203.0
779 245.19518
780 261.22772
781 247.02774
782 71.08628
783 87.850624
784 41.600445
785 255.9378
786 60.32394
787 265.67233
788 243.72717
789 10.00286
790 161.38641
791 249.36984
792 257.26782
793 238.59856
794 137.60968
795 105.827034
796 203.0
797 252.97954
798 231.7949
799 237.03143
800 263.89655
801 868.40466
802 603.0
803 267.0
804 219.0
805 555.0
806 107.71394
807 555.0
808 219.0
809 534.8209
810 491.4819
811 168.15784
812 172.17003
813 540.2095
814 84.3068
815 187.0
816 531.87006
817 514.0062
818 547.5049
819 115.87458
820 40.550953
821 555.0
822 187.0
823 267.0
824 148.12932
825 267.0
826 219.0
827 423.53668
828 281.6603
829 555.0
830 187.0
831 219.0
832 103.346756
833 219.0
834 555.0
835 220.134
836 138.50882
837 230.95006
838 87.65497
839 1067.0
840 203.2276
841 542.4437
842 170.55426
843 0.15458286
844 765.334
845 87.868034
846 219.0
847 219.0
848 267.0
849 89.96961
850 536.11584
851 127.8841
852 555.0
853 96.729195
854 219.0
855 70.899
856 90.26353
857 58.030445
858 110.176765
859 539.9556
860 151.40216
861 0.0
862 0.0
863 0.0
864 92.62899
865 223.28497
866 543.6207
867 192.83585
868 63.119026
869 106.576706
870 113.88104
871 555.0
872 394.74506
873 24.015173
874 159.61688
875 132.31592
876 219.0
877 158.6613
878 49.382812
879 987.0
880 0.0
881 140.97437
882 138.26576
883 93.261375
884 371.65018
885 0.0
886 317.28735
887 42.189224
888 34.867996
889 161.63914
890 159.3976
891 105.25138
892 0.0
893 530.7794
894 267.0
895 164.0
896 146.44258
897 42.01616
898 635.0
899 3.6363173
900 267.0
901 44.29005
902 1067.0
903 177.48369
904 219.0
905 120.44279
906 104.155685
907 126.83749
908 154.14351
909 523.0
910 219.0
