1 0.0
2 22.453627
3 0.0
4 0.0
5 195.54588
6 21.318083
7 0.0
8 0.0
9 22.161777
10 0.0
11 68.12166
12 172.92719
13 271.11856
14 128.77962
15 181.7936
16 299.0
17 212.50034
18 113.33199
19 0.0
20 208.81587
21 16.486626
22 98.34174
23 0.0
24 63.161404
25 6.187456
26 14.336454
27 253.2239
28 0.0
29 7.5324836
30 105.46507
31 2.1797829
32 136.8627
33 122.87718
34 197.6088
35 0.0
36 23.905348
37 0.0
38 0.0
39 334.1097
40 7.5565786
41 204.8688
42 15.394512
43 253.87039
44 0.6
45 0.0
46 1.1340001
47 19.57125
48 60.15244
49 16.287663
50 9.306105
51 0.0
52 4.265539
53 14.36553
54 198.05219
55 62.44102
56 0.0
57 35.95397
58 0.0
59 3.4680002
60 0.0
61 0.0
62 86.99575
63 125.02488
64 39.526333
65 203.0
66 111.077835
67 122.05451
68 19.74221
69 45.76935
70 222.05159
71 7.184675
72 36.25116
73 20.944431
74 93.65381
75 0.0
76 5.2644835
77 176.8032
78 4.252294
79 182.2766
80 30.14713
81 2.5671134
82 50.747395
83 0.6
84 0.0
85 0.47526002
86 17.765783
87 19.222815
88 48.102295
89 334.63507
90 211.40163
91 1.2
92 0.0
93 73.110664
94 131.19775
95 0.0
96 185.15163
97 0.0
98 3.1800752
99 17.325687
100 14.543993
101 219.0
102 219.0
103 122.08272
104 81.28443
105 133.61823
106 363.0
107 155.0
108 219.0
109 219.0
110 186.87137
111 155.6
112 131.87178
113 137.95105
114 164.6
115 123.15322
116 149.73837
117 62.37671
118 310.38138
119 191.96492
120 155.6
121 175.13751
122 109.65076
123 210.80565
124 155.6
125 41.282322
126 97.56662
127 396.6673
128 30.908833
129 175.21729
130 219.0
131 154.4
132 152.13338
133 18.51109
134 155.0
135 12.3036585
136 122.16294
137 201.84616
138 155.6
139 100.32143
140 131.43846
141 161.7257
142 0.6
143 219.0
144 38.908485
145 0.0
146 120.8223
147 4.47726
148 105.03658
149 219.0
150 15.8393755
151 218.4
152 220.134
153 0.0
154 0.0
155 219.0
156 33.163803
157 308.6765
158 219.0
159 0.0
160 182.94238
161 49.62052
162 219.0
163 144.59229
164 240.77939
165 149.07275
166 0.0
167 0.0
168 107.549835
169 215.532
170 0.0
171 155.6
172 183.17807
173 88.039696
174 78.0127
175 143.48218
176 155.0
177 219.0
178 220.134
179 25.385368
180 184.20372
181 192.19304
182 151.96193
183 0.0
184 155.0
185 421.38058
186 1.1340001
187 0.0
188 331.0
189 115.03538
190 138.68877
191 192.59639
192 0.0
193 0.0
194 155.0
195 0.0
196 81.22621
197 26.859913
198 0.0
199 109.901825
200 9.5707035
201 268.134
202 330.9238
203 288.66644
204 373.90472
205 423.10486
206 373.88495
207 52.289886
208 183.67232
209 267.6
210 377.3156
211 266.4
212 50.511833
213 292.0
214 106.44759
215 160.6376
216 391.669
217 442.3737
218 392.30768
219 70.308975
220 300.7195
221 419.44385
222 267.0
223 267.6
224 229.24907
225 266.4
226 61.369778
227 422.21954
228 267.0
229 271.53732
230 437.32877
231 0.0
232 243.9347
233 19.550493
234 61.37222
235 46.53563
236 267.0
237 285.71695
238 233.48996
239 243.1656
240 267.0
241 229.41159
242 86.40783
243 267.0
244 189.3876
245 74.00746
246 113.67776
247 0.0
248 227.41603
249 245.23816
250 255.83676
251 394.30566
252 306.67307
253 214.74327
254 9.567862
255 21.541576
256 192.57584
257 76.680534
258 213.51068
259 262.64746
260 250.09117
261 463.7631
262 0.0
263 0.0
264 397.18747
265 7.6909204
266 267.0
267 185.03893
268 226.12341
269 45.173744
270 237.41289
271 66.07987
272 267.0
273 0.0
274 -0.42887044
275 267.0
276 60.193043
277 398.3251
278 55.627487
279 0.0
280 376.59726
281 121.61683
282 41.305935
283 209.97499
284 148.71088
285 34.03723
286 267.0
287 1.6752601
288 284.18604
289 267.0
290 377.5173
291 379.53247
292 172.9055
293 393.51917
294 417.00983
295 13.202418
296 0.0
297 7.748631
298 234.25221
299 329.65567
300 17.338123
301 251.0
302 214.30038
303 140.98337
304 244.66818
305 251.0
306 133.84358
307 250.58774
308 239.82312
309 25.432201
310 74.51463
311 248.84389
312 49.948845
313 491.0
314 141.99084
315 250.98828
316 251.0
317 232.97198
318 108.48225
319 216.24127
320 225.5551
321 0.0
322 204.94017
323 234.97107
324 135.67072
325 222.74774
326 240.27504
327 97.99898
328 183.75764
329 142.45006
330 235.05354
331 251.0
332 236.67647
333 235.49654
334 50.651093
335 63.570465
336 217.26889
337 244.97585
338 251.0
339 229.93153
340 243.65657
341 363.0
342 161.57257
343 121.30857
344 251.0
345 138.86827
346 238.32379
347 33.284653
348 124.39632
349 226.84338
350 227.8685
351 106.48403
352 78.45744
353 453.1744
354 39.594315
355 48.58635
356 30.866
357 27.115652
358 234.11566
359 42.60386
360 85.7787
361 179.1317
362 177.10237
363 223.06683
364 118.0356
365 241.13058
366 241.7388
367 249.79819
368 484.72668
369 524.60187
370 38.41191
371 0.0
372 227.33391
373 24.432402
374 94.758026
375 33.835823
376 16.324615
377 128.61403
378 98.15469
379 251.0
380 29.655092
381 251.0
382 246.40588
383 219.73601
384 69.46246
385 50.443035
386 47.259872
387 215.7136
388 113.730385
389 235.10962
390 47.130352
391 251.0
392 241.37488
393 136.33864
394 251.0
395 50.62082
396 246.8401
397 49.127903
398 89.43633
399 0.0
400 218.21237
401 203.0
402 315.0
403 80.047745
404 203.0
405 203.0
406 315.0
407 203.0
408 190.12544
409 203.0
410 589.80396
411 139.56093
412 203.0
413 107.47098
414 203.0
415 135.29707
416 177.97087
417 245.92575
418 203.0
419 203.0
420 168.14645
421 203.0
422 203.0
423 203.0
424 203.0
425 190.61331
426 141.4639
427 29.197998
428 248.22984
429 231.2185
430 118.906044
431 174.05693
432 318.46802
433 315.0
434 248.8872
435 142.19604
436 203.0
437 203.0
438 238.69527
439 153.22954
440 407.58368
441 108.9673
442 203.0
443 203.0
444 203.0
445 203.0
446 226.63652
447 90.30216
448 177.18777
449 397.7698
450 108.94732
451 61.330116
452 144.30382
453 315.0
454 203.0
455 174.85379
456 222.5539
457 203.0
458 0.0
459 36.17302
460 161.08922
461 5.591809
462 203.0
463 89.783775
464 108.428055
465 150.60017
466 107.32969
467 427.0
468 127.842316
469 192.56633
470 167.65976
471 113.055664
472 126.82427
473 26.753248
474 133.44734
475 196.68175
476 10.751003
477 329.7958
478 0.0
479 417.1884
480 66.89953
481 0.0
482 116.05487
483 203.0
484 0.0
485 297.16696
486 203.0
487 176.51852
488 261.52115
489 89.7656
490 93.82583
491 203.0
492 203.0
493 204.134
494 163.69353
495 203.0
496 103.6474
497 0.0
498 182.88455
499 160.79251
500 178.53616
501 171.0
502 235.0
503 412.6529
504 171.0
505 149.4688
506 208.82106
507 262.54114
508 235.0
509 363.0
510 171.0
511 235.0
512 236.134
513 171.0
514 171.0
515 235.0
516 363.0
517 230.69003
518 235.0
519 215.86096
520 113.379
521 363.0
522 169.8
523 171.0
524 171.0
525 204.134
526 235.0
527 171.0
528 366.77438
529 171.0
530 354.23
531 126.19102
532 235.0
533 354.1397
534 172.134
535 171.0
536 206.01491
537 8.705997
538 171.0
539 129.36935
540 171.0
541 235.0
542 171.0
543 172.2
544 38.13981
545 215.51366
546 157.4749
547 361.866
548 171.0
549 81.20749
550 3.9432602
551 171.0
552 235.0
553 334.56384
554 171.0
555 46.343018
556 223.56155
557 171.0
558 98.66672
559 137.46306
560 171.0
561 235.0
562 236.134
563 193.81302
564 171.0
565 235.0
566 383.66495
567 174.46802
568 342.59323
569 196.0
570 171.0
571 171.0
572 235.0
573 180.19714
574 235.0
575 338.70343
576 235.0
577 350.5172
578 171.0
579 46.313114
580 0.0
581 138.92502
582 55.724968
583 158.68245
584 171.0
585 159.39551
586 171.0
587 0.0
588 28.823486
589 172.2
590 167.69106
591 125.83449
592 135.67241
593 92.75367
594 69.74194
595 361.8
596 153.38692
597 0.0
598 171.0
599 50.37064
600 16.83666
601 315.0
602 219.0
603 106.73169
604 219.0
605 219.0
606 315.0
607 219.0
608 219.0
609 23.739637
610 197.04303
611 219.0
612 219.0
613 219.0
614 297.5752
615 219.0
616 219.0
617 219.0
618 219.0
619 152.62163
620 237.89096
621 315.0
622 219.0
623 300.73236
624 219.0
625 126.88052
626 100.38291
627 219.0
628 280.25403
629 161.17567
630 219.0
631 219.0
632 315.0
633 185.90608
634 169.34659
635 219.76505
636 149.84601
637 219.0
638 219.0
639 269.62628
640 315.6
641 212.38538
642 219.0
643 225.85086
644 253.8464
645 220.134
646 219.0
647 219.0
648 219.0
649 220.134
650 306.23587
651 285.98502
652 236.75696
653 28.960316
654 164.27242
655 187.76155
656 190.80696
657 219.0
658 219.0
659 58.40507
660 315.0
661 219.0
662 219.0
663 219.0
664 0.0
665 218.41122
666 219.0
667 31.528488
668 299.89984
669 219.0
670 149.65524
671 238.57649
672 219.0
673 219.0
674 13.343057
675 103.83465
676 150.94069
677 219.0
678 304.58307
679 56.354233
680 219.0
681 0.0
682 219.0
683 122.53198
684 219.0
685 60.33976
686 219.0
687 0.0
688 308.15363
689 142.19354
690 219.0
691 116.15835
692 219.0
693 219.0
694 0.0
695 1.5176848
696 219.0
697 219.0
698 160.39026
699 219.0
700 55.878006
701 266.4572
702 179.58067
703 238.76086
704 859.0
705 260.5941
706 54.82974
707 249.02742
708 247.28462
709 1121.7133
710 203.0
711 152.86084
712 239.46533
713 267.0
714 203.0
715 32.656998
716 320.47122
717 167.0782
718 253.89215
719 131.91649
720 253.41078
721 267.0
722 125.48684
723 234.8893
724 242.51208
725 265.90488
726 267.6
727 116.21065
728 203.0
729 26.43783
730 254.15582
731 251.77777
732 76.95838
733 203.0
734 203.6
735 169.51334
736 203.0
737 257.7527
738 202.98048
739 250.69234
740 267.0
741 247.84772
742 248.45573
743 166.07779
744 194.97488
745 203.0
746 38.40483
747 244.38826
748 218.54358
749 258.8605
750 238.90811
751 150.62326
752 203.0
753 203.0
754 218.58125
755 252.71765
756 50.678658
757 267.0
758 0.0
759 29.89891
760 109.72571
761 45.028103
762 16.995676
763 262.31598
764 170.75383
765 0.0
766 36.22163
767 50.94798
768 93.86937
769 77.87955
770 201.26634
771 245.91505
772 253.02759
773 232.65225
774 6.6146307
775 267.0
776 267.0
777 236.5349
778 234.63158
779 1.8331174
780 221.89096
781 263.4049
782 237.02943
783 87.71948
784 201.16437
785 10.074242
786 253.05412
787 234.54938
788 163.86823
789 27.710571
790 267.0
791 125.84849
792 132.64633
793 180.0
794 267.0
795 102.2115
796 50.409626
797 15.829091
798 161.91814
799 240.76695
800 248.3825
