1 33.134003
2 111.33212
3 3.4376152
4 0.0
5 122.620674
6 14.714138
7 89.726974
8 61.452724
9 21.417635
10 25.474545
11 17.359825
12 19.489632
13 32.2092
14 14.270421
15 55.19566
16 18.822258
17 1.8034812
18 0.0
19 19.961752
20 30.866
21 0.0
22 36.34663
23 0.0
24 20.112127
25 15.012842
26 0.0
27 0.0
28 37.198483
29 61.137657
30 0.0
31 220.134
32 0.0
33 25.343964
34 46.21797
35 19.69634
36 142.40749
37 50.93887
38 33.03836
39 0.0
40 0.0
41 33.668003
42 39.814632
43 34.03224
44 10.718663
45 30.866
46 22.339308
47 38.850822
48 69.564186
49 21.861336
50 0.0
51 80.466286
52 92.08051
53 9.123727
54 15.483706
55 219.0
56 34.5075
57 35.1012
58 1.5611415
59 19.948479
60 3.3549564
61 36.88063
62 55.666664
63 53.871696
64 126.82648
65 33.134003
66 112.47726
67 8.918439
68 3.6091495
69 33.134
70 4.3220863
71 4.940958
72 60.68804
73 58.65291
74 25.414562
75 34.267998
76 66.049324
77 0.0
78 0.0
79 32.89885
80 32.6
81 100.91344
82 0.0
83 0.0
84 219.0
85 0.0
86 65.84229
87 0.0
88 27.047478
89 0.0
90 57.66104
91 127.25955
92 49.72958
93 36.81739
94 60.650074
95 0.0
96 0.0
97 114.984634
98 27.119366
99 79.43135
100 66.42516
101 220.134
102 219.0
103 219.0
104 142.40749
105 127.25955
106 126.82648
107 122.620674
108 114.984634
109 112.47726
110 111.33212
111 100.91344
112 92.08051
113 89.726974
114 80.466286
115 79.43135
116 69.564186
117 66.42516
118 66.049324
119 65.84229
120 61.452724
121 61.137657
122 60.68804
123 60.650074
124 58.65291
125 57.66104
126 55.666664
127 55.19566
128 53.871696
129 50.93887
130 49.72958
131 46.21797
132 39.814632
133 38.850822
134 37.198483
135 36.88063
136 36.81739
137 36.34663
138 35.1012
139 34.5075
140 34.267998
141 34.03224
142 33.668003
143 33.134003
144 33.134003
145 33.134
146 33.03836
147 32.89885
148 32.6
149 32.2092
150 30.866
151 103.134445
152 236.134
153 0.0
154 24.914608
155 20.85603
156 0.0
157 26.519367
158 24.778522
159 88.6371
160 8.303007
161 29.89989
162 0.0
163 0.0
164 45.86913
165 161.69698
166 44.04586
167 25.202759
168 0.0
169 44.071144
170 65.71136
171 219.0
172 55.11142
173 32.0
174 76.98486
175 0.0
176 40.31944
177 14.425682
178 86.36768
179 26.519367
180 59.424694
181 43.988956
182 171.63048
183 73.769684
184 107.39255
185 184.71086
186 52.66238
187 143.4788
188 150.5923
189 30.32474
190 39.98482
191 32.0
192 25.503262
193 0.0
194 168.73245
195 44.984734
196 32.0
197 48.151863
198 32.0
199 0.0
200 5.6536427
201 236.134
202 220.134
203 219.0
204 219.0
205 219.0
206 184.71086
207 171.63048
208 168.73245
209 161.69698
210 150.5923
211 143.4788
212 142.40749
213 127.25955
214 126.82648
215 122.620674
216 114.984634
217 112.47726
218 111.33212
219 107.39255
220 103.134445
221 100.91344
222 92.08051
223 89.726974
224 88.6371
225 86.36768
226 80.466286
227 79.43135
228 76.98486
229 73.769684
230 69.564186
231 66.42516
232 66.049324
233 65.84229
234 65.71136
235 61.452724
236 61.137657
237 60.68804
238 60.650074
239 59.424694
240 58.65291
241 57.66104
242 55.666664
243 55.19566
244 55.11142
245 53.871696
246 52.66238
247 50.93887
248 49.72958
249 48.151863
250 46.21797
251 72.23284
252 0.0
253 23.680561
254 121.61571
255 219.0
256 102.57869
257 48.151863
258 147.94368
259 95.38562
260 31.580345
261 28.597998
262 130.31432
263 105.080574
264 55.07749
265 8.959913
266 49.538948
267 146.79446
268 43.020008
269 26.573204
270 85.07109
271 178.4855
272 47.20275
273 49.657135
274 28.868841
275 81.000755
276 50.58081
277 6.2810283
278 55.2231
279 77.99956
280 0.0
281 107.698906
282 0.0
283 33.134
284 19.844534
285 118.09676
286 83.543304
287 96.2758
288 163.74321
289 0.0
290 3.363054
291 0.0
292 26.810286
293 37.487476
294 60.399563
295 38.61463
296 44.516624
297 0.0
298 71.53476
299 29.731998
300 27.860823
301 236.134
302 220.134
303 219.0
304 219.0
305 219.0
306 219.0
307 184.71086
308 178.4855
309 171.63048
310 168.73245
311 163.74321
312 161.69698
313 150.5923
314 147.94368
315 146.79446
316 143.4788
317 142.40749
318 130.31432
319 127.25955
320 126.82648
321 122.620674
322 121.61571
323 118.09676
324 114.984634
325 112.47726
326 111.33212
327 107.698906
328 107.39255
329 105.080574
330 103.134445
331 102.57869
332 100.91344
333 96.2758
334 95.38562
335 92.08051
336 89.726974
337 88.6371
338 86.36768
339 85.07109
340 83.543304
341 81.000755
342 80.466286
343 79.43135
344 77.99956
345 76.98486
346 73.769684
347 72.23284
348 71.53476
349 69.564186
350 66.42516
351 203.15361
352 0.0
353 15.658529
354 175.88393
355 33.134
356 77.712685
357 20.17215
358 137.46245
359 48.491795
360 0.0
361 0.0
362 155.57669
363 44.70378
364 86.408585
365 117.311485
366 0.0
367 123.404915
368 68.271484
369 16.905247
370 20.066755
371 96.57451
372 135.30258
373 25.385368
374 156.96457
375 0.0
376 0.0
377 17.546225
378 0.0
379 51.744434
380 121.28413
381 125.99903
382 55.32917
383 74.06789
384 132.55423
385 0.0
386 30.866
387 60.31885
388 34.73737
389 173.37752
390 3.3528304
391 43.968376
392 37.42052
393 22.08757
394 16.236225
395 34.864483
396 45.27114
397 164.21445
398 82.30927
399 79.38781
400 0.0
401 236.134
402 220.134
403 219.0
404 219.0
405 219.0
406 219.0
407 203.15361
408 184.71086
409 178.4855
410 175.88393
411 173.37752
412 171.63048
413 168.73245
414 164.21445
415 163.74321
416 161.69698
417 156.96457
418 155.57669
419 150.5923
420 147.94368
421 146.79446
422 143.4788
423 142.40749
424 137.46245
425 135.30258
426 132.55423
427 130.31432
428 127.25955
429 126.82648
430 125.99903
431 123.404915
432 122.620674
433 121.61571
434 121.28413
435 118.09676
436 117.311485
437 114.984634
438 112.47726
439 111.33212
440 107.698906
441 107.39255
442 105.080574
443 103.134445
444 102.57869
445 100.91344
446 96.57451
447 96.2758
448 95.38562
449 92.08051
450 89.726974
451 235.0
452 0.0
453 1.2572919
454 219.0
455 89.66361
456 145.06049
457 235.0
458 24.297573
459 278.48633
460 76.95887
461 99.50843
462 134.14574
463 161.44742
464 55.04294
465 125.83233
466 23.26076
467 0.0
468 107.72845
469 45.887917
470 54.903152
471 201.71738
472 32.6
473 235.0
474 43.074745
475 27.935516
476 220.134
477 100.00451
478 0.0
479 0.0
480 175.31033
481 220.134
482 22.218166
483 33.1758
484 219.0
485 19.707073
486 87.924614
487 201.7139
488 133.95319
489 60.192924
490 14.430075
491 41.548187
492 29.116047
493 87.89703
494 104.712364
495 38.621475
496 120.72198
497 69.39871
498 86.53514
499 14.547345
500 62.333973
501 278.48633
502 236.134
503 235.0
504 235.0
505 235.0
506 220.134
507 220.134
508 220.134
509 219.0
510 219.0
511 219.0
512 219.0
513 219.0
514 219.0
515 203.15361
516 201.71738
517 201.7139
518 184.71086
519 178.4855
520 175.88393
521 175.31033
522 173.37752
523 171.63048
524 168.73245
525 164.21445
526 163.74321
527 161.69698
528 161.44742
529 156.96457
530 155.57669
531 150.5923
532 147.94368
533 146.79446
534 145.06049
535 143.4788
536 142.40749
537 137.46245
538 135.30258
539 134.14574
540 133.95319
541 132.55423
542 130.31432
543 127.25955
544 126.82648
545 125.99903
546 125.83233
547 123.404915
548 122.620674
549 121.61571
550 121.28413
551 175.00937
552 125.67268
553 235.0
554 37.188805
555 113.95094
556 35.240932
557 104.08805
558 219.0
559 24.251366
560 14.274541
561 168.21187
562 168.88208
563 169.35063
564 236.134
565 235.0
566 157.9739
567 3.1009755
568 15.737002
569 192.32925
570 199.30098
571 33.122498
572 0.0
573 33.186275
574 3.206017
575 190.05777
576 59.15393
577 39.958458
578 101.24089
579 142.45319
580 187.40778
581 0.0
582 70.72625
583 147.5282
584 51.314507
585 142.10464
586 65.99448
587 133.2373
588 95.979836
589 37.375496
590 183.14267
591 28.573046
592 220.134
593 73.880936
594 68.2254
595 64.249954
596 106.23118
597 54.915318
598 0.0
599 60.50138
600 50.537586
601 278.48633
602 236.134
603 236.134
604 235.0
605 235.0
606 235.0
607 235.0
608 235.0
609 220.134
610 220.134
611 220.134
612 220.134
613 219.0
614 219.0
615 219.0
616 219.0
617 219.0
618 219.0
619 219.0
620 203.15361
621 201.71738
622 201.7139
623 199.30098
624 192.32925
625 190.05777
626 187.40778
627 184.71086
628 183.14267
629 178.4855
630 175.88393
631 175.31033
632 175.00937
633 173.37752
634 171.63048
635 169.35063
636 168.88208
637 168.73245
638 168.21187
639 164.21445
640 163.74321
641 161.69698
642 161.44742
643 157.9739
644 156.96457
645 155.57669
646 150.5923
647 147.94368
648 147.5282
649 146.79446
650 145.06049
651 220.134
652 110.911865
653 38.61463
654 219.0
655 48.480648
656 152.63095
657 119.32143
658 206.58368
659 142.03833
660 203.76701
661 201.50285
662 182.95618
663 305.44345
664 113.722885
665 38.640614
666 189.00667
667 21.405807
668 219.0
669 127.87977
670 176.11052
671 219.0
672 0.0
673 152.98897
674 54.99613
675 174.91956
676 116.32734
677 4.7811027
678 219.0
679 19.69634
680 31.227692
681 176.68796
682 32.0
683 23.117365
684 203.62895
685 219.0
686 147.48187
687 134.78004
688 110.674965
689 196.81183
690 49.756996
691 70.048515
692 38.404804
693 112.73673
694 219.0
695 207.31732
696 156.88689
697 40.567516
698 137.96887
699 25.493162
700 219.0
701 305.44345
702 278.48633
703 236.134
704 236.134
705 235.0
706 235.0
707 235.0
708 235.0
709 235.0
710 220.134
711 220.134
712 220.134
713 220.134
714 220.134
715 219.0
716 219.0
717 219.0
718 219.0
719 219.0
720 219.0
721 219.0
722 219.0
723 219.0
724 219.0
725 219.0
726 219.0
727 219.0
728 219.0
729 207.31732
730 206.58368
731 203.76701
732 203.62895
733 203.15361
734 201.71738
735 201.7139
736 201.50285
737 199.30098
738 196.81183
739 192.32925
740 190.05777
741 189.00667
742 187.40778
743 184.71086
744 183.14267
745 182.95618
746 178.4855
747 176.68796
748 176.11052
749 175.88393
750 175.31033
751 175.56349
752 192.42871
753 219.0
754 46.405144
755 78.66096
756 52.610718
757 235.0
758 219.0
759 89.481636
760 114.139145
761 202.21092
762 206.76823
763 0.0
764 186.933
765 33.134
766 219.0
767 33.186275
768 180.66261
769 199.35944
770 220.134
771 219.0
772 219.0
773 175.26991
774 64.51885
775 220.134
776 235.0
777 177.56325
778 235.0
779 191.31787
780 0.0
781 235.0
782 108.7414
783 236.134
784 44.71824
785 143.45523
786 57.339527
787 174.00038
788 235.0
789 35.405743
790 193.76334
791 154.06602
792 235.0
793 19.945452
794 105.19032
795 35.086517
796 44.264767
797 32.0
798 198.13348
799 181.57848
800 169.52705
801 305.44345
802 278.48633
803 236.134
804 236.134
805 236.134
806 235.0
807 235.0
808 235.0
809 235.0
810 235.0
811 235.0
812 235.0
813 235.0
814 235.0
815 235.0
816 235.0
817 220.134
818 220.134
819 220.134
820 220.134
821 220.134
822 220.134
823 220.134
824 219.0
825 219.0
826 219.0
827 219.0
828 219.0
829 219.0
830 219.0
831 219.0
832 219.0
833 219.0
834 219.0
835 219.0
836 219.0
837 219.0
838 219.0
839 219.0
840 219.0
841 219.0
842 219.0
843 207.31732
844 206.76823
845 206.58368
846 203.76701
847 203.62895
848 203.15361
849 202.21092
850 201.71738
851 136.29593
852 14.536534
853 124.58795
854 219.0
855 235.0
856 219.0
857 169.57355
858 235.0
859 219.0
860 219.0
861 219.0
862 219.0
863 111.208374
864 219.0
865 172.22108
866 219.0
867 127.88174
868 0.0
869 65.22965
870 143.7219
871 219.0
872 13.159068
873 84.29458
874 164.2643
875 168.28731
876 219.0
877 215.19374
878 220.134
879 152.7747
880 217.89105
881 131.83742
882 110.21283
883 202.05173
884 145.09874
885 134.1868
886 219.0
887 138.74376
888 154.2348
889 147.71327
890 152.59729
891 219.0
892 219.0
893 175.99295
894 35.468
895 39.489555
896 155.73915
897 93.11769
898 6.6146307
899 214.60399
900 177.57944
901 305.44345
902 278.48633
903 236.134
904 236.134
905 236.134
906 235.0
907 235.0
908 235.0
909 235.0
910 235.0
911 235.0
912 235.0
913 235.0
914 235.0
915 235.0
916 235.0
917 235.0
918 235.0
919 220.134
920 220.134
921 220.134
922 220.134
923 220.134
924 220.134
925 220.134
926 220.134
927 219.0
928 219.0
929 219.0
930 219.0
931 219.0
932 219.0
933 219.0
934 219.0
935 219.0
936 219.0
937 219.0
938 219.0
939 219.0
940 219.0
941 219.0
942 219.0
943 219.0
944 219.0
945 219.0
946 219.0
947 219.0
948 219.0
949 219.0
950 219.0
951 219.0
952 40.050823
953 9.806272
954 0.0
955 102.981804
956 186.6333
957 214.71347
958 102.56193
959 198.65201
960 0.0
961 25.005514
962 219.0
963 2.2680001
964 185.31027
965 37.716824
966 131.57901
967 176.871
968 235.0
969 146.37163
970 235.0
971 9.22065
972 177.10126
973 220.134
974 217.45862
975 0.19459009
976 147.50688
977 175.0893
978 51.0365
979 117.13102
980 219.0
981 37.716824
982 219.0
983 180.61316
984 115.232864
985 219.0
986 19.93517
987 71.612366
988 0.0
989 49.619152
990 37.48063
991 30.866
992 235.0
993 102.582275
994 185.47043
995 236.134
996 110.57211
997 187.05348
998 219.0
999 235.0
1000 131.15451
1001 305.44345
1002 278.48633
1003 236.134
1004 236.134
1005 236.134
1006 236.134
1007 235.0
1008 235.0
1009 235.0
1010 235.0
1011 235.0
1012 235.0
1013 235.0
1014 235.0
1015 235.0
1016 235.0
1017 235.0
1018 235.0
1019 235.0
1020 235.0
1021 235.0
1022 235.0
1023 235.0
1024 220.134
1025 220.134
1026 220.134
1027 220.134
1028 220.134
1029 220.134
1030 220.134
1031 220.134
1032 220.134
1033 219.0
1034 219.0
1035 219.0
1036 219.0
1037 219.0
1038 219.0
1039 219.0
1040 219.0
1041 219.0
1042 219.0
1043 219.0
1044 219.0
1045 219.0
1046 219.0
1047 219.0
1048 219.0
1049 219.0
1050 219.0
1051 146.54178
1052 235.0
1053 196.6189
1054 121.30886
1055 70.64499
1056 49.896957
1057 27.21576
1058 158.8122
1059 89.65264
1060 235.0
1061 73.678085
1062 48.699585
1063 219.0
1064 31.4
1065 32.013718
1066 219.0
1067 49.285866
1068 219.0
1069 127.59035
1070 109.65513
1071 161.57549
1072 75.53411
1073 219.0
1074 235.0
1075 61.271866
1076 29.981478
1077 28.531998
1078 0.0
1079 153.2737
1080 219.0
1081 31.4
1082 149.3513
1083 219.0
1084 219.0
1085 235.0
1086 109.03609
1087 17.703346
1088 219.0
1089 59.08793
1090 180.40306
1091 32.0
1092 219.0
1093 72.661514
1094 220.134
1095 219.0
1096 219.0
1097 139.04936
1098 179.24637
1099 38.824413
1100 155.38339
1101 305.44345
1102 278.48633
1103 236.134
1104 236.134
1105 236.134
1106 236.134
1107 235.0
1108 235.0
1109 235.0
1110 235.0
1111 235.0
1112 235.0
1113 235.0
1114 235.0
1115 235.0
1116 235.0
1117 235.0
1118 235.0
1119 235.0
1120 235.0
1121 235.0
1122 235.0
1123 235.0
1124 235.0
1125 235.0
1126 235.0
1127 235.0
1128 220.134
1129 220.134
1130 220.134
1131 220.134
1132 220.134
1133 220.134
1134 220.134
1135 220.134
1136 220.134
1137 220.134
1138 219.0
1139 219.0
1140 219.0
1141 219.0
1142 219.0
1143 219.0
1144 219.0
1145 219.0
1146 219.0
1147 219.0
1148 219.0
1149 219.0
1150 219.0
1151 128.49727
1152 14.267731
1153 134.65648
1154 141.16371
1155 234.51964
1156 236.134
1157 0.0
1158 162.43675
1159 219.0
1160 99.9683
1161 33.134
1162 30.330168
1163 219.0
1164 219.0
1165 147.66132
1166 219.0
1167 166.42404
1168 125.150894
1169 23.681324
1170 235.0
1171 0.0
1172 235.0
1173 11.402208
1174 219.0
1175 105.820366
1176 165.9021
1177 192.24962
1178 154.28029
1179 191.70737
1180 90.119354
1181 219.0
1182 0.0
1183 104.13646
1184 14.550885
1185 195.56194
1186 155.90057
1187 91.69713
1188 315.0
1189 127.65151
1190 212.38538
1191 124.040924
1192 201.3328
1193 220.134
1194 220.134
1195 219.0
1196 167.84119
1197 144.77022
1198 187.67914
1199 31.862896
1200 0.0
1201 315.0
1202 305.44345
1203 278.48633
1204 236.134
1205 236.134
1206 236.134
1207 236.134
1208 236.134
1209 235.0
1210 235.0
1211 235.0
1212 235.0
1213 235.0
1214 235.0
1215 235.0
1216 235.0
1217 235.0
1218 235.0
1219 235.0
1220 235.0
1221 235.0
1222 235.0
1223 235.0
1224 235.0
1225 235.0
1226 235.0
1227 235.0
1228 235.0
1229 235.0
1230 235.0
1231 235.0
1232 234.51964
1233 220.134
1234 220.134
1235 220.134
1236 220.134
1237 220.134
1238 220.134
1239 220.134
1240 220.134
1241 220.134
1242 220.134
1243 220.134
1244 220.134
1245 219.0
1246 219.0
1247 219.0
1248 219.0
1249 219.0
1250 219.0
1251 219.0
1252 153.4558
1253 28.450043
1254 235.0
1255 48.171684
1256 109.65847
1257 219.0
1258 176.39685
1259 219.0
1260 42.00334
1261 37.52731
1262 219.0
1263 180.74425
1264 121.12019
1265 219.0
1266 27.6829
1267 272.50107
1268 218.39735
1269 191.54762
1270 219.0
1271 0.0
1272 235.0
1273 83.13985
1274 180.43011
1275 33.734
1276 93.42415
1277 175.47035
1278 219.0
1279 26.785643
1280 62.179466
1281 37.25082
1282 72.32802
1283 45.207657
1284 315.0
1285 228.14914
1286 174.05316
1287 45.216293
1288 219.0
1289 96.52787
1290 21.426195
1291 167.09636
1292 151.5938
1293 119.384346
1294 43.88866
1295 172.32463
1296 219.0
1297 214.25702
1298 187.05882
1299 219.0
1300 120.3538
1301 315.0
1302 315.0
1303 305.44345
1304 278.48633
1305 272.50107
1306 236.134
1307 236.134
1308 236.134
1309 236.134
1310 236.134
1311 235.0
1312 235.0
1313 235.0
1314 235.0
1315 235.0
1316 235.0
1317 235.0
1318 235.0
1319 235.0
1320 235.0
1321 235.0
1322 235.0
1323 235.0
1324 235.0
1325 235.0
1326 235.0
1327 235.0
1328 235.0
1329 235.0
1330 235.0
1331 235.0
1332 235.0
1333 235.0
1334 235.0
1335 235.0
1336 234.51964
1337 228.14914
1338 220.134
1339 220.134
1340 220.134
1341 220.134
1342 220.134
1343 220.134
1344 220.134
1345 220.134
1346 220.134
1347 220.134
1348 220.134
1349 220.134
1350 219.0
1351 235.0
1352 315.0
1353 255.71877
1354 177.70563
1355 219.0
1356 74.0523
1357 235.0
1358 79.20609
1359 0.0
1360 0.0
1361 315.0
1362 235.0
1363 219.0
1364 0.0
1365 147.8673
1366 1.1340001
1367 219.0
1368 65.86886
1369 0.0
1370 195.32828
1371 162.70934
1372 206.71155
1373 206.58368
1374 219.0
1375 181.21576
1376 219.0
1377 74.35168
1378 103.98639
1379 35.388275
1380 219.0
1381 96.96572
1382 219.0
1383 123.635216
1384 235.0
1385 219.0
1386 88.13929
1387 219.0
1388 207.81227
1389 220.134
1390 55.21078
1391 121.21569
1392 219.0
1393 165.70041
1394 136.71709
1395 209.07207
1396 219.0
1397 170.76115
1398 95.276566
1399 106.749214
1400 39.395676
1401 315.0
1402 315.0
1403 315.0
1404 315.0
1405 305.44345
1406 278.48633
1407 272.50107
1408 255.71877
1409 236.134
1410 236.134
1411 236.134
1412 236.134
1413 236.134
1414 235.0
1415 235.0
1416 235.0
1417 235.0
1418 235.0
1419 235.0
1420 235.0
1421 235.0
1422 235.0
1423 235.0
1424 235.0
1425 235.0
1426 235.0
1427 235.0
1428 235.0
1429 235.0
1430 235.0
1431 235.0
1432 235.0
1433 235.0
1434 235.0
1435 235.0
1436 235.0
1437 235.0
1438 235.0
1439 235.0
1440 235.0
1441 235.0
1442 235.0
1443 234.51964
1444 228.14914
1445 220.134
1446 220.134
1447 220.134
1448 220.134
1449 220.134
1450 220.134
1451 219.0
1452 49.45463
1453 220.134
1454 220.134
1455 161.2206
1456 192.40413
1457 235.0
1458 315.0
1459 66.08762
1460 120.347496
1461 315.0
1462 356.0
1463 219.0
1464 66.12426
1465 46.571655
1466 0.0
1467 219.0
1468 219.0
1469 191.05013
1470 46.85183
1471 83.380486
1472 236.134
1473 219.0
1474 206.70528
1475 315.0
1476 235.0
1477 2.334
1478 235.0
1479 219.0
1480 219.0
1481 32.534
1482 16.0233
1483 235.0
1484 115.220116
1485 235.0
1486 107.93918
1487 431.30417
1488 140.2298
1489 235.0
1490 148.1604
1491 236.134
1492 52.53803
1493 48.925175
1494 219.0
1495 219.0
1496 146.52155
1497 219.0
1498 220.134
1499 219.0
1500 219.0
1501 431.30417
1502 431.30417
1503 356.0
1504 315.0
1505 315.0
1506 315.0
1507 315.0
1508 315.0
1509 315.0
1510 315.0
1511 305.44345
1512 278.48633
1513 272.50107
1514 255.71877
1515 236.134
1516 236.134
1517 236.134
1518 236.134
1519 236.134
1520 236.134
1521 236.134
1522 235.0
1523 235.0
1524 235.0
1525 235.0
1526 235.0
1527 235.0
1528 235.0
1529 235.0
1530 235.0
1531 235.0
1532 235.0
1533 235.0
1534 235.0
1535 235.0
1536 235.0
1537 235.0
1538 235.0
1539 235.0
1540 235.0
1541 235.0
1542 235.0
1543 235.0
1544 235.0
1545 235.0
1546 235.0
1547 235.0
1548 235.0
1549 235.0
1550 235.0
1551 235.0
1552 0.0
1553 102.68613
1554 85.04729
1555 101.95809
1556 27.083326
1557 130.98181
1558 235.0
1559 187.94699
1560 235.0
1561 235.0
1562 147.79323
1563 219.0
1564 235.0
1565 77.53464
1566 173.39102
1567 315.0
1568 201.41031
1569 235.0
1570 123.018524
1571 37.668613
1572 230.25728
1573 220.134
1574 39.98482
1575 219.0
1576 194.48569
1577 144.71767
1578 38.68063
1579 71.371796
1580 216.50551
1581 46.26091
1582 0.0
1583 195.17235
1584 44.939606
1585 219.0
1586 78.943085
1587 235.0
1588 169.83682
1589 27.149803
1590 76.82219
1591 0.0
1592 61.2762
1593 202.3546
1594 0.0
1595 219.0
1596 235.0
1597 220.134
1598 36.529537
1599 235.0
1600 193.94681
1601 235.0
1602 431.30417
1603 356.0
1604 315.0
1605 315.0
1606 315.0
1607 315.0
1608 315.0
1609 315.0
1610 315.0
1611 315.0
1612 305.44345
1613 278.48633
1614 272.50107
1615 255.71877
1616 236.134
1617 236.134
1618 236.134
1619 236.134
1620 236.134
1621 236.134
1622 236.134
1623 235.0
1624 235.0
1625 235.0
1626 235.0
1627 235.0
1628 235.0
1629 235.0
1630 235.0
1631 235.0
1632 235.0
1633 235.0
1634 235.0
1635 235.0
1636 235.0
1637 235.0
1638 235.0
1639 235.0
1640 235.0
1641 235.0
1642 235.0
1643 235.0
1644 235.0
1645 235.0
1646 235.0
1647 235.0
1648 235.0
1649 235.0
1650 235.0
1651 235.0
1652 0.0
1653 32.534
1654 219.0
1655 34.867996
1656 26.76721
1657 220.134
1658 603.0
1659 219.0
1660 155.3762
1661 142.95277
1662 267.85577
1663 220.134
1664 225.63184
1665 235.0
1666 219.0
1667 167.51277
1668 220.134
1669 183.55203
1670 219.0
1671 34.759632
1672 235.0
1673 30.723408
1674 219.0
1675 219.0
1676 93.363106
1677 219.0
1678 258.15253
1679 0.0
1680 219.0
1681 219.0
1682 315.0
1683 220.134
1684 26.283175
1685 264.1043
1686 219.0
1687 15.560492
1688 235.0
1689 220.134
1690 39.585953
1691 202.34233
1692 396.3618
1693 146.23155
1694 5.072709
1695 315.0
1696 286.6364
1697 46.00532
1698 0.0
1699 218.55168
1700 235.0
1701 143.78778
1702 603.0
1703 603.0
1704 431.30417
1705 396.3618
1706 356.0
1707 315.0
1708 315.0
1709 315.0
1710 315.0
1711 315.0
1712 315.0
1713 315.0
1714 315.0
1715 315.0
1716 315.0
1717 305.44345
1718 286.6364
1719 278.48633
1720 272.50107
1721 267.85577
1722 264.1043
1723 258.15253
1724 255.71877
1725 236.134
1726 236.134
1727 236.134
1728 236.134
1729 236.134
1730 236.134
1731 236.134
1732 235.0
1733 235.0
1734 235.0
1735 235.0
1736 235.0
1737 235.0
1738 235.0
1739 235.0
1740 235.0
1741 235.0
1742 235.0
1743 235.0
1744 235.0
1745 235.0
1746 235.0
1747 235.0
1748 235.0
1749 235.0
1750 235.0
1751 235.0
1752 235.0
1753 171.43155
1754 0.0
1755 168.69159
1756 27.754997
1757 219.0
1758 166.65121
1759 56.638718
1760 290.94617
1761 63.97104
1762 23.12784
1763 220.134
1764 219.0
1765 83.22645
1766 153.17365
1767 116.29673
1768 235.0
1769 189.37816
1770 219.0
1771 144.91043
1772 188.04857
1773 16.835554
1774 106.44404
1775 219.0
1776 120.93428
1777 70.374916
1778 93.763435
1779 219.0
1780 71.57116
1781 0.0
1782 315.0
1783 6.8496313
1784 93.8978
1785 117.795006
1786 219.0
1787 148.42822
1788 219.0
1789 175.07536
1790 86.418976
1791 291.7676
1792 178.78326
1793 219.0
1794 219.0
1795 167.44023
1796 235.0
1797 235.0
1798 150.42665
1799 105.6231
1800 220.134
1801 101.14391
1802 235.0
1803 603.0
1804 431.30417
1805 396.3618
1806 356.0
1807 315.0
1808 315.0
1809 315.0
1810 315.0
1811 315.0
1812 315.0
1813 315.0
1814 315.0
1815 315.0
1816 315.0
1817 315.0
1818 305.44345
1819 291.7676
1820 290.94617
1821 286.6364
1822 278.48633
1823 272.50107
1824 267.85577
1825 264.1043
1826 258.15253
1827 255.71877
1828 236.134
1829 236.134
1830 236.134
1831 236.134
1832 236.134
1833 236.134
1834 236.134
1835 235.0
1836 235.0
1837 235.0
1838 235.0
1839 235.0
1840 235.0
1841 235.0
1842 235.0
1843 235.0
1844 235.0
1845 235.0
1846 235.0
1847 235.0
1848 235.0
1849 235.0
1850 235.0
1851 235.0
1852 235.0
1853 235.0
1854 17.159243
1855 235.0
1856 55.045536
1857 219.0
1858 315.0
1859 55.191353
1860 39.489555
1861 276.0
1862 219.0
1863 235.0
1864 19.732716
1865 219.0
1866 78.1822
1867 219.0
1868 315.0
1869 219.0
1870 34.012672
1871 152.45808
1872 220.134
1873 218.443
1874 185.63727
1875 177.13164
1876 48.27548
1877 181.521
1878 50.06166
1879 236.134
1880 219.0
1881 220.134
1882 211.07875
1883 48.48878
1884 206.93726
1885 219.0
1886 209.81105
1887 219.0
1888 25.645891
1889 235.0
1890 220.134
1891 189.75272
1892 235.0
1893 94.72158
1894 74.36836
1895 56.14002
1896 38.861794
1897 0.0
1898 27.957006
1899 38.53364
1900 34.790806
1901 25.62482
1902 235.0
1903 603.0
1904 431.30417
1905 396.3618
1906 356.0
1907 315.0
1908 315.0
1909 315.0
1910 315.0
1911 315.0
1912 315.0
1913 315.0
1914 315.0
1915 315.0
1916 315.0
1917 315.0
1918 315.0
1919 315.0
1920 305.44345
1921 291.7676
1922 290.94617
1923 286.6364
1924 278.48633
1925 276.0
1926 272.50107
1927 267.85577
1928 264.1043
1929 258.15253
1930 255.71877
1931 236.134
1932 236.134
1933 236.134
1934 236.134
1935 236.134
1936 236.134
1937 236.134
1938 236.134
1939 235.0
1940 235.0
1941 235.0
1942 235.0
1943 235.0
1944 235.0
1945 235.0
1946 235.0
1947 235.0
1948 235.0
1949 235.0
1950 235.0
1951 235.0
1952 235.0
1953 236.134
1954 0.0
1955 90.4883
1956 41.07074
1957 219.0
1958 282.8262
1959 156.73645
1960 26.571648
1961 87.66559
1962 219.0
1963 219.0
1964 54.860237
1965 0.0
1966 219.0
1967 219.0
1968 219.0
1969 121.680336
1970 94.01185
1971 235.0
1972 219.0
1973 94.551765
1974 13.19917
1975 220.134
1976 220.134
1977 179.10054
1978 235.0
1979 56.6385
1980 157.16989
1981 27.683804
1982 219.0
1983 235.0
1984 37.41463
1985 219.0
1986 236.134
1987 32.32459
1988 219.0
1989 191.85854
1990 182.58347
1991 7.2474833
1992 180.88226
1993 154.56595
1994 219.0
1995 220.134
1996 30.22968
1997 235.0
1998 219.0
1999 6.8508253
2000 30.481932
2001 180.2491
2002 38.68063
2003 603.0
2004 431.30417
2005 396.3618
2006 356.0
2007 315.0
2008 315.0
2009 315.0
2010 315.0
2011 315.0
2012 315.0
2013 315.0
2014 315.0
2015 315.0
2016 315.0
2017 315.0
2018 315.0
2019 315.0
2020 305.44345
2021 291.7676
2022 290.94617
2023 286.6364
2024 282.8262
2025 278.48633
2026 276.0
2027 272.50107
2028 267.85577
2029 264.1043
2030 258.15253
2031 255.71877
2032 236.134
2033 236.134
2034 236.134
2035 236.134
2036 236.134
2037 236.134
2038 236.134
2039 236.134
2040 236.134
2041 236.134
2042 235.0
2043 235.0
2044 235.0
2045 235.0
2046 235.0
2047 235.0
2048 235.0
2049 235.0
2050 235.0
2051 235.0
2052 235.0
2053 235.0
2054 19.758152
2055 32.59724
2056 235.0
2057 192.28578
2058 236.134
2059 38.88085
2060 47.013607
2061 236.134
2062 127.926895
2063 315.0
2064 112.134796
2065 235.0
2066 23.864803
2067 220.134
2068 102.70198
2069 143.05275
2070 134.43082
2071 235.0
2072 185.77315
2073 159.7204
2074 235.0
2075 219.0
2076 220.134
2077 190.93991
2078 95.4722
2079 235.0
2080 29.285177
2081 143.49059
2082 219.0
2083 78.686516
2084 235.0
2085 93.03166
2086 212.51428
2087 219.0
2088 0.0
2089 119.13843
2090 219.0
2091 219.0
2092 271.44925
2093 2.364802
2094 0.0
2095 218.85933
2096 219.0
2097 235.0
2098 93.67687
2099 96.20337
2100 105.95534
2101 191.93393
2102 219.0
2103 603.0
2104 431.30417
2105 396.3618
2106 356.0
2107 315.0
2108 315.0
2109 315.0
2110 315.0
2111 315.0
2112 315.0
2113 315.0
2114 315.0
2115 315.0
2116 315.0
2117 315.0
2118 315.0
2119 315.0
2120 315.0
2121 305.44345
2122 291.7676
2123 290.94617
2124 286.6364
2125 282.8262
2126 278.48633
2127 276.0
2128 272.50107
2129 271.44925
2130 267.85577
2131 264.1043
2132 258.15253
2133 255.71877
2134 236.134
2135 236.134
2136 236.134
2137 236.134
2138 236.134
2139 236.134
2140 236.134
2141 236.134
2142 236.134
2143 236.134
2144 236.134
2145 236.134
2146 235.0
2147 235.0
2148 235.0
2149 235.0
2150 235.0
2151 235.0
2152 235.0
2153 315.0
2154 208.85167
2155 93.623825
2156 192.21216
2157 507.0
2158 220.134
2159 17.61273
2160 219.0
2161 249.22543
2162 208.80174
2163 220.134
2164 235.0
2165 283.55258
2166 219.0
2167 63.286358
2168 235.0
2169 30.85513
2170 315.0
2171 235.0
2172 235.0
2173 219.0
2174 108.99131
2175 219.0
2176 231.26476
2177 219.0
2178 315.0
2179 219.0
2180 142.81624
2181 220.134
2182 235.0
2183 129.20935
2184 196.61848
2185 219.0
2186 49.711136
2187 235.0
2188 183.971
2189 39.489555
2190 235.0
2191 0.0
2192 192.34131
2193 70.50098
2194 219.0
2195 219.0
2196 235.0
2197 165.86531
2198 108.71321
2199 219.0
2200 315.0
2201 194.36435
2202 235.0
2203 603.0
2204 507.0
2205 431.30417
2206 396.3618
2207 356.0
2208 315.0
2209 315.0
2210 315.0
2211 315.0
2212 315.0
2213 315.0
2214 315.0
2215 315.0
2216 315.0
2217 315.0
2218 315.0
2219 315.0
2220 315.0
2221 315.0
2222 315.0
2223 315.0
2224 315.0
2225 315.0
2226 305.44345
2227 291.7676
2228 290.94617
2229 286.6364
2230 283.55258
2231 282.8262
2232 278.48633
2233 276.0
2234 272.50107
2235 271.44925
2236 267.85577
2237 264.1043
2238 258.15253
2239 255.71877
2240 249.22543
2241 236.134
2242 236.134
2243 236.134
2244 236.134
2245 236.134
2246 236.134
2247 236.134
2248 236.134
2249 236.134
2250 236.134
2251 236.134
2252 236.134
2253 315.0
2254 235.0
2255 40.047207
2256 155.82857
2257 59.751972
2258 101.85537
2259 219.0
2260 219.0
2261 235.0
2262 159.94562
2263 235.0
2264 235.0
2265 315.0
2266 10.144419
2267 219.0
2268 315.0
2269 235.0
2270 219.0
2271 129.00938
2272 235.0
2273 101.420876
2274 29.731998
2275 171.64859
2276 146.66087
2277 235.0
2278 133.56548
2279 94.409096
2280 153.9338
2281 235.0
2282 194.77965
2283 220.134
2284 109.55928
2285 176.56526
2286 144.12854
2287 185.59164
2288 12.625096
2289 145.37297
2290 197.84914
2291 235.0
2292 219.0
2293 188.70058
2294 56.968613
2295 0.0
2296 75.004814
2297 219.0
2298 19.622858
2299 218.28915
2300 298.04794
2301 235.0
2302 219.0
2303 603.0
2304 507.0
2305 431.30417
2306 396.3618
2307 356.0
2308 315.0
2309 315.0
2310 315.0
2311 315.0
2312 315.0
2313 315.0
2314 315.0
2315 315.0
2316 315.0
2317 315.0
2318 315.0
2319 315.0
2320 315.0
2321 315.0
2322 315.0
2323 315.0
2324 315.0
2325 315.0
2326 315.0
2327 315.0
2328 315.0
2329 305.44345
2330 298.04794
2331 291.7676
2332 290.94617
2333 286.6364
2334 283.55258
2335 282.8262
2336 278.48633
2337 276.0
2338 272.50107
2339 271.44925
2340 267.85577
2341 264.1043
2342 258.15253
2343 255.71877
2344 249.22543
2345 236.134
2346 236.134
2347 236.134
2348 236.134
2349 236.134
2350 236.134
2351 236.134
2352 236.134
2353 315.0
2354 193.76129
2355 235.0
2356 69.29836
2357 32.531628
2358 70.276054
2359 219.0
2360 219.0
2361 235.0
2362 235.0
2363 235.0
2364 72.31574
2365 239.59608
2366 46.792038
2367 235.0
2368 235.0
2369 149.84566
2370 219.0
2371 0.0
2372 50.090168
2373 86.655235
2374 92.4219
2375 182.48738
2376 219.0
2377 98.38814
2378 235.0
2379 316.134
2380 0.0
2381 235.0
2382 235.0
2383 39.838448
2384 152.80542
2385 219.0
2386 0.274684
2387 219.0
2388 193.28424
2389 235.0
2390 183.50615
2391 176.27074
2392 315.0
2393 219.0
2394 235.0
2395 185.32431
2396 187.52353
2397 0.0
2398 235.0
2399 218.12814
2400 65.546394
2401 219.0
2402 42.68408
2403 603.0
2404 507.0
2405 431.30417
2406 396.3618
2407 356.0
2408 316.134
2409 315.0
2410 315.0
2411 315.0
2412 315.0
2413 315.0
2414 315.0
2415 315.0
2416 315.0
2417 315.0
2418 315.0
2419 315.0
2420 315.0
2421 315.0
2422 315.0
2423 315.0
2424 315.0
2425 315.0
2426 315.0
2427 315.0
2428 315.0
2429 315.0
2430 315.0
2431 315.0
2432 305.44345
2433 298.04794
2434 291.7676
2435 290.94617
2436 286.6364
2437 283.55258
2438 282.8262
2439 278.48633
2440 276.0
2441 272.50107
2442 271.44925
2443 267.85577
2444 264.1043
2445 258.15253
2446 255.71877
2447 249.22543
2448 239.59608
2449 236.134
2450 236.134
2451 236.134
2452 236.134
2453 219.0
2454 219.0
2455 0.0
2456 76.88318
2457 74.088715
2458 219.0
2459 479.1069
2460 236.134
2461 219.0
2462 80.06713
2463 64.81912
2464 230.95006
2465 235.0
2466 220.134
2467 89.57075
2468 205.13118
2469 95.33807
2470 219.0
2471 37.54663
2472 315.0
2473 219.0
2474 40.34821
2475 144.58842
2476 0.0
2477 219.0
2478 219.0
2479 149.72136
2480 27.715937
2481 235.0
2482 219.0
2483 83.324265
2484 236.134
2485 122.32259
2486 276.0
2487 220.134
2488 235.0
2489 198.03441
2490 249.03937
2491 217.866
2492 315.0
2493 219.0
2494 219.0
2495 219.0
2496 219.0
2497 7.7486305
2498 219.0
2499 236.134
2500 97.73729
2501 102.85002
2502 288.3108
2503 603.0
2504 507.0
2505 479.1069
2506 431.30417
2507 396.3618
2508 356.0
2509 316.134
2510 315.0
2511 315.0
2512 315.0
2513 315.0
2514 315.0
2515 315.0
2516 315.0
2517 315.0
2518 315.0
2519 315.0
2520 315.0
2521 315.0
2522 315.0
2523 315.0
2524 315.0
2525 315.0
2526 315.0
2527 315.0
2528 315.0
2529 315.0
2530 315.0
2531 315.0
2532 315.0
2533 315.0
2534 315.0
2535 305.44345
2536 298.04794
2537 291.7676
2538 290.94617
2539 288.3108
2540 286.6364
2541 283.55258
2542 282.8262
2543 278.48633
2544 276.0
2545 276.0
2546 272.50107
2547 271.44925
2548 267.85577
2549 264.1043
2550 258.15253
2551 255.71877
2552 249.22543
2553 102.62366
2554 236.134
2555 151.6338
2556 0.0
2557 225.55472
2558 81.94245
2559 342.53967
2560 88.85242
2561 235.0
2562 146.73897
2563 146.52214
2564 143.69252
2565 222.20073
2566 219.0
2567 235.0
2568 200.60403
2569 276.0
2570 219.0
2571 219.0
2572 219.0
2573 88.39717
2574 219.0
2575 219.0
2576 104.481346
2577 219.0
2578 219.0
2579 219.0
2580 315.0
2581 219.0
2582 236.134
2583 0.0
2584 72.30681
2585 315.0
2586 0.0
2587 235.0
2588 202.1604
2589 188.73903
2590 219.0
2591 98.745804
2592 201.32709
2593 106.84995
2594 165.8501
2595 235.0
2596 219.0
2597 145.06073
2598 220.134
2599 236.134
2600 37.48063
2601 107.41497
2602 147.85411
2603 603.0
2604 507.0
2605 479.1069
2606 431.30417
2607 396.3618
2608 356.0
2609 342.53967
2610 316.134
2611 315.0
2612 315.0
2613 315.0
2614 315.0
2615 315.0
2616 315.0
2617 315.0
2618 315.0
2619 315.0
2620 315.0
2621 315.0
2622 315.0
2623 315.0
2624 315.0
2625 315.0
2626 315.0
2627 315.0
2628 315.0
2629 315.0
2630 315.0
2631 315.0
2632 315.0
2633 315.0
2634 315.0
2635 315.0
2636 315.0
2637 315.0
2638 305.44345
2639 298.04794
2640 291.7676
2641 290.94617
2642 288.3108
2643 286.6364
2644 283.55258
2645 282.8262
2646 278.48633
2647 276.0
2648 276.0
2649 276.0
2650 272.50107
2651 271.44925
2652 267.85577
2653 219.0
2654 235.0
2655 219.0
2656 0.0
2657 207.35985
2658 231.94154
2659 235.0
2660 220.134
2661 158.81996
2662 219.0
2663 235.0
2664 0.0
2665 219.0
2666 235.0
2667 219.0
2668 188.82948
2669 63.416054
2670 219.0
2671 174.7809
2672 108.42747
2673 219.0
2674 236.134
2675 507.0
2676 166.99695
2677 136.63377
2678 235.0
2679 110.03974
2680 81.022224
2681 219.0
2682 197.217
2683 235.0
2684 219.0
2685 219.0
2686 141.9898
2687 118.9922
2688 101.28045
2689 236.134
2690 219.0
2691 129.43477
2692 100.65344
2693 81.894455
2694 219.0
2695 267.27792
2696 64.167175
2697 121.98661
2698 223.20042
2699 235.0
2700 192.68192
2701 48.904575
2702 219.0
2703 603.0
2704 507.0
2705 507.0
2706 479.1069
2707 431.30417
2708 396.3618
2709 356.0
2710 342.53967
2711 316.134
2712 315.0
2713 315.0
2714 315.0
2715 315.0
2716 315.0
2717 315.0
2718 315.0
2719 315.0
2720 315.0
2721 315.0
2722 315.0
2723 315.0
2724 315.0
2725 315.0
2726 315.0
2727 315.0
2728 315.0
2729 315.0
2730 315.0
2731 315.0
2732 315.0
2733 315.0
2734 315.0
2735 315.0
2736 315.0
2737 315.0
2738 315.0
2739 305.44345
2740 298.04794
2741 291.7676
2742 290.94617
2743 288.3108
2744 286.6364
2745 283.55258
2746 282.8262
2747 278.48633
2748 276.0
2749 276.0
2750 276.0
2751 272.50107
2752 271.44925
2753 315.0
2754 42.05326
2755 109.69063
2756 235.0
2757 106.03146
2758 219.0
2759 315.0
2760 235.0
2761 196.17796
2762 169.60439
2763 219.0
2764 219.0
2765 219.0
2766 219.0
2767 183.5652
2768 235.0
2769 96.466415
2770 202.21335
2771 225.61462
2772 0.0
2773 151.48499
2774 0.0
2775 132.37141
2776 55.40613
2777 235.0
2778 235.0
2779 135.7894
2780 235.0
2781 37.55252
2782 507.0
2783 104.563515
2784 136.01414
2785 219.0
2786 219.0
2787 219.0
2788 34.21572
2789 144.7533
2790 359.14478
2791 219.0
2792 219.0
2793 103.94666
2794 219.0
2795 169.12067
2796 235.0
2797 220.134
2798 235.0
2799 235.0
2800 222.25488
2801 61.137657
2802 169.44568
2803 603.0
2804 507.0
2805 507.0
2806 507.0
2807 479.1069
2808 431.30417
2809 396.3618
2810 359.14478
2811 356.0
2812 342.53967
2813 316.134
2814 315.0
2815 315.0
2816 315.0
2817 315.0
2818 315.0
2819 315.0
2820 315.0
2821 315.0
2822 315.0
2823 315.0
2824 315.0
2825 315.0
2826 315.0
2827 315.0
2828 315.0
2829 315.0
2830 315.0
2831 315.0
2832 315.0
2833 315.0
2834 315.0
2835 315.0
2836 315.0
2837 315.0
2838 315.0
2839 315.0
2840 315.0
2841 315.0
2842 315.0
2843 305.44345
2844 298.04794
2845 291.7676
2846 290.94617
2847 288.3108
2848 286.6364
2849 283.55258
2850 282.8262
2851 278.48633
2852 276.0
2853 219.0
2854 22.597311
2855 220.134
2856 430.77475
2857 219.0
2858 0.0
2859 235.0
2860 46.03766
2861 54.19759
2862 235.0
2863 123.97669
2864 134.22032
2865 235.0
2866 103.2485
2867 6.6146307
2868 219.0
2869 235.0
2870 76.95959
2871 235.0
2872 235.0
2873 315.0
2874 205.4109
2875 220.134
2876 235.0
2877 219.0
2878 235.0
2879 73.908455
2880 219.0
2881 42.89173
2882 236.134
2883 207.32661
2884 403.4943
2885 219.0
2886 97.53545
2887 219.0
2888 90.70644
2889 94.88458
2890 33.733997
2891 220.134
2892 219.0
2893 219.0
2894 36.280632
2895 235.0
2896 47.507328
2897 235.0
2898 137.05273
2899 148.58806
2900 236.134
2901 199.21341
2902 163.85855
2903 603.0
2904 507.0
2905 507.0
2906 507.0
2907 479.1069
2908 431.30417
2909 430.77475
2910 403.4943
2911 396.3618
2912 359.14478
2913 356.0
2914 342.53967
2915 316.134
2916 315.0
2917 315.0
2918 315.0
2919 315.0
2920 315.0
2921 315.0
2922 315.0
2923 315.0
2924 315.0
2925 315.0
2926 315.0
2927 315.0
2928 315.0
2929 315.0
2930 315.0
2931 315.0
2932 315.0
2933 315.0
2934 315.0
2935 315.0
2936 315.0
2937 315.0
2938 315.0
2939 315.0
2940 315.0
2941 315.0
2942 315.0
2943 315.0
2944 315.0
2945 315.0
2946 305.44345
2947 298.04794
2948 291.7676
2949 290.94617
2950 288.3108
2951 286.6364
2952 283.55258
2953 220.134
2954 235.0
2955 219.0
2956 16.793705
2957 235.0
2958 0.0
2959 185.00917
2960 219.0
2961 219.0
2962 13.5561285
2963 29.19828
2964 120.753105
2965 189.30898
2966 235.0
2967 219.0
2968 168.77625
2969 98.4975
2970 219.0
2971 62.450676
2972 266.59232
2973 219.0
2974 235.0
2975 45.044853
2976 315.0
2977 208.92842
2978 235.0
2979 219.0
2980 235.0
2981 169.58243
2982 175.52084
2983 219.0
2984 220.134
2985 127.42491
2986 219.0
2987 185.93645
2988 110.64114
2989 110.94352
2990 235.0
2991 219.0
2992 235.0
2993 65.76867
2994 67.3611
2995 146.07274
2996 185.99448
2997 235.0
2998 235.0
2999 219.0
3000 235.0
3001 235.0
3002 184.94482
3003 603.0
3004 507.0
3005 507.0
3006 507.0
3007 479.1069
3008 431.30417
3009 430.77475
3010 403.4943
3011 396.3618
3012 359.14478
3013 356.0
3014 342.53967
3015 316.134
3016 315.0
3017 315.0
3018 315.0
3019 315.0
3020 315.0
3021 315.0
3022 315.0
3023 315.0
3024 315.0
3025 315.0
3026 315.0
3027 315.0
3028 315.0
3029 315.0
3030 315.0
3031 315.0
3032 315.0
3033 315.0
3034 315.0
3035 315.0
3036 315.0
3037 315.0
3038 315.0
3039 315.0
3040 315.0
3041 315.0
3042 315.0
3043 315.0
3044 315.0
3045 315.0
3046 315.0
3047 305.44345
3048 298.04794
3049 291.7676
3050 290.94617
3051 288.3108
3052 286.6364
3053 219.0
3054 219.0
3055 508.134
3056 101.1674
3057 219.0
3058 219.0
3059 135.60985
3060 196.56143
3061 235.0
3062 109.8784
3063 34.84839
3064 603.0
3065 118.6044
3066 235.0
3067 314.25873
3068 109.37953
3069 219.0
3070 264.0427
3071 188.37334
3072 315.0
3073 303.34082
3074 311.36337
3075 219.0
3076 60.205246
3077 219.0
3078 60.83891
3079 235.0
3080 91.17306
3081 235.0
3082 12.698484
3083 235.0
3084 219.0
3085 85.69646
3086 219.0
3087 219.0
3088 82.00893
3089 119.35284
3090 315.0
3091 315.0
3092 47.31591
3093 220.134
3094 219.0
3095 219.0
3096 88.95422
3097 92.16387
3098 236.134
3099 219.0
3100 197.82893
3101 233.866
3102 62.707886
3103 603.0
3104 603.0
3105 508.134
3106 507.0
3107 507.0
3108 507.0
3109 479.1069
3110 431.30417
3111 430.77475
3112 403.4943
3113 396.3618
3114 359.14478
3115 356.0
3116 342.53967
3117 316.134
3118 315.0
3119 315.0
3120 315.0
3121 315.0
3122 315.0
3123 315.0
3124 315.0
3125 315.0
3126 315.0
3127 315.0
3128 315.0
3129 315.0
3130 315.0
3131 315.0
3132 315.0
3133 315.0
3134 315.0
3135 315.0
3136 315.0
3137 315.0
3138 315.0
3139 315.0
3140 315.0
3141 315.0
3142 315.0
3143 315.0
3144 315.0
3145 315.0
3146 315.0
3147 315.0
3148 315.0
3149 315.0
3150 315.0
3151 315.0
3152 314.25873
3153 53.157234
3154 0.0
3155 219.0
3156 252.28587
3157 315.0
3158 315.0
3159 235.0
3160 219.0
3161 219.0
3162 235.0
3163 316.134
3164 38.74279
3165 235.0
3166 206.32172
3167 219.0
3168 117.86606
3169 149.82574
3170 507.0
3171 219.0
3172 219.0
3173 77.997215
3174 219.0
3175 66.01312
3176 219.0
3177 219.0
3178 101.97687
3179 6.6146307
3180 252.75696
3181 173.87775
3182 181.39598
3183 108.31226
3184 207.65993
3185 82.1664
3186 219.0
3187 235.0
3188 235.0
3189 85.25007
3190 219.0
3191 219.0
3192 235.0
3193 219.0
3194 193.00192
3195 233.866
3196 225.61462
3197 107.215195
3198 154.42499
3199 235.0
3200 219.0
3201 155.39143
3202 206.80937
3203 603.0
3204 603.0
3205 508.134
3206 507.0
3207 507.0
3208 507.0
3209 507.0
3210 479.1069
3211 431.30417
3212 430.77475
3213 403.4943
3214 396.3618
3215 359.14478
3216 356.0
3217 342.53967
3218 316.134
3219 316.134
3220 315.0
3221 315.0
3222 315.0
3223 315.0
3224 315.0
3225 315.0
3226 315.0
3227 315.0
3228 315.0
3229 315.0
3230 315.0
3231 315.0
3232 315.0
3233 315.0
3234 315.0
3235 315.0
3236 315.0
3237 315.0
3238 315.0
3239 315.0
3240 315.0
3241 315.0
3242 315.0
3243 315.0
3244 315.0
3245 315.0
3246 315.0
3247 315.0
3248 315.0
3249 315.0
3250 315.0
3251 315.0
3252 315.0
3253 235.0
3254 235.0
3255 235.0
3256 315.0
3257 65.391685
3258 219.0
3259 85.06693
3260 107.31843
3261 0.0
3262 219.0
3263 175.29733
3264 316.134
3265 35.35246
3266 39.148632
3267 315.0
3268 219.0
3269 185.95226
3270 219.0
3271 219.0
3272 136.86948
3273 235.0
3274 315.0
3275 315.0
3276 235.0
3277 219.0
3278 315.0
3279 90.428375
3280 219.0
3281 219.0
3282 61.31573
3283 144.71703
3284 95.732506
3285 219.0
3286 120.368774
3287 235.0
3288 215.27026
3289 88.20696
3290 219.0
3291 235.0
3292 219.0
3293 219.0
3294 147.52376
3295 235.0
3296 82.25118
3297 235.0
3298 25.842426
3299 235.0
3300 66.80715
3301 235.0
3302 235.0
3303 603.0
3304 603.0
3305 508.134
3306 507.0
3307 507.0
3308 507.0
3309 507.0
3310 479.1069
3311 431.30417
3312 430.77475
3313 403.4943
3314 396.3618
3315 359.14478
3316 356.0
3317 342.53967
3318 316.134
3319 316.134
3320 316.134
3321 315.0
3322 315.0
3323 315.0
3324 315.0
3325 315.0
3326 315.0
3327 315.0
3328 315.0
3329 315.0
3330 315.0
3331 315.0
3332 315.0
3333 315.0
3334 315.0
3335 315.0
3336 315.0
3337 315.0
3338 315.0
3339 315.0
3340 315.0
3341 315.0
3342 315.0
3343 315.0
3344 315.0
3345 315.0
3346 315.0
3347 315.0
3348 315.0
3349 315.0
3350 315.0
3351 315.0
3352 315.0
3353 235.0
3354 196.93105
3355 235.0
3356 219.0
3357 191.22076
3358 235.0
3359 220.134
3360 219.0
3361 0.0
3362 59.206333
3363 235.0
3364 315.0
3365 36.1093
3366 197.73433
3367 29.256739
3368 219.0
3369 220.134
3370 463.99026
3371 41.85914
3372 235.0
3373 219.0
3374 236.134
3375 315.0
3376 219.0
3377 235.0
3378 131.54504
3379 235.0
3380 219.0
3381 219.0
3382 219.0
3383 241.80652
3384 219.0
3385 235.0
3386 219.0
3387 235.0
3388 219.0
3389 67.7607
3390 315.0
3391 315.0
3392 43.02146
3393 187.63954
3394 213.07681
3395 235.0
3396 88.63275
3397 235.0
3398 207.5786
3399 315.0
3400 218.746
3401 172.49687
3402 220.134
3403 603.0
3404 603.0
3405 508.134
3406 507.0
3407 507.0
3408 507.0
3409 507.0
3410 479.1069
3411 463.99026
3412 431.30417
3413 430.77475
3414 403.4943
3415 396.3618
3416 359.14478
3417 356.0
3418 342.53967
3419 316.134
3420 316.134
3421 316.134
3422 315.0
3423 315.0
3424 315.0
3425 315.0
3426 315.0
3427 315.0
3428 315.0
3429 315.0
3430 315.0
3431 315.0
3432 315.0
3433 315.0
3434 315.0
3435 315.0
3436 315.0
3437 315.0
3438 315.0
3439 315.0
3440 315.0
3441 315.0
3442 315.0
3443 315.0
3444 315.0
3445 315.0
3446 315.0
3447 315.0
3448 315.0
3449 315.0
3450 315.0
3451 315.0
3452 315.0
3453 161.60033
3454 315.0
3455 219.0
3456 236.134
3457 219.0
3458 198.31898
3459 43.91413
3460 500.14917
3461 207.68338
3462 14.64463
3463 0.0
3464 192.91217
3465 219.0
3466 47.493126
3467 30.656937
3468 105.142715
3469 170.4994
3470 160.08522
3471 315.0
3472 66.92026
3473 235.0
3474 315.0
3475 158.64485
3476 315.0
3477 219.0
3478 217.04022
3479 96.69577
3480 219.0
3481 235.0
3482 159.21411
3483 315.0
3484 101.58775
3485 316.134
3486 236.134
3487 37.41463
3488 235.0
3489 90.37307
3490 190.24965
3491 42.852135
3492 197.53018
3493 236.134
3494 220.134
3495 49.757126
3496 25.099915
3497 315.0
3498 219.0
3499 219.0
3500 158.98564
3501 315.0
3502 252.5559
3503 603.0
3504 603.0
3505 508.134
3506 507.0
3507 507.0
3508 507.0
3509 507.0
3510 500.14917
3511 479.1069
3512 463.99026
3513 431.30417
3514 430.77475
3515 403.4943
3516 396.3618
3517 359.14478
3518 356.0
3519 342.53967
3520 316.134
3521 316.134
3522 316.134
3523 316.134
3524 315.0
3525 315.0
3526 315.0
3527 315.0
3528 315.0
3529 315.0
3530 315.0
3531 315.0
3532 315.0
3533 315.0
3534 315.0
3535 315.0
3536 315.0
3537 315.0
3538 315.0
3539 315.0
3540 315.0
3541 315.0
3542 315.0
3543 315.0
3544 315.0
3545 315.0
3546 315.0
3547 315.0
3548 315.0
3549 315.0
3550 315.0
3551 315.0
3552 315.0
3553 236.134
3554 55.417873
3555 507.0
3556 149.31757
3557 235.0
3558 219.0
3559 219.0
3560 235.0
3561 219.0
3562 93.36144
3563 0.0
3564 120.92783
3565 95.24622
3566 53.64509
3567 34.868
3568 35.39966
3569 61.665173
3570 315.0
3571 170.42688
3572 235.0
3573 316.134
3574 175.60725
3575 219.0
3576 235.0
3577 315.0
3578 219.0
3579 219.0
3580 219.0
3581 219.0
3582 195.59444
3583 235.0
3584 125.98685
3585 235.0
3586 315.0
3587 235.0
3588 235.0
3589 315.0
3590 219.0
3591 235.0
3592 315.0
3593 65.18883
3594 59.200256
3595 22.228477
3596 122.17408
3597 219.0
3598 219.0
3599 315.0
3600 159.48056
3601 110.259834
3602 48.151863
3603 603.0
3604 603.0
3605 508.134
3606 507.0
3607 507.0
3608 507.0
3609 507.0
3610 507.0
3611 500.14917
3612 479.1069
3613 463.99026
3614 431.30417
3615 430.77475
3616 403.4943
3617 396.3618
3618 359.14478
3619 356.0
3620 342.53967
3621 316.134
3622 316.134
3623 316.134
3624 316.134
3625 316.134
3626 315.0
3627 315.0
3628 315.0
3629 315.0
3630 315.0
3631 315.0
3632 315.0
3633 315.0
3634 315.0
3635 315.0
3636 315.0
3637 315.0
3638 315.0
3639 315.0
3640 315.0
3641 315.0
3642 315.0
3643 315.0
3644 315.0
3645 315.0
3646 315.0
3647 315.0
3648 315.0
3649 315.0
3650 315.0
3651 315.0
3652 315.0
3653 235.0
3654 247.19304
3655 219.0
3656 47.017864
3657 219.0
3658 507.0
3659 1243.0
3660 854.5438
3661 235.0
3662 178.65172
3663 235.0
3664 0.0
3665 53.49127
3666 85.49543
3667 92.11342
3668 235.0
3669 96.756035
3670 220.134
3671 235.0
3672 236.134
3673 316.134
3674 219.31107
3675 30.075258
3676 201.20871
3677 220.134
3678 235.0
3679 196.36234
3680 309.36795
3681 202.29308
3682 219.0
3683 315.0
3684 197.3612
3685 98.7565
3686 219.0
3687 127.68931
3688 315.0
3689 220.134
3690 235.0
3691 219.0
3692 235.0
3693 8.842513
3694 219.0
3695 215.13272
3696 235.0
3697 219.0
3698 32.0
3699 220.134
3700 110.85616
3701 1.334825
3702 82.969246
3703 1243.0
3704 1243.0
3705 854.5438
3706 603.0
3707 603.0
3708 508.134
3709 507.0
3710 507.0
3711 507.0
3712 507.0
3713 507.0
3714 507.0
3715 500.14917
3716 479.1069
3717 463.99026
3718 431.30417
3719 430.77475
3720 403.4943
3721 396.3618
3722 359.14478
3723 356.0
3724 342.53967
3725 316.134
3726 316.134
3727 316.134
3728 316.134
3729 316.134
3730 316.134
3731 315.0
3732 315.0
3733 315.0
3734 315.0
3735 315.0
3736 315.0
3737 315.0
3738 315.0
3739 315.0
3740 315.0
3741 315.0
3742 315.0
3743 315.0
3744 315.0
3745 315.0
3746 315.0
3747 315.0
3748 315.0
3749 315.0
3750 315.0
3751 315.0
3752 315.0
3753 315.0
3754 234.02022
3755 603.0
3756 219.0
3757 220.134
3758 235.0
3759 315.0
3760 219.0
3761 315.0
3762 219.0
3763 410.15314
3764 219.0
3765 235.0
3766 315.0
3767 220.134
3768 0.0
3769 315.0
3770 210.0273
3771 315.0
3772 81.28655
3773 21.962854
3774 199.35233
3775 235.0
3776 236.134
3777 60.655365
3778 235.0
3779 22.008375
3780 27.935516
3781 68.04294
3782 219.0
3783 90.08571
3784 219.0
3785 219.0
3786 96.23669
3787 93.850876
3788 132.75342
3789 32.0
3790 100.008606
3791 40.34863
3792 219.0
3793 235.0
3794 219.0
3795 235.0
3796 110.14039
3797 158.68611
3798 315.0
3799 219.0
3800 315.0
3801 68.791916
3802 235.0
3803 219.0
3804 1243.0
3805 854.5438
3806 603.0
3807 603.0
3808 603.0
3809 508.134
3810 507.0
3811 507.0
3812 507.0
3813 507.0
3814 507.0
3815 507.0
3816 500.14917
3817 479.1069
3818 463.99026
3819 431.30417
3820 430.77475
3821 410.15314
3822 403.4943
3823 396.3618
3824 359.14478
3825 356.0
3826 342.53967
3827 316.134
3828 316.134
3829 316.134
3830 316.134
3831 316.134
3832 316.134
3833 315.0
3834 315.0
3835 315.0
3836 315.0
3837 315.0
3838 315.0
3839 315.0
3840 315.0
3841 315.0
3842 315.0
3843 315.0
3844 315.0
3845 315.0
3846 315.0
3847 315.0
3848 315.0
3849 315.0
3850 315.0
3851 315.0
3852 315.0
3853 315.0
3854 507.0
3855 219.0
3856 603.0
3857 219.0
3858 235.0
3859 235.0
3860 387.04623
3861 219.0
3862 219.0
3863 219.0
3864 219.0
3865 219.0
3866 235.0
3867 315.0
3868 235.0
3869 18.68708
3870 219.0
3871 219.0
3872 235.0
3873 219.0
3874 33.134
3875 504.25674
3876 305.22934
3877 44.264767
3878 25.655317
3879 236.134
3880 219.0
3881 219.0
3882 219.0
3883 219.0
3884 219.0
3885 219.0
3886 219.0
3887 315.0
3888 9.072802
3889 219.0
3890 219.0
3891 219.0
3892 667.0
3893 315.0
3894 235.0
3895 94.63597
3896 209.22505
3897 77.365524
3898 0.0
3899 190.33412
3900 102.5804
3901 0.0
3902 219.0
3903 56.54386
3904 1243.0
3905 854.5438
3906 667.0
3907 603.0
3908 603.0
3909 603.0
3910 603.0
3911 508.134
3912 507.0
3913 507.0
3914 507.0
3915 507.0
3916 507.0
3917 507.0
3918 507.0
3919 504.25674
3920 500.14917
3921 479.1069
3922 463.99026
3923 431.30417
3924 430.77475
3925 410.15314
3926 403.4943
3927 396.3618
3928 387.04623
3929 359.14478
3930 356.0
3931 342.53967
3932 316.134
3933 316.134
3934 316.134
3935 316.134
3936 316.134
3937 316.134
3938 315.0
3939 315.0
3940 315.0
3941 315.0
3942 315.0
3943 315.0
3944 315.0
3945 315.0
3946 315.0
3947 315.0
3948 315.0
3949 315.0
3950 315.0
3951 315.0
3952 315.0
3953 315.0
3954 219.0
3955 219.0
3956 235.0
3957 315.0
3958 219.0
3959 315.0
3960 190.39285
3961 699.0
3962 235.0
3963 219.0
3964 159.304
3965 235.0
3966 235.0
3967 177.77641
3968 0.0
3969 78.87922
3970 219.0
3971 48.25283
3972 235.0
3973 60.66516
3974 219.0
3975 32.406887
3976 185.04646
3977 315.0
3978 55.782063
3979 26.547167
3980 219.0
3981 219.0
3982 76.930984
3983 220.134
3984 219.0
3985 236.134
3986 235.3213
3987 219.0
3988 235.0
3989 121.65493
3990 135.70518
3991 219.0
3992 219.0
3993 100.98503
3994 219.0
3995 14.809536
3996 235.0
3997 159.41632
3998 81.14176
3999 219.0
4000 315.0
4001 315.0
4002 192.5262
4003 315.0
4004 1243.0
4005 854.5438
4006 699.0
4007 667.0
4008 603.0
4009 603.0
4010 603.0
4011 603.0
4012 508.134
4013 507.0
4014 507.0
4015 507.0
4016 507.0
4017 507.0
4018 507.0
4019 507.0
4020 504.25674
4021 500.14917
4022 479.1069
4023 463.99026
4024 431.30417
4025 430.77475
4026 410.15314
4027 403.4943
4028 396.3618
4029 387.04623
4030 359.14478
4031 356.0
4032 342.53967
4033 316.134
4034 316.134
4035 316.134
4036 316.134
4037 316.134
4038 316.134
4039 315.0
4040 315.0
4041 315.0
4042 315.0
4043 315.0
4044 315.0
4045 315.0
4046 315.0
4047 315.0
4048 315.0
4049 315.0
4050 315.0
4051 315.0
4052 315.0
4053 315.0
4054 190.28307
4055 315.0
4056 219.0
4057 235.0
4058 219.0
4059 235.0
4060 219.0
4061 315.0
4062 219.0
4063 219.0
4064 220.134
4065 596.3854
4066 315.0
4067 90.30205
4068 219.0
4069 219.0
4070 30.33276
4071 71.07194
4072 78.38607
4073 228.14914
4074 126.63863
4075 315.53458
4076 121.49492
4077 219.0
4078 219.0
4079 507.0
4080 118.17711
4081 96.54662
4082 219.0
4083 141.03374
4084 155.65407
4085 235.0
4086 219.0
4087 65.14608
4088 219.0
4089 219.0
4090 235.0
4091 219.0
4092 219.0
4093 57.27872
4094 141.11938
4095 315.0
4096 315.0
4097 169.77922
4098 219.0
4099 49.503674
4100 219.0
4101 129.2616
4102 87.52814
4103 507.0
4104 1243.0
4105 854.5438
4106 699.0
4107 667.0
4108 603.0
4109 603.0
4110 603.0
4111 603.0
4112 596.3854
4113 508.134
4114 507.0
4115 507.0
4116 507.0
4117 507.0
4118 507.0
4119 507.0
4120 507.0
4121 507.0
4122 507.0
4123 504.25674
4124 500.14917
4125 479.1069
4126 463.99026
4127 431.30417
4128 430.77475
4129 410.15314
4130 403.4943
4131 396.3618
4132 387.04623
4133 359.14478
4134 356.0
4135 342.53967
4136 316.134
4137 316.134
4138 316.134
4139 316.134
4140 316.134
4141 316.134
4142 315.53458
4143 315.0
4144 315.0
4145 315.0
4146 315.0
4147 315.0
4148 315.0
4149 315.0
4150 315.0
4151 315.0
4152 315.0
4153 315.0
4154 219.0
4155 235.0
4156 315.0
4157 315.0
4158 406.78146
4159 667.0
4160 235.0
4161 219.0
4162 210.67303
4163 403.3728
4164 190.29057
4165 101.82091
4166 235.0
4167 235.0
4168 235.0
4169 235.0
4170 235.0
4171 315.0
4172 189.98718
4173 219.0
4174 219.0
4175 219.0
4176 235.0
4177 235.0
4178 169.52103
4179 219.0
4180 219.0
4181 236.134
4182 219.0
4183 220.134
4184 220.134
4185 140.79663
4186 219.0
4187 151.20135
4188 219.0
4189 219.0
4190 140.49133
4191 55.13385
4192 219.0
4193 30.763096
4194 403.49268
4195 219.0
4196 530.1279
4197 235.0
4198 50.545467
4199 181.69084
4200 235.0
4201 321.61462
4202 235.0
4203 219.0
4204 1243.0
4205 854.5438
4206 699.0
4207 667.0
4208 667.0
4209 603.0
4210 603.0
4211 603.0
4212 603.0
4213 596.3854
4214 530.1279
4215 508.134
4216 507.0
4217 507.0
4218 507.0
4219 507.0
4220 507.0
4221 507.0
4222 507.0
4223 507.0
4224 507.0
4225 504.25674
4226 500.14917
4227 479.1069
4228 463.99026
4229 431.30417
4230 430.77475
4231 410.15314
4232 406.78146
4233 403.4943
4234 403.49268
4235 403.3728
4236 396.3618
4237 387.04623
4238 359.14478
4239 356.0
4240 342.53967
4241 321.61462
4242 316.134
4243 316.134
4244 316.134
4245 316.134
4246 316.134
4247 316.134
4248 315.53458
4249 315.0
4250 315.0
4251 315.0
4252 315.0
4253 315.0
4254 604.134
4255 603.0
4256 235.0
4257 79.980194
4258 42.361263
4259 219.0
4260 235.0
4261 315.0
4262 235.0
4263 171.93965
4264 507.0
4265 507.0
4266 201.45073
4267 273.003
4268 274.10068
4269 219.0
4270 219.0
4271 219.0
4272 219.0
4273 219.0
4274 235.0
4275 26.457336
4276 219.0
4277 164.16672
4278 87.70198
4279 42.73728
4280 235.0
4281 118.4559
4282 219.0
4283 315.0
4284 219.0
4285 219.0
4286 215.78578
4287 137.768
4288 44.588955
4289 236.134
4290 197.41737
4291 315.0
4292 230.95256
4293 315.0
4294 88.06881
4295 219.0
4296 235.0
4297 197.88597
4298 219.0
4299 315.0
4300 77.84708
4301 315.0
4302 235.0
4303 235.0
4304 1243.0
4305 854.5438
4306 699.0
4307 667.0
4308 667.0
4309 604.134
4310 603.0
4311 603.0
4312 603.0
4313 603.0
4314 603.0
4315 596.3854
4316 530.1279
4317 508.134
4318 507.0
4319 507.0
4320 507.0
4321 507.0
4322 507.0
4323 507.0
4324 507.0
4325 507.0
4326 507.0
4327 507.0
4328 507.0
4329 504.25674
4330 500.14917
4331 479.1069
4332 463.99026
4333 431.30417
4334 430.77475
4335 410.15314
4336 406.78146
4337 403.4943
4338 403.49268
4339 403.3728
4340 396.3618
4341 387.04623
4342 359.14478
4343 356.0
4344 342.53967
4345 321.61462
4346 316.134
4347 316.134
4348 316.134
4349 316.134
4350 316.134
4351 316.134
4352 315.53458
4353 315.0
4354 507.0
4355 235.0
4356 235.0
4357 219.0
4358 963.8916
4359 219.0
4360 54.25519
4361 603.0
4362 37.41463
4363 235.0
4364 219.0
4365 219.0
4366 367.53812
4367 507.0
4368 235.0
4369 235.0
4370 235.0
4371 219.0
4372 135.52066
4373 153.07457
4374 315.0
4375 235.0
4376 235.0
4377 219.0
4378 219.0
4379 22.355309
4380 219.0
4381 235.0
4382 285.93582
4383 0.0
4384 269.7195
4385 507.0
4386 65.57256
4387 105.472626
4388 235.0
4389 315.0
4390 315.0
4391 114.063225
4392 219.0
4393 110.59254
4394 235.0
4395 215.77191
4396 315.0
4397 219.0
4398 59.534355
4399 67.09188
4400 315.0
4401 41.180874
4402 214.31898
4403 60.577385
4404 1243.0
4405 963.8916
4406 854.5438
4407 699.0
4408 667.0
4409 667.0
4410 604.134
4411 603.0
4412 603.0
4413 603.0
4414 603.0
4415 603.0
4416 603.0
4417 596.3854
4418 530.1279
4419 508.134
4420 507.0
4421 507.0
4422 507.0
4423 507.0
4424 507.0
4425 507.0
4426 507.0
4427 507.0
4428 507.0
4429 507.0
4430 507.0
4431 507.0
4432 507.0
4433 507.0
4434 504.25674
4435 500.14917
4436 479.1069
4437 463.99026
4438 431.30417
4439 430.77475
4440 410.15314
4441 406.78146
4442 403.4943
4443 403.49268
4444 403.3728
4445 396.3618
4446 387.04623
4447 367.53812
4448 359.14478
4449 356.0
4450 342.53967
4451 321.61462
4452 316.134
4453 316.134
4454 280.19565
4455 35.68063
4456 1276.134
4457 315.0
4458 105.99875
4459 1243.0
4460 219.0
4461 235.0
4462 235.0
4463 177.12296
4464 667.0
4465 315.0
4466 219.0
4467 513.6146
4468 167.5154
4469 508.134
4470 235.0
4471 138.89749
4472 219.0
4473 315.0
4474 89.684204
4475 242.0361
4476 219.0
4477 219.0
4478 134.39705
4479 235.0
4480 219.0
4481 219.0
4482 219.0
4483 235.0
4484 123.33501
4485 182.80946
4486 69.93448
4487 631.81067
4488 0.0
4489 219.0
4490 119.205666
4491 206.58368
4492 103.64755
4493 219.0
4494 315.0
4495 158.78163
4496 64.72909
4497 235.0
4498 235.0
4499 376.1336
4500 235.0
4501 191.43573
4502 316.134
4503 184.70195
4504 1276.134
4505 1276.134
4506 1243.0
4507 1243.0
4508 963.8916
4509 854.5438
4510 699.0
4511 667.0
4512 667.0
4513 667.0
4514 631.81067
4515 604.134
4516 603.0
4517 603.0
4518 603.0
4519 603.0
4520 603.0
4521 603.0
4522 596.3854
4523 530.1279
4524 513.6146
4525 508.134
4526 508.134
4527 507.0
4528 507.0
4529 507.0
4530 507.0
4531 507.0
4532 507.0
4533 507.0
4534 507.0
4535 507.0
4536 507.0
4537 507.0
4538 507.0
4539 507.0
4540 507.0
4541 504.25674
4542 500.14917
4543 479.1069
4544 463.99026
4545 431.30417
4546 430.77475
4547 410.15314
4548 406.78146
4549 403.4943
4550 403.49268
4551 403.3728
4552 396.3618
4553 387.04623
4554 376.1336
4555 315.0
4556 354.50668
4557 145.2651
4558 219.0
4559 315.0
4560 699.0
4561 219.0
4562 235.0
4563 219.0
4564 14.6231365
4565 219.0
4566 315.0
4567 507.0
4568 219.0
4569 315.0
4570 93.06066
4571 219.0
4572 150.12625
4573 235.0
4574 235.0
4575 219.0
4576 235.0
4577 219.0
4578 507.0
4579 603.6
4580 235.0
4581 219.0
4582 219.0
4583 142.09125
4584 219.0
4585 235.0
4586 44.254715
4587 146.57104
4588 219.0
4589 235.0
4590 140.45119
4591 308.38538
4592 235.0
4593 77.05011
4594 53.96143
4595 0.0
4596 235.0
4597 235.0
4598 315.0
4599 114.99149
4600 219.0
4601 315.0
4602 507.0
4603 507.0
4604 105.66145
4605 1276.134
4606 1243.0
4607 1243.0
4608 963.8916
4609 854.5438
4610 699.0
4611 699.0
4612 667.0
4613 667.0
4614 667.0
4615 631.81067
4616 604.134
4617 603.6
4618 603.0
4619 603.0
4620 603.0
4621 603.0
4622 603.0
4623 603.0
4624 596.3854
4625 530.1279
4626 513.6146
4627 508.134
4628 508.134
4629 507.0
4630 507.0
4631 507.0
4632 507.0
4633 507.0
4634 507.0
4635 507.0
4636 507.0
4637 507.0
4638 507.0
4639 507.0
4640 507.0
4641 507.0
4642 507.0
4643 507.0
4644 507.0
4645 507.0
4646 507.0
4647 504.25674
4648 500.14917
4649 479.1069
4650 463.99026
4651 431.30417
4652 430.77475
4653 410.15314
4654 406.78146
4655 315.0
4656 359.7631
4657 219.0
4658 589.2315
4659 219.0
4660 110.925064
4661 219.0
4662 219.0
4663 235.0
4664 419.93616
4665 235.0
4666 219.0
4667 315.0
4668 220.134
4669 273.56073
4670 699.0
4671 219.0
4672 315.0
4673 219.0
4674 219.0
4675 219.0
4676 219.0
4677 507.0
4678 213.474
4679 235.0
4680 507.0
4681 149.93964
4682 315.0
4683 507.0
4684 164.32553
4685 235.0
4686 219.0
4687 219.0
4688 77.93756
4689 219.0
4690 220.134
4691 219.0
4692 315.0
4693 252.52061
4694 235.0
4695 235.0
4696 219.0
4697 397.73532
4698 315.0
4699 219.0
4700 31.944866
4701 0.0
4702 219.0
4703 133.7361
4704 315.0
4705 1276.134
4706 1243.0
4707 1243.0
4708 963.8916
4709 854.5438
4710 699.0
4711 699.0
4712 699.0
4713 667.0
4714 667.0
4715 667.0
4716 631.81067
4717 604.134
4718 603.6
4719 603.0
4720 603.0
4721 603.0
4722 603.0
4723 603.0
4724 603.0
4725 596.3854
4726 589.2315
4727 530.1279
4728 513.6146
4729 508.134
4730 508.134
4731 507.0
4732 507.0
4733 507.0
4734 507.0
4735 507.0
4736 507.0
4737 507.0
4738 507.0
4739 507.0
4740 507.0
4741 507.0
4742 507.0
4743 507.0
4744 507.0
4745 507.0
4746 507.0
4747 507.0
4748 507.0
4749 507.0
4750 507.0
4751 507.0
4752 504.25674
4753 500.14917
4754 479.1069
4755 144.76266
4756 315.0
4757 220.134
4758 235.0
4759 235.0
4760 219.0
4761 235.0
4762 136.5078
4763 152.40768
4764 315.0
4765 219.0
4766 33.134
4767 315.0
4768 430.91052
4769 235.0
4770 219.0
4771 430.62897
4772 315.0
4773 293.28915
4774 315.0
4775 315.0
4776 181.07039
4777 54.943516
4778 235.0
4779 315.0
4780 235.0
4781 235.0
4782 219.0
4783 236.134
4784 235.0
4785 219.0
4786 251.35413
4787 603.0
4788 219.0
4789 219.0
4790 173.9457
4791 219.0
4792 219.0
4793 508.134
4794 145.6169
4795 219.0
4796 219.0
4797 236.134
4798 96.63919
4799 315.0
4800 507.0
4801 111.74949
4802 290.8412
4803 131.04817
4804 157.49895
4805 1276.134
4806 1243.0
4807 1243.0
4808 963.8916
4809 854.5438
4810 699.0
4811 699.0
4812 699.0
4813 667.0
4814 667.0
4815 667.0
4816 631.81067
4817 604.134
4818 603.6
4819 603.0
4820 603.0
4821 603.0
4822 603.0
4823 603.0
4824 603.0
4825 603.0
4826 596.3854
4827 589.2315
4828 530.1279
4829 513.6146
4830 508.134
4831 508.134
4832 508.134
4833 507.0
4834 507.0
4835 507.0
4836 507.0
4837 507.0
4838 507.0
4839 507.0
4840 507.0
4841 507.0
4842 507.0
4843 507.0
4844 507.0
4845 507.0
4846 507.0
4847 507.0
4848 507.0
4849 507.0
4850 507.0
4851 507.0
4852 507.0
4853 507.0
4854 507.0
4855 219.0
4856 219.0
4857 479.73212
4858 315.0
4859 217.866
4860 192.96245
4861 219.0
4862 315.0
4863 219.0
4864 507.0
4865 202.29141
4866 69.79449
4867 179.19904
4868 287.8191
4869 315.0
4870 62.81691
4871 183.22215
4872 101.91673
4873 235.0
4874 219.0
4875 235.0
4876 315.0
4877 182.50745
4878 235.0
4879 219.0
4880 507.0
4881 219.0
4882 219.0
4883 699.0
4884 219.0
4885 235.0
4886 315.0
4887 356.0
4888 235.0
4889 315.0
4890 219.0
4891 219.0
4892 315.0
4893 220.134
4894 219.0
4895 235.0
4896 213.01147
4897 219.0
4898 219.0
4899 219.0
4900 159.0942
4901 152.94539
4902 235.0
4903 235.0
4904 315.0
4905 1276.134
4906 1243.0
4907 1243.0
4908 963.8916
4909 854.5438
4910 699.0
4911 699.0
4912 699.0
4913 699.0
4914 667.0
4915 667.0
4916 667.0
4917 631.81067
4918 604.134
4919 603.6
4920 603.0
4921 603.0
4922 603.0
4923 603.0
4924 603.0
4925 603.0
4926 603.0
4927 596.3854
4928 589.2315
4929 530.1279
4930 513.6146
4931 508.134
4932 508.134
4933 508.134
4934 507.0
4935 507.0
4936 507.0
4937 507.0
4938 507.0
4939 507.0
4940 507.0
4941 507.0
4942 507.0
4943 507.0
4944 507.0
4945 507.0
4946 507.0
4947 507.0
4948 507.0
4949 507.0
4950 507.0
4951 507.0
4952 507.0
4953 507.0
4954 507.0
4955 219.0
4956 383.62195
4957 315.0
4958 169.92676
4959 235.0
4960 219.0
4961 603.0
4962 315.0
4963 203.96292
4964 165.74738
4965 235.0
4966 236.134
4967 71.352486
4968 219.0
4969 219.0
4970 219.0
4971 603.0
4972 219.0
4973 235.0
4974 219.0
4975 190.29282
4976 235.0
4977 149.09042
4978 235.0
4979 235.0
4980 140.5409
4981 220.134
4982 219.0
4983 219.0
4984 220.134
4985 235.0
4986 220.134
4987 219.0
4988 149.81161
4989 315.0
4990 315.0
4991 315.0
4992 219.0
4993 92.20862
4994 315.0
4995 220.134
4996 219.0
4997 315.0
4998 283.69086
4999 219.0
5000 31.246387
5001 174.67741
5002 219.0
5003 235.0
5004 315.0
5005 1276.134
5006 1243.0
5007 1243.0
5008 963.8916
5009 854.5438
5010 699.0
5011 699.0
5012 699.0
5013 699.0
5014 667.0
5015 667.0
5016 667.0
5017 631.81067
5018 604.134
5019 603.6
5020 603.0
5021 603.0
5022 603.0
5023 603.0
5024 603.0
5025 603.0
5026 603.0
5027 603.0
5028 603.0
5029 596.3854
5030 589.2315
5031 530.1279
5032 513.6146
5033 508.134
5034 508.134
5035 508.134
5036 507.0
5037 507.0
5038 507.0
5039 507.0
5040 507.0
5041 507.0
5042 507.0
5043 507.0
5044 507.0
5045 507.0
5046 507.0
5047 507.0
5048 507.0
5049 507.0
5050 507.0
5051 507.0
5052 507.0
5053 507.0
5054 507.0
5055 219.0
5056 154.19801
5057 923.0
5058 235.0
5059 235.0
5060 219.0
5061 235.0
5062 603.0
5063 507.0
5064 219.0
5065 219.0
5066 507.0
5067 65.69694
5068 219.0
5069 235.0
5070 315.0
5071 235.0
5072 219.0
5073 315.0
5074 235.0
5075 235.0
5076 219.0
5077 219.0
5078 219.0
5079 168.71268
5080 235.0
5081 219.0
5082 219.0
5083 235.0
5084 235.0
5085 411.22882
5086 209.19855
5087 235.0
5088 219.0
5089 198.45184
5090 315.0
5091 315.0
5092 507.0
5093 315.0
5094 235.0
5095 219.0
5096 147.60326
5097 219.0
5098 235.0
5099 19.861082
5100 235.0
5101 219.0
5102 235.0
5103 219.0
5104 18.078197
5105 1276.134
5106 1243.0
5107 1243.0
5108 963.8916
5109 923.0
5110 854.5438
5111 699.0
5112 699.0
5113 699.0
5114 699.0
5115 667.0
5116 667.0
5117 667.0
5118 631.81067
5119 604.134
5120 603.6
5121 603.0
5122 603.0
5123 603.0
5124 603.0
5125 603.0
5126 603.0
5127 603.0
5128 603.0
5129 603.0
5130 603.0
5131 596.3854
5132 589.2315
5133 530.1279
5134 513.6146
5135 508.134
5136 508.134
5137 508.134
5138 507.0
5139 507.0
5140 507.0
5141 507.0
5142 507.0
5143 507.0
5144 507.0
5145 507.0
5146 507.0
5147 507.0
5148 507.0
5149 507.0
5150 507.0
5151 507.0
5152 507.0
5153 507.0
5154 507.0
5155 219.0
5156 315.0
5157 311.94202
5158 235.0
5159 192.23961
5160 507.0
5161 603.0
5162 315.0
5163 507.0
5164 206.68805
5165 235.0
5166 219.0
5167 235.0
5168 13.2678795
5169 203.51308
5170 315.0
5171 219.0
5172 219.0
5173 219.0
5174 128.79872
5175 219.0
5176 276.0
5177 219.0
5178 219.0
5179 315.0
5180 604.134
5181 50.723114
5182 207.479
5183 315.0
5184 114.01953
5185 235.0
5186 235.0
5187 219.0
5188 166.1975
5189 175.73347
5190 109.60259
5191 507.0
5192 132.92078
5193 235.0
5194 104.87793
5195 219.0
5196 219.0
5197 603.6
5198 219.0
5199 235.0
5200 138.15498
5201 699.0
5202 219.0
5203 219.0
5204 47.131313
5205 1276.134
5206 1243.0
5207 1243.0
5208 963.8916
5209 923.0
5210 854.5438
5211 699.0
5212 699.0
5213 699.0
5214 699.0
5215 699.0
5216 667.0
5217 667.0
5218 667.0
5219 631.81067
5220 604.134
5221 604.134
5222 603.6
5223 603.6
5224 603.0
5225 603.0
5226 603.0
5227 603.0
5228 603.0
5229 603.0
5230 603.0
5231 603.0
5232 603.0
5233 603.0
5234 603.0
5235 596.3854
5236 589.2315
5237 530.1279
5238 513.6146
5239 508.134
5240 508.134
5241 508.134
5242 507.0
5243 507.0
5244 507.0
5245 507.0
5246 507.0
5247 507.0
5248 507.0
5249 507.0
5250 507.0
5251 507.0
5252 507.0
5253 507.0
5254 507.0
5255 134.00134
5256 219.0
5257 604.134
5258 219.0
5259 235.0
5260 235.0
5261 507.0
5262 219.0
5263 304.85294
5264 235.0
5265 219.0
5266 235.0
5267 174.33813
5268 301.8576
5269 315.0
5270 315.0
5271 699.0
5272 235.0
5273 219.0
5274 219.0
5275 219.0
5276 219.0
5277 219.0
5278 315.0
5279 315.0
5280 220.134
5281 315.0
5282 235.0
5283 219.0
5284 315.0
5285 193.96748
5286 211.98253
5287 219.0
5288 507.0
5289 219.0
5290 235.0
5291 235.0
5292 90.83595
5293 315.0
5294 315.0
5295 235.0
5296 1243.0
5297 235.0
5298 235.0
5299 235.0
5300 219.0
5301 397.8562
5302 315.0
5303 82.81173
5304 276.0
5305 1276.134
5306 1243.0
5307 1243.0
5308 1243.0
5309 963.8916
5310 923.0
5311 854.5438
5312 699.0
5313 699.0
5314 699.0
5315 699.0
5316 699.0
5317 699.0
5318 667.0
5319 667.0
5320 667.0
5321 631.81067
5322 604.134
5323 604.134
5324 604.134
5325 603.6
5326 603.6
5327 603.0
5328 603.0
5329 603.0
5330 603.0
5331 603.0
5332 603.0
5333 603.0
5334 603.0
5335 603.0
5336 603.0
5337 603.0
5338 596.3854
5339 589.2315
5340 530.1279
5341 513.6146
5342 508.134
5343 508.134
5344 508.134
5345 507.0
5346 507.0
5347 507.0
5348 507.0
5349 507.0
5350 507.0
5351 507.0
5352 507.0
5353 507.0
5354 507.0
5355 235.0
5356 219.0
5357 219.0
5358 235.0
5359 235.0
5360 219.0
5361 315.0
5362 723.5862
5363 219.0
5364 219.0
5365 235.0
5366 219.0
5367 315.0
5368 219.0
5369 315.0
5370 186.06201
5371 21.427536
5372 219.0
5373 219.0
5374 219.0
5375 219.0
5376 508.134
5377 236.134
5378 315.0
5379 235.0
5380 235.0
5381 220.134
5382 219.0
5383 315.0
5384 235.0
5385 315.0
5386 603.0
5387 235.0
5388 315.0
5389 235.0
5390 219.0
5391 601.7932
5392 235.0
5393 219.0
5394 235.0
5395 414.512
5396 315.0
5397 235.0
5398 212.38538
5399 315.0
5400 315.0
5401 235.0
5402 315.0
5403 37.704327
5404 315.0
5405 1276.134
5406 1243.0
5407 1243.0
5408 1243.0
5409 963.8916
5410 923.0
5411 854.5438
5412 723.5862
5413 699.0
5414 699.0
5415 699.0
5416 699.0
5417 699.0
5418 699.0
5419 667.0
5420 667.0
5421 667.0
5422 631.81067
5423 604.134
5424 604.134
5425 604.134
5426 603.6
5427 603.6
5428 603.0
5429 603.0
5430 603.0
5431 603.0
5432 603.0
5433 603.0
5434 603.0
5435 603.0
5436 603.0
5437 603.0
5438 603.0
5439 603.0
5440 601.7932
5441 596.3854
5442 589.2315
5443 530.1279
5444 513.6146
5445 508.134
5446 508.134
5447 508.134
5448 508.134
5449 507.0
5450 507.0
5451 507.0
5452 507.0
5453 507.0
5454 507.0
5455 236.134
5456 321.61462
5457 219.0
5458 235.0
5459 235.0
5460 219.0
5461 235.0
5462 219.0
5463 188.20215
5464 219.0
5465 315.0
5466 219.0
5467 235.0
5468 315.0
5469 219.0
5470 667.0
5471 667.0
5472 41.720955
5473 219.0
5474 235.0
5475 219.0
5476 219.0
5477 219.0
5478 252.64052
5479 405.86246
5480 315.0
5481 219.0
5482 219.0
5483 219.0
5484 219.0
5485 219.0
5486 235.0
5487 441.40576
5488 235.0
5489 305.49823
5490 128.98788
5491 219.0
5492 235.0
5493 317.3995
5494 235.0
5495 235.0
5496 219.0
5497 315.0
5498 219.0
5499 315.0
5500 220.134
5501 219.0
5502 315.0
5503 220.134
5504 219.0
5505 1276.134
5506 1243.0
5507 1243.0
5508 1243.0
5509 963.8916
5510 923.0
5511 854.5438
5512 723.5862
5513 699.0
5514 699.0
5515 699.0
5516 699.0
5517 699.0
5518 699.0
5519 667.0
5520 667.0
5521 667.0
5522 667.0
5523 667.0
5524 631.81067
5525 604.134
5526 604.134
5527 604.134
5528 603.6
5529 603.6
5530 603.0
5531 603.0
5532 603.0
5533 603.0
5534 603.0
5535 603.0
5536 603.0
5537 603.0
5538 603.0
5539 603.0
5540 603.0
5541 603.0
5542 601.7932
5543 596.3854
5544 589.2315
5545 530.1279
5546 513.6146
5547 508.134
5548 508.134
5549 508.134
5550 508.134
5551 507.0
5552 507.0
5553 507.0
5554 507.0
5555 603.0
5556 235.0
5557 235.0
5558 376.02127
5559 315.0
5560 219.0
5561 235.0
5562 220.134
5563 219.0
5564 335.0202
5565 235.0
5566 507.0
5567 315.0
5568 93.19036
5569 315.0
5570 603.0
5571 147.5753
5572 235.0
5573 548.0
5574 252.89641
5575 220.134
5576 191.29857
5577 201.90555
5578 280.20654
5579 235.0
5580 219.0
5581 865.0266
5582 219.0
5583 219.0
5584 436.27274
5585 315.0
5586 235.0
5587 315.0
5588 220.134
5589 219.0
5590 219.0
5591 235.0
5592 130.90678
5593 235.0
5594 219.0
5595 38.7617
5596 235.0
5597 219.0
5598 219.0
5599 220.134
5600 315.0
5601 128.46225
5602 1243.0
5603 235.0
5604 235.0
5605 1276.134
5606 1243.0
5607 1243.0
5608 1243.0
5609 1243.0
5610 963.8916
5611 923.0
5612 865.0266
5613 854.5438
5614 723.5862
5615 699.0
5616 699.0
5617 699.0
5618 699.0
5619 699.0
5620 699.0
5621 667.0
5622 667.0
5623 667.0
5624 667.0
5625 667.0
5626 631.81067
5627 604.134
5628 604.134
5629 604.134
5630 603.6
5631 603.6
5632 603.0
5633 603.0
5634 603.0
5635 603.0
5636 603.0
5637 603.0
5638 603.0
5639 603.0
5640 603.0
5641 603.0
5642 603.0
5643 603.0
5644 603.0
5645 603.0
5646 601.7932
5647 596.3854
5648 589.2315
5649 548.0
5650 530.1279
5651 513.6146
5652 508.134
5653 508.134
5654 508.134
5655 219.0
5656 391.91177
5657 235.0
5658 219.0
5659 236.134
5660 235.0
5661 315.0
5662 235.0
5663 315.0
5664 219.0
5665 206.66112
5666 219.0
5667 373.87485
5668 603.0
5669 197.69804
5670 315.0
5671 36.556458
5672 594.24274
5673 235.0
5674 235.0
5675 219.0
5676 60.283195
5677 179.1102
5678 235.0
5679 315.0
5680 235.0
5681 220.134
5682 315.0
5683 205.32576
5684 235.0
5685 235.0
5686 219.0
5687 219.0
5688 219.0
5689 219.0
5690 235.0
5691 328.22366
5692 219.0
5693 235.0
5694 505.866
5695 603.0
5696 219.0
5697 135.28827
5698 87.7
5699 205.8433
5700 235.0
5701 149.76671
5702 219.0
5703 334.57578
5704 507.0
5705 1276.134
5706 1243.0
5707 1243.0
5708 1243.0
5709 1243.0
5710 963.8916
5711 923.0
5712 865.0266
5713 854.5438
5714 723.5862
5715 699.0
5716 699.0
5717 699.0
5718 699.0
5719 699.0
5720 699.0
5721 667.0
5722 667.0
5723 667.0
5724 667.0
5725 667.0
5726 631.81067
5727 604.134
5728 604.134
5729 604.134
5730 603.6
5731 603.6
5732 603.0
5733 603.0
5734 603.0
5735 603.0
5736 603.0
5737 603.0
5738 603.0
5739 603.0
5740 603.0
5741 603.0
5742 603.0
5743 603.0
5744 603.0
5745 603.0
5746 603.0
5747 603.0
5748 601.7932
5749 596.3854
5750 594.24274
5751 589.2315
5752 548.0
5753 530.1279
5754 513.6146
5755 172.89627
5756 235.0
5757 219.0
5758 219.0
5759 315.0
5760 235.0
5761 235.0
5762 1323.0
5763 219.0
5764 603.0
5765 1300.9396
5766 1275.0
5767 315.0
5768 316.134
5769 315.0
5770 220.134
5771 603.0
5772 315.0
5773 219.0
5774 186.85156
5775 1281.6146
5776 53.052105
5777 379.66998
5778 196.66037
5779 219.0
5780 219.0
5781 295.03308
5782 316.134
5783 219.0
5784 219.0
5785 219.0
5786 316.134
5787 219.0
5788 219.0
5789 235.0
5790 235.0
5791 315.0
5792 419.92776
5793 219.0
5794 315.0
5795 236.134
5796 219.0
5797 252.6469
5798 136.25212
5799 235.0
5800 397.8575
5801 203.5383
5802 219.0
5803 219.0
5804 235.0
5805 1323.0
5806 1323.0
5807 1300.9396
5808 1281.6146
5809 1276.134
5810 1275.0
5811 1243.0
5812 1243.0
5813 1243.0
5814 1243.0
5815 963.8916
5816 923.0
5817 865.0266
5818 854.5438
5819 723.5862
5820 699.0
5821 699.0
5822 699.0
5823 699.0
5824 699.0
5825 699.0
5826 667.0
5827 667.0
5828 667.0
5829 667.0
5830 667.0
5831 631.81067
5832 604.134
5833 604.134
5834 604.134
5835 603.6
5836 603.6
5837 603.0
5838 603.0
5839 603.0
5840 603.0
5841 603.0
5842 603.0
5843 603.0
5844 603.0
5845 603.0
5846 603.0
5847 603.0
5848 603.0
5849 603.0
5850 603.0
5851 603.0
5852 603.0
5853 603.0
5854 603.0
5855 601.7932
5856 508.134
5857 219.0
5858 235.0
5859 315.0
5860 507.0
5861 219.0
5862 235.0
5863 667.0
5864 315.0
5865 315.0
5866 315.0
5867 507.0
5868 163.03656
5869 219.0
5870 219.0
5871 315.0
5872 219.0
5873 508.134
5874 235.0
5875 236.134
5876 315.0
5877 235.0
5878 235.0
5879 235.0
5880 219.0
5881 315.0
5882 207.31232
5883 1275.0
5884 315.0
5885 235.0
5886 650.2272
5887 315.0
5888 235.0
5889 1208.1161
5890 315.0
5891 235.0
5892 235.0
5893 235.0
5894 507.0
5895 236.134
5896 233.92603
5897 507.0
5898 235.0
5899 219.0
5900 219.0
5901 315.0
5902 235.0
5903 132.24767
5904 179.41582
5905 219.0
5906 1323.0
5907 1300.9396
5908 1281.6146
5909 1276.134
5910 1275.0
5911 1275.0
5912 1243.0
5913 1243.0
5914 1243.0
5915 1243.0
5916 1208.1161
5917 963.8916
5918 923.0
5919 865.0266
5920 854.5438
5921 723.5862
5922 699.0
5923 699.0
5924 699.0
5925 699.0
5926 699.0
5927 699.0
5928 667.0
5929 667.0
5930 667.0
5931 667.0
5932 667.0
5933 667.0
5934 650.2272
5935 631.81067
5936 604.134
5937 604.134
5938 604.134
5939 603.6
5940 603.6
5941 603.0
5942 603.0
5943 603.0
5944 603.0
5945 603.0
5946 603.0
5947 603.0
5948 603.0
5949 603.0
5950 603.0
5951 603.0
5952 603.0
5953 603.0
5954 603.0
5955 603.0
5956 219.0
5957 219.0
5958 0.0
5959 235.0
5960 203.46413
5961 508.134
5962 315.0
5963 315.0
5964 219.0
5965 298.64096
5966 219.0
5967 235.0
5968 219.0
5969 219.0
5970 234.36841
5971 315.0
5972 235.0
5973 59.371845
5974 235.0
5975 219.0
5976 508.134
5977 315.0
5978 491.1594
5979 220.134
5980 315.0
5981 1275.0
5982 315.0
5983 315.0
5984 252.87941
5985 65.153946
5986 220.134
5987 185.6454
5988 220.134
5989 315.0
5990 315.0
5991 235.0
5992 219.0
5993 219.0
5994 219.0
5995 315.0
5996 235.0
5997 219.0
5998 603.0
5999 219.0
6000 219.0
6001 603.0
6002 219.0
6003 219.0
6004 235.0
6005 175.98138
6006 1323.0
6007 1300.9396
6008 1281.6146
6009 1276.134
6010 1275.0
6011 1275.0
6012 1275.0
6013 1243.0
6014 1243.0
6015 1243.0
6016 1243.0
6017 1208.1161
6018 963.8916
6019 923.0
6020 865.0266
6021 854.5438
6022 723.5862
6023 699.0
6024 699.0
6025 699.0
6026 699.0
6027 699.0
6028 699.0
6029 667.0
6030 667.0
6031 667.0
6032 667.0
6033 667.0
6034 667.0
6035 650.2272
6036 631.81067
6037 604.134
6038 604.134
6039 604.134
6040 603.6
6041 603.6
6042 603.0
6043 603.0
6044 603.0
6045 603.0
6046 603.0
6047 603.0
6048 603.0
6049 603.0
6050 603.0
6051 603.0
6052 603.0
6053 603.0
6054 603.0
6055 603.0
6056 219.0
6057 235.0
6058 1.7306478
6059 148.40541
6060 315.0
6061 153.15604
6062 219.0
6063 430.7915
6064 235.0
6065 219.0
6066 122.7868
6067 235.0
6068 235.0
6069 216.666
6070 219.0
6071 235.0
6072 109.8851
6073 288.53934
6074 235.0
6075 213.51253
6076 315.0
6077 219.0
6078 235.0
6079 177.03452
6080 235.0
6081 85.79821
6082 219.0
6083 235.0
6084 192.04233
6085 315.0
6086 61.19326
6087 219.0
6088 235.0
6089 315.0
6090 315.0
6091 219.0
6092 148.8318
6093 408.78293
6094 235.0
6095 315.0
6096 235.0
6097 219.0
6098 235.0
6099 217.57716
6100 315.0
6101 507.0
6102 219.0
6103 219.0
6104 604.134
6105 603.0
6106 1323.0
6107 1300.9396
6108 1281.6146
6109 1276.134
6110 1275.0
6111 1275.0
6112 1275.0
6113 1243.0
6114 1243.0
6115 1243.0
6116 1243.0
6117 1208.1161
6118 963.8916
6119 923.0
6120 865.0266
6121 854.5438
6122 723.5862
6123 699.0
6124 699.0
6125 699.0
6126 699.0
6127 699.0
6128 699.0
6129 667.0
6130 667.0
6131 667.0
6132 667.0
6133 667.0
6134 667.0
6135 650.2272
6136 631.81067
6137 604.134
6138 604.134
6139 604.134
6140 604.134
6141 603.6
6142 603.6
6143 603.0
6144 603.0
6145 603.0
6146 603.0
6147 603.0
6148 603.0
6149 603.0
6150 603.0
6151 603.0
6152 603.0
6153 603.0
6154 603.0
6155 603.0
6156 219.0
6157 235.0
6158 235.0
6159 235.0
6160 219.0
6161 219.0
6162 507.0
6163 315.0
6164 315.0
6165 315.0
6166 236.134
6167 435.91644
6168 59.130756
6169 235.0
6170 235.0
6171 235.0
6172 219.0
6173 219.0
6174 219.0
6175 235.0
6176 902.7585
6177 235.0
6178 219.0
6179 603.0
6180 219.0
6181 315.0
6182 507.0
6183 315.0
6184 235.0
6185 139.68336
6186 220.134
6187 603.0
6188 316.134
6189 149.26811
6190 604.134
6191 235.0
6192 235.0
6193 177.18964
6194 315.0
6195 219.0
6196 235.0
6197 235.0
6198 315.0
6199 235.0
6200 603.0
6201 219.0
6202 235.0
6203 219.0
6204 315.0
6205 603.0
6206 1323.0
6207 1300.9396
6208 1281.6146
6209 1276.134
6210 1275.0
6211 1275.0
6212 1275.0
6213 1243.0
6214 1243.0
6215 1243.0
6216 1243.0
6217 1208.1161
6218 963.8916
6219 923.0
6220 902.7585
6221 865.0266
6222 854.5438
6223 723.5862
6224 699.0
6225 699.0
6226 699.0
6227 699.0
6228 699.0
6229 699.0
6230 667.0
6231 667.0
6232 667.0
6233 667.0
6234 667.0
6235 667.0
6236 650.2272
6237 631.81067
6238 604.134
6239 604.134
6240 604.134
6241 604.134
6242 604.134
6243 603.6
6244 603.6
6245 603.0
6246 603.0
6247 603.0
6248 603.0
6249 603.0
6250 603.0
6251 603.0
6252 603.0
6253 603.0
6254 603.0
6255 603.0
6256 315.0
6257 219.0
6258 315.0
6259 235.0
6260 235.0
6261 315.0
6262 235.0
6263 235.0
6264 219.0
6265 235.0
6266 236.134
6267 235.52899
6268 596.1492
6269 507.0
6270 220.134
6271 158.57195
6272 235.0
6273 219.0
6274 235.0
6275 235.0
6276 923.6
6277 219.0
6278 219.0
6279 235.0
6280 47.35503
6281 235.0
6282 235.0
6283 598.1495
6284 568.80664
6285 219.0
6286 603.0
6287 60.26378
6288 315.0
6289 235.0
6290 190.16422
6291 235.0
6292 220.134
6293 447.2705
6294 638.3441
6295 315.0
6296 235.0
6297 315.0
6298 219.0
6299 235.0
6300 235.0
6301 219.0
6302 235.0
6303 219.0
6304 315.0
6305 507.0
6306 1323.0
6307 1300.9396
6308 1281.6146
6309 1276.134
6310 1275.0
6311 1275.0
6312 1275.0
6313 1243.0
6314 1243.0
6315 1243.0
6316 1243.0
6317 1208.1161
6318 963.8916
6319 923.6
6320 923.0
6321 902.7585
6322 865.0266
6323 854.5438
6324 723.5862
6325 699.0
6326 699.0
6327 699.0
6328 699.0
6329 699.0
6330 699.0
6331 667.0
6332 667.0
6333 667.0
6334 667.0
6335 667.0
6336 667.0
6337 650.2272
6338 638.3441
6339 631.81067
6340 604.134
6341 604.134
6342 604.134
6343 604.134
6344 604.134
6345 603.6
6346 603.6
6347 603.0
6348 603.0
6349 603.0
6350 603.0
6351 603.0
6352 603.0
6353 603.0
6354 603.0
6355 603.0
6356 604.134
6357 315.0
6358 235.0
6359 235.0
6360 219.0
6361 219.0
6362 219.0
6363 219.0
6364 235.0
6365 235.0
6366 235.0
6367 219.0
6368 235.0
6369 507.0
6370 235.0
6371 219.0
6372 219.0
6373 235.0
6374 687.1105
6375 219.0
6376 219.0
6377 235.0
6378 507.0
6379 603.6
6380 219.0
6381 315.0
6382 182.46288
6383 23.783676
6384 154.74292
6385 234.75278
6386 430.76282
6387 315.0
6388 507.0
6389 83.298386
6390 162.99191
6391 183.8054
6392 507.0
6393 219.0
6394 55.02157
6395 220.134
6396 256.4896
6397 158.92432
6398 201.02792
6399 235.0
6400 219.0
6401 507.0
6402 235.0
6403 315.0
6404 507.0
6405 219.0
6406 1323.0
6407 1300.9396
6408 1281.6146
6409 1276.134
6410 1275.0
6411 1275.0
6412 1275.0
6413 1243.0
6414 1243.0
6415 1243.0
6416 1243.0
6417 1208.1161
6418 963.8916
6419 923.6
6420 923.0
6421 902.7585
6422 865.0266
6423 854.5438
6424 723.5862
6425 699.0
6426 699.0
6427 699.0
6428 699.0
6429 699.0
6430 699.0
6431 687.1105
6432 667.0
6433 667.0
6434 667.0
6435 667.0
6436 667.0
6437 667.0
6438 650.2272
6439 638.3441
6440 631.81067
6441 604.134
6442 604.134
6443 604.134
6444 604.134
6445 604.134
6446 604.134
6447 603.6
6448 603.6
6449 603.6
6450 603.0
6451 603.0
6452 603.0
6453 603.0
6454 603.0
6455 603.0
6456 235.0
6457 507.0
6458 32.10128
6459 315.0
6460 219.0
6461 219.0
6462 235.0
6463 219.0
6464 1099.0
6465 235.0
6466 134.15253
6467 219.0
6468 235.0
6469 507.0
6470 219.0
6471 507.0
6472 235.0
6473 182.20618
6474 235.0
6475 219.0
6476 631.1931
6477 235.0
6478 219.0
6479 235.0
6480 603.0
6481 219.0
6482 315.0
6483 149.49591
6484 718.5603
6485 315.0
6486 315.0
6487 507.0
6488 235.0
6489 315.0
6490 18.63868
6491 217.25157
6492 603.6
6493 18.877048
6494 219.0
6495 235.0
6496 219.0
6497 1243.0
6498 235.0
6499 235.0
6500 315.0
6501 176.1963
6502 219.0
6503 247.19304
6504 219.0
6505 235.0
6506 1323.0
6507 1300.9396
6508 1281.6146
6509 1276.134
6510 1275.0
6511 1275.0
6512 1275.0
6513 1243.0
6514 1243.0
6515 1243.0
6516 1243.0
6517 1243.0
6518 1208.1161
6519 1099.0
6520 963.8916
6521 923.6
6522 923.0
6523 902.7585
6524 865.0266
6525 854.5438
6526 723.5862
6527 718.5603
6528 699.0
6529 699.0
6530 699.0
6531 699.0
6532 699.0
6533 699.0
6534 687.1105
6535 667.0
6536 667.0
6537 667.0
6538 667.0
6539 667.0
6540 667.0
6541 650.2272
6542 638.3441
6543 631.81067
6544 631.1931
6545 604.134
6546 604.134
6547 604.134
6548 604.134
6549 604.134
6550 604.134
6551 603.6
6552 603.6
6553 603.6
6554 603.6
6555 603.0
6556 315.0
6557 235.0
6558 104.864075
6559 315.0
6560 507.0
6561 315.0
6562 220.134
6563 604.134
6564 219.0
6565 219.0
6566 219.0
6567 22.438494
6568 219.0
6569 235.0
6570 235.0
6571 235.0
6572 235.0
6573 235.0
6574 219.0
6575 219.0
6576 603.0
6577 72.28517
6578 210.31828
6579 219.0
6580 315.0
6581 603.0
6582 382.05713
6583 315.0
6584 219.0
6585 603.0
6586 315.0
6587 603.0
6588 219.0
6589 235.0
6590 315.0
6591 235.0
6592 315.0
6593 70.22821
6594 219.0
6595 235.0
6596 381.85837
6597 236.134
6598 235.0
6599 220.134
6600 219.0
6601 236.134
6602 219.0
6603 315.0
6604 603.0
6605 157.84372
6606 1323.0
6607 1300.9396
6608 1281.6146
6609 1276.134
6610 1275.0
6611 1275.0
6612 1275.0
6613 1243.0
6614 1243.0
6615 1243.0
6616 1243.0
6617 1243.0
6618 1208.1161
6619 1099.0
6620 963.8916
6621 923.6
6622 923.0
6623 902.7585
6624 865.0266
6625 854.5438
6626 723.5862
6627 718.5603
6628 699.0
6629 699.0
6630 699.0
6631 699.0
6632 699.0
6633 699.0
6634 687.1105
6635 667.0
6636 667.0
6637 667.0
6638 667.0
6639 667.0
6640 667.0
6641 650.2272
6642 638.3441
6643 631.81067
6644 631.1931
6645 604.134
6646 604.134
6647 604.134
6648 604.134
6649 604.134
6650 604.134
6651 604.134
6652 603.6
6653 603.6
6654 603.6
6655 603.6
6656 315.0
6657 219.0
6658 235.0
6659 219.0
6660 219.0
6661 235.0
6662 235.0
6663 219.0
6664 229.68474
6665 1478.4415
6666 219.0
6667 219.0
6668 235.0
6669 315.0
6670 253.0243
6671 162.17375
6672 217.866
6673 235.0
6674 315.0
6675 235.0
6676 321.61462
6677 315.0
6678 219.0
6679 147.55264
6680 315.0
6681 923.0
6682 315.0
6683 219.0
6684 315.0
6685 176.921
6686 219.0
6687 219.0
6688 235.0
6689 219.0
6690 507.0
6691 603.0
6692 603.0
6693 70.495575
6694 247.19304
6695 235.0
6696 46.951862
6697 604.134
6698 302.15094
6699 315.0
6700 235.0
6701 220.134
6702 235.0
6703 219.0
6704 197.44325
6705 315.0
6706 1478.4415
6707 1478.4415
6708 1323.0
6709 1300.9396
6710 1281.6146
6711 1276.134
6712 1275.0
6713 1275.0
6714 1275.0
6715 1243.0
6716 1243.0
6717 1243.0
6718 1243.0
6719 1243.0
6720 1208.1161
6721 1099.0
6722 963.8916
6723 923.6
6724 923.0
6725 923.0
6726 902.7585
6727 865.0266
6728 854.5438
6729 723.5862
6730 718.5603
6731 699.0
6732 699.0
6733 699.0
6734 699.0
6735 699.0
6736 699.0
6737 687.1105
6738 667.0
6739 667.0
6740 667.0
6741 667.0
6742 667.0
6743 667.0
6744 650.2272
6745 638.3441
6746 631.81067
6747 631.1931
6748 604.134
6749 604.134
6750 604.134
6751 604.134
6752 604.134
6753 604.134
6754 604.134
6755 604.134
6756 603.6
6757 315.0
6758 235.0
6759 235.0
6760 315.0
6761 235.0
6762 699.0
6763 1099.0
6764 219.0
6765 315.0
6766 219.0
6767 507.0
6768 235.0
6769 219.0
6770 193.15701
6771 235.0
6772 13.304357
6773 235.0
6774 507.0
6775 219.0
6776 315.0
6777 219.0
6778 315.0
6779 219.0
6780 158.21823
6781 603.0
6782 699.0
6783 235.0
6784 219.96652
6785 507.0
6786 219.51656
6787 212.38538
6788 219.0
6789 315.0
6790 552.7127
6791 235.0
6792 235.0
6793 507.0
6794 235.0
6795 315.0
6796 53.64055
6797 220.134
6798 235.0
6799 315.0
6800 235.0
6801 219.0
6802 603.0
6803 219.0
6804 164.10635
6805 315.0
6806 235.0
6807 1478.4415
6808 1323.0
6809 1300.9396
6810 1281.6146
6811 1276.134
6812 1275.0
6813 1275.0
6814 1275.0
6815 1243.0
6816 1243.0
6817 1243.0
6818 1243.0
6819 1243.0
6820 1208.1161
6821 1099.0
6822 1099.0
6823 963.8916
6824 923.6
6825 923.0
6826 923.0
6827 902.7585
6828 865.0266
6829 854.5438
6830 723.5862
6831 718.5603
6832 699.0
6833 699.0
6834 699.0
6835 699.0
6836 699.0
6837 699.0
6838 699.0
6839 699.0
6840 687.1105
6841 667.0
6842 667.0
6843 667.0
6844 667.0
6845 667.0
6846 667.0
6847 650.2272
6848 638.3441
6849 631.81067
6850 631.1931
6851 604.134
6852 604.134
6853 604.134
6854 604.134
6855 604.134
6856 604.134
6857 200.7245
6858 923.0
6859 507.0
6860 64.65792
6861 235.0
6862 235.0
6863 315.0
6864 315.0
6865 219.0
6866 235.0
6867 219.0
6868 229.33424
6869 219.0
6870 235.0
6871 235.0
6872 219.0
6873 235.0
6874 219.0
6875 219.0
6876 315.0
6877 143.26349
6878 219.0
6879 508.134
6880 1275.0
6881 603.0
6882 315.0
6883 600.7658
6884 601.866
6885 235.0
6886 235.0
6887 199.94392
6888 235.0
6889 508.134
6890 219.0
6891 235.0
6892 235.0
6893 219.0
6894 219.0
6895 142.20967
6896 219.0
6897 235.0
6898 315.0
6899 65.75423
6900 219.0
6901 507.0
6902 235.0
6903 235.0
6904 482.0643
6905 208.34065
6906 315.0
6907 1478.4415
6908 1323.0
6909 1300.9396
6910 1281.6146
6911 1276.134
6912 1275.0
6913 1275.0
6914 1275.0
6915 1275.0
6916 1243.0
6917 1243.0
6918 1243.0
6919 1243.0
6920 1243.0
6921 1208.1161
6922 1099.0
6923 1099.0
6924 963.8916
6925 923.6
6926 923.0
6927 923.0
6928 923.0
6929 902.7585
6930 865.0266
6931 854.5438
6932 723.5862
6933 718.5603
6934 699.0
6935 699.0
6936 699.0
6937 699.0
6938 699.0
6939 699.0
6940 699.0
6941 699.0
6942 687.1105
6943 667.0
6944 667.0
6945 667.0
6946 667.0
6947 667.0
6948 667.0
6949 650.2272
6950 638.3441
6951 631.81067
6952 631.1931
6953 604.134
6954 604.134
6955 604.134
6956 604.134
6957 315.0
6958 603.0
6959 219.0
6960 235.0
6961 235.0
6962 315.0
6963 235.0
6964 161.80385
6965 235.0
6966 235.0
6967 219.0
6968 235.0
6969 1291.9131
6970 219.0
6971 219.0
6972 699.0
6973 315.0
6974 235.0
6975 235.0
6976 175.1961
6977 235.0
6978 219.0
6979 315.0
6980 508.134
6981 235.0
6982 219.0
6983 150.58537
6984 219.0
6985 167.84793
6986 507.0
6987 219.0
6988 315.0
6989 219.0
6990 219.0
6991 219.0
6992 315.0
6993 315.0
6994 235.0
6995 185.10359
6996 219.0
6997 398.16833
6998 235.0
6999 219.0
7000 315.0
7001 235.0
7002 223.1216
7003 219.0
7004 315.0
7005 220.134
7006 235.0
7007 1478.4415
7008 1323.0
7009 1300.9396
7010 1291.9131
7011 1281.6146
7012 1276.134
7013 1275.0
7014 1275.0
7015 1275.0
7016 1275.0
7017 1243.0
7018 1243.0
7019 1243.0
7020 1243.0
7021 1243.0
7022 1208.1161
7023 1099.0
7024 1099.0
7025 963.8916
7026 923.6
7027 923.0
7028 923.0
7029 923.0
7030 902.7585
7031 865.0266
7032 854.5438
7033 723.5862
7034 718.5603
7035 699.0
7036 699.0
7037 699.0
7038 699.0
7039 699.0
7040 699.0
7041 699.0
7042 699.0
7043 699.0
7044 687.1105
7045 667.0
7046 667.0
7047 667.0
7048 667.0
7049 667.0
7050 667.0
7051 650.2272
7052 638.3441
7053 631.81067
7054 631.1931
7055 604.134
7056 604.134
7057 837.8371
7058 603.0
7059 603.0
7060 315.0
7061 315.0
7062 0.0
7063 603.0
7064 219.0
7065 1288.679
7066 253.06635
7067 315.0
7068 219.0
7069 235.0
7070 235.0
7071 315.0
7072 235.0
7073 315.0
7074 315.0
7075 219.0
7076 219.0
7077 315.0
7078 219.0
7079 235.0
7080 235.0
7081 185.87668
7082 219.0
7083 653.00903
7084 160.00235
7085 20.230328
7086 219.0
7087 507.0
7088 315.0
7089 219.0
7090 508.134
7091 603.0
7092 219.0
7093 315.0
7094 87.35869
7095 315.0
7096 184.04013
7097 592.85175
7098 315.0
7099 548.0
7100 507.0
7101 219.0
7102 235.0
7103 70.36526
7104 315.0
7105 219.0
7106 219.0
7107 1478.4415
7108 1323.0
7109 1300.9396
7110 1291.9131
7111 1288.679
7112 1281.6146
7113 1276.134
7114 1275.0
7115 1275.0
7116 1275.0
7117 1275.0
7118 1243.0
7119 1243.0
7120 1243.0
7121 1243.0
7122 1243.0
7123 1208.1161
7124 1099.0
7125 1099.0
7126 963.8916
7127 923.6
7128 923.0
7129 923.0
7130 923.0
7131 902.7585
7132 865.0266
7133 854.5438
7134 837.8371
7135 723.5862
7136 718.5603
7137 699.0
7138 699.0
7139 699.0
7140 699.0
7141 699.0
7142 699.0
7143 699.0
7144 699.0
7145 699.0
7146 687.1105
7147 667.0
7148 667.0
7149 667.0
7150 667.0
7151 667.0
7152 667.0
7153 653.00903
7154 650.2272
7155 638.3441
7156 631.81067
7157 149.47394
7158 315.0
7159 535.1931
7160 219.0
7161 315.0
7162 219.0
7163 217.80734
7164 219.0
7165 603.0
7166 315.0
7167 315.0
7168 258.50037
7169 219.0
7170 315.0
7171 315.0
7172 158.39973
7173 150.7064
7174 235.0
7175 219.0
7176 219.0
7177 235.0
7178 173.10014
7179 507.0
7180 315.0
7181 315.0
7182 38.61463
7183 603.0
7184 90.01573
7185 235.0
7186 219.0
7187 219.0
7188 507.0
7189 219.0
7190 219.0
7191 219.0
7192 229.51347
7193 315.0
7194 603.0
7195 303.39557
7196 219.0
7197 150.03944
7198 507.0
7199 1051.0
7200 179.3312
7201 315.0
7202 176.96487
7203 219.0
7204 316.134
7205 235.0
7206 235.0
7207 1478.4415
7208 1323.0
7209 1300.9396
7210 1291.9131
7211 1288.679
7212 1281.6146
7213 1276.134
7214 1275.0
7215 1275.0
7216 1275.0
7217 1275.0
7218 1243.0
7219 1243.0
7220 1243.0
7221 1243.0
7222 1243.0
7223 1208.1161
7224 1099.0
7225 1099.0
7226 1051.0
7227 963.8916
7228 923.6
7229 923.0
7230 923.0
7231 923.0
7232 902.7585
7233 865.0266
7234 854.5438
7235 837.8371
7236 723.5862
7237 718.5603
7238 699.0
7239 699.0
7240 699.0
7241 699.0
7242 699.0
7243 699.0
7244 699.0
7245 699.0
7246 699.0
7247 687.1105
7248 667.0
7249 667.0
7250 667.0
7251 667.0
7252 667.0
7253 667.0
7254 653.00903
7255 650.2272
7256 638.3441
7257 166.75412
7258 219.0
7259 508.134
7260 235.0
7261 203.91977
7262 235.0
7263 151.69049
7264 315.0
7265 507.0
7266 219.0
7267 235.0
7268 158.67744
7269 219.0
7270 603.0
7271 179.0501
7272 219.0
7273 60.34053
7274 219.0
7275 315.0
7276 315.0
7277 61.83276
7278 507.0
7279 235.0
7280 235.0
7281 219.0
7282 219.0
7283 219.0
7284 315.0
7285 219.0
7286 507.0
7287 174.935
7288 315.0
7289 131.22719
7290 1243.0
7291 315.0
7292 315.0
7293 219.0
7294 235.0
7295 288.78506
7296 146.46869
7297 219.0
7298 294.05566
7299 219.0
7300 219.0
7301 219.0
7302 315.0
7303 219.0
7304 219.0
7305 315.0
7306 219.0
7307 1478.4415
7308 1323.0
7309 1300.9396
7310 1291.9131
7311 1288.679
7312 1281.6146
7313 1276.134
7314 1275.0
7315 1275.0
7316 1275.0
7317 1275.0
7318 1243.0
7319 1243.0
7320 1243.0
7321 1243.0
7322 1243.0
7323 1243.0
7324 1208.1161
7325 1099.0
7326 1099.0
7327 1051.0
7328 963.8916
7329 923.6
7330 923.0
7331 923.0
7332 923.0
7333 902.7585
7334 865.0266
7335 854.5438
7336 837.8371
7337 723.5862
7338 718.5603
7339 699.0
7340 699.0
7341 699.0
7342 699.0
7343 699.0
7344 699.0
7345 699.0
7346 699.0
7347 699.0
7348 687.1105
7349 667.0
7350 667.0
7351 667.0
7352 667.0
7353 667.0
7354 667.0
7355 653.00903
7356 650.2272
7357 236.134
7358 219.0
7359 507.0
7360 219.0
7361 699.0
7362 235.0
7363 176.52403
7364 315.0
7365 315.0
7366 315.0
7367 219.0
7368 219.0
7369 219.0
7370 507.0
7371 315.0
7372 219.0
7373 315.0
7374 235.0
7375 235.0
7376 315.0
7377 315.0
7378 235.0
7379 315.0
7380 235.0
7381 220.134
7382 315.0
7383 315.0
7384 219.0
7385 315.0
7386 67.38534
7387 219.0
7388 80.91005
7389 219.0
7390 235.0
7391 142.6602
7392 222.81999
7393 219.0
7394 1099.0
7395 507.0
7396 219.0
7397 507.0
7398 219.0
7399 213.01704
7400 315.0
7401 315.0
7402 587.6224
7403 235.0
7404 126.70076
7405 33.845016
7406 685.93823
7407 1478.4415
7408 1323.0
7409 1300.9396
7410 1291.9131
7411 1288.679
7412 1281.6146
7413 1276.134
7414 1275.0
7415 1275.0
7416 1275.0
7417 1275.0
7418 1243.0
7419 1243.0
7420 1243.0
7421 1243.0
7422 1243.0
7423 1243.0
7424 1208.1161
7425 1099.0
7426 1099.0
7427 1099.0
7428 1051.0
7429 963.8916
7430 923.6
7431 923.0
7432 923.0
7433 923.0
7434 902.7585
7435 865.0266
7436 854.5438
7437 837.8371
7438 723.5862
7439 718.5603
7440 699.0
7441 699.0
7442 699.0
7443 699.0
7444 699.0
7445 699.0
7446 699.0
7447 699.0
7448 699.0
7449 699.0
7450 687.1105
7451 685.93823
7452 667.0
7453 667.0
7454 667.0
7455 667.0
7456 667.0
7457 147.0762
7458 316.134
7459 603.0
7460 315.0
7461 181.88597
7462 315.0
7463 315.0
7464 235.0
7465 235.0
7466 315.0
7467 219.0
7468 219.0
7469 219.0
7470 603.0
7471 220.134
7472 219.0
7473 168.35828
7474 38.600906
7475 219.0
7476 321.61462
7477 219.0
7478 597.5135
7479 603.0
7480 235.0
7481 236.134
7482 219.0
7483 219.0
7484 1323.0
7485 508.134
7486 219.0
7487 219.0
7488 219.0
7489 196.51889
7490 202.20078
7491 235.0
7492 507.0
7493 126.332275
7494 235.0
7495 235.0
7496 235.0
7497 315.0
7498 315.0
7499 85.950615
7500 219.0
7501 604.134
7502 219.0
7503 235.0
7504 207.39857
7505 212.02805
7506 219.0
7507 1478.4415
7508 1323.0
7509 1323.0
7510 1300.9396
7511 1291.9131
7512 1288.679
7513 1281.6146
7514 1276.134
7515 1275.0
7516 1275.0
7517 1275.0
7518 1275.0
7519 1243.0
7520 1243.0
7521 1243.0
7522 1243.0
7523 1243.0
7524 1243.0
7525 1208.1161
7526 1099.0
7527 1099.0
7528 1099.0
7529 1051.0
7530 963.8916
7531 923.6
7532 923.0
7533 923.0
7534 923.0
7535 902.7585
7536 865.0266
7537 854.5438
7538 837.8371
7539 723.5862
7540 718.5603
7541 699.0
7542 699.0
7543 699.0
7544 699.0
7545 699.0
7546 699.0
7547 699.0
7548 699.0
7549 699.0
7550 699.0
7551 687.1105
7552 685.93823
7553 667.0
7554 667.0
7555 667.0
7556 667.0
7557 235.0
7558 316.134
7559 315.0
7560 219.0
7561 235.0
7562 63.544994
7563 315.0
7564 197.0251
7565 219.0
7566 235.0
7567 32.149494
7568 315.0
7569 219.0
7570 235.0
7571 206.55444
7572 315.0
7573 219.0
7574 55.82186
7575 485.12085
7576 219.0
7577 219.0
7578 507.0
7579 315.0
7580 235.0
7581 235.0
7582 507.0
7583 634.0701
7584 174.76987
7585 235.0
7586 173.88174
7587 316.134
7588 219.0
7589 235.0
7590 50.388317
7591 485.36383
7592 315.0
7593 315.0
7594 219.0
7595 220.134
7596 203.2962
7597 219.0
7598 235.0
7599 235.0
7600 235.0
7601 219.0
7602 603.0
7603 219.0
