1 0.0
2 41.810238
3 250.80887
4 167.5448
5 156.87564
6 192.62366
7 0.0
8 0.0
9 172.26357
10 62.687958
11 87.93265
12 204.134
13 105.16466
14 299.0
15 273.6643
16 199.65674
17 91.75719
18 4.916197
19 71.081375
20 40.10737
21 0.0
22 0.0
23 28.278463
24 133.60272
25 199.72604
26 0.0
27 5.865329
28 1.2
29 106.08643
30 9.4850025
31 18.701794
32 250.03412
33 7.1525574E-7
34 61.61364
35 0.0
36 135.20125
37 94.42344
38 78.32192
39 176.12134
40 36.935978
41 8.918196
42 43.33587
43 88.03397
44 299.0
45 36.842155
46 51.605247
47 0.6
48 0.6
49 18.326221
50 203.0
