1 79.26257
2 79.26257
3 79.26257
4 79.26257
5 79.26257
6 66.899414
7 66.899414
8 66.899414
9 66.899414
10 66.899414
11 0.0
12 0.0
13 0.0
14 0.0
15 0.0
16 112.20165
17 112.20165
18 112.20165
19 112.20165
20 112.20165
21 0.0
22 0.0
23 0.0
24 0.0
25 0.0
26 179.46872
27 179.46872
28 179.46872
29 179.46872
30 179.46872
31 19.949862
32 19.949862
33 19.949862
34 19.949862
35 19.949862
36 203.0
37 203.0
38 203.0
39 203.0
40 203.0
41 203.0
42 203.0
43 203.0
44 203.0
45 203.0
46 23.597395
47 23.597395
48 23.597395
49 23.597395
50 23.597395
51 5.161606
52 13.029065
53 13.029065
54 13.029065
55 13.029065
56 203.0
57 203.0
58 203.0
59 203.0
60 203.0
61 0.0
62 0.0
63 0.0
64 0.0
65 0.0
66 22.180565
67 22.180565
68 22.180565
69 22.180565
70 22.180565
71 69.96416
72 69.96416
73 69.96416
74 69.96416
75 69.96416
76 0.0
77 0.0
78 0.0
79 0.0
80 0.0
81 85.376816
82 85.376816
83 85.376816
84 85.376816
85 85.376816
86 0.0
87 0.0
88 0.0
89 0.0
90 0.0
91 3.2185202
92 3.2185202
93 3.2185202
94 3.2185202
95 3.2185202
96 75.83032
97 75.83032
98 75.83032
99 75.83032
100 75.83032
101 168.15703
102 168.15703
103 168.15703
104 168.15703
105 168.15703
106 0.0
107 0.0
108 0.0
109 0.0
110 0.0
111 4.602
112 4.602
113 4.602
114 4.602
115 4.602
116 125.962555
117 125.962555
118 125.962555
119 125.962555
120 125.962555
121 0.0
122 0.0
123 0.0
124 0.0
125 0.0
126 23.177755
127 23.177755
128 23.177755
129 23.177755
130 23.177755
131 178.90163
132 178.90163
133 178.90163
134 178.90163
135 178.90163
136 139.71132
137 139.71132
138 139.71132
139 139.71132
140 139.71132
141 34.539555
142 34.539555
143 34.539555
144 34.539555
145 34.539555
146 0.0
147 0.0
148 0.0
149 0.0
150 0.0
151 0.0
152 0.0
153 0.0
154 0.0
155 0.0
156 203.0
157 203.0
158 203.0
159 203.0
160 203.0
161 162.49678
162 162.49678
163 162.49678
164 162.49678
165 162.49678
166 0.0
167 0.0
168 0.0
169 0.0
170 0.0
171 29.748573
172 29.748573
173 29.748573
174 29.748573
175 29.748573
176 171.88448
177 171.88448
178 171.88448
179 171.88448
180 171.88448
181 0.0
182 0.0
183 0.0
184 0.0
185 0.0
186 0.0
187 0.0
188 0.0
189 0.0
190 0.0
191 0.0
192 0.0
193 0.0
194 0.0
195 0.0
196 13.04128
197 13.04128
198 13.04128
199 13.04128
200 13.04128
201 15.523089
202 15.523089
203 15.523089
204 15.523089
205 15.523089
206 32.350754
207 32.350754
208 32.350754
209 32.350754
210 32.350754
211 12.179937
212 12.179937
213 12.179937
214 12.179937
215 12.179937
216 0.0
217 0.0
218 0.0
219 0.0
220 0.0
221 1.1340001
222 1.1340001
223 1.1340001
224 1.1340001
225 1.1340001
226 112.249146
227 112.249146
228 112.249146
229 112.249146
230 112.249146
231 21.986675
232 21.986675
233 21.986675
234 21.986675
235 21.986675
236 9.634298
237 9.634298
238 9.634298
239 9.634298
240 9.634298
241 25.544447
242 25.544447
243 25.544447
244 25.544447
245 25.544447
246 254.98643
247 254.98643
248 254.98643
249 254.98643
250 254.98643
251 14.238202
252 14.238202
253 14.238202
254 14.238202
255 14.238202
256 190.23952
257 190.23952
258 190.23952
259 190.23952
260 190.23952
261 0.0
262 0.0
263 0.0
264 0.0
265 0.0
266 0.0
267 0.0
268 0.0
269 0.0
270 0.0
271 17.324572
272 17.324572
273 17.324572
274 17.324572
275 17.324572
276 69.721275
277 69.721275
278 69.721275
279 69.721275
280 69.721275
281 0.0
282 0.0
283 0.0
284 0.0
285 0.0
286 0.0
287 0.0
288 0.0
289 0.0
290 0.0
291 110.142494
292 110.142494
293 110.142494
294 110.142494
295 110.142494
296 0.0
297 0.0
298 0.0
299 0.0
300 0.0
301 49.069275
302 49.069275
303 49.069275
304 49.069275
305 49.069275
306 155.0
307 155.0
308 155.0
309 155.0
310 155.0
311 155.0
312 155.0
313 155.0
314 155.0
315 155.0
316 151.67197
317 151.67197
318 151.67197
319 151.67197
320 151.67197
321 276.0
322 276.0
323 276.0
324 276.0
325 276.0
326 155.0
327 155.0
328 155.0
329 155.0
330 155.0
331 219.0
332 219.0
333 219.0
334 219.0
335 219.0
336 149.46738
337 149.46738
338 149.46738
339 149.46738
340 149.46738
341 219.0
342 219.0
343 219.0
344 219.0
345 219.0
346 23.992245
347 23.992245
348 23.992245
349 23.992245
350 23.992245
351 0.0
352 0.0
353 0.0
354 0.0
355 0.0
356 133.45454
357 133.45454
358 133.45454
359 133.45454
360 133.45454
361 33.9075
362 33.9075
363 33.9075
364 33.9075
365 33.9075
366 0.0
367 0.0
368 0.0
369 0.0
370 0.0
371 219.6
372 219.6
373 219.6
374 219.6
375 219.6
376 26.458906
377 26.458906
378 26.458906
379 26.458906
380 26.458906
381 23.997326
382 23.997326
383 23.997326
384 23.997326
385 23.997326
386 138.31078
387 138.31078
388 138.31078
389 138.31078
390 138.31078
391 290.75897
392 290.75897
393 290.75897
394 290.75897
395 290.75897
396 188.134
397 188.134
398 188.134
399 188.134
400 188.134
401 70.66993
402 70.66993
403 70.66993
404 70.66993
405 70.66993
406 215.19304
407 215.19304
408 215.19304
409 215.19304
410 215.19304
411 190.33855
412 190.33855
413 190.33855
414 190.33855
415 190.33855
416 149.37306
417 149.37306
418 149.37306
419 149.37306
420 149.37306
421 87.899216
422 87.899216
423 87.899216
424 87.899216
425 87.899216
426 189.74327
427 189.74327
428 189.74327
429 189.74327
430 189.74327
431 150.18262
432 150.18262
433 150.18262
434 150.18262
435 150.18262
436 0.0
437 0.0
438 0.0
439 0.0
440 0.0
441 1.7666454
442 1.7666454
443 1.7666454
444 1.7666454
445 1.7666454
446 114.73849
447 114.73849
448 114.73849
449 114.73849
450 114.73849
451 219.0
452 219.0
453 219.0
454 219.0
455 219.0
456 0.0
457 0.0
458 0.0
459 0.0
460 0.0
461 155.0
462 155.0
463 155.0
464 155.0
465 155.0
466 241.98874
467 241.98874
468 241.98874
469 241.98874
470 241.98874
471 59.089184
472 59.089184
473 59.089184
474 59.089184
475 59.089184
476 219.0
477 219.0
478 219.0
479 219.0
480 219.0
481 0.0
482 0.0
483 0.0
484 0.0
485 0.0
486 219.6
487 219.6
488 219.6
489 219.6
490 219.6
491 219.0
492 219.0
493 219.0
494 219.0
495 219.0
496 0.0
497 0.0
498 0.0
499 0.0
500 0.0
501 155.0
502 155.0
503 155.0
504 155.0
505 155.0
506 36.288296
507 36.288296
508 36.288296
509 36.288296
510 36.288296
511 15.398308
512 15.398308
513 15.398308
514 15.398308
515 15.398308
516 89.36343
517 89.36343
518 89.36343
519 89.36343
520 89.36343
521 146.73584
522 146.73584
523 146.73584
524 146.73584
525 146.73584
526 187.31065
527 187.31065
528 187.31065
529 187.31065
530 187.31065
531 331.0
532 331.0
533 331.0
534 331.0
535 331.0
536 0.0
537 0.0
538 0.0
539 0.0
540 0.0
541 0.0
542 0.0
543 0.0
544 0.0
545 0.0
546 219.0
547 219.0
548 219.0
549 219.0
550 219.0
551 219.0
552 219.0
553 219.0
554 219.0
555 219.0
556 109.22653
557 109.22653
558 109.22653
559 109.22653
560 109.22653
561 219.0
562 219.0
563 219.0
564 219.0
565 219.0
566 331.0
567 331.0
568 331.0
569 331.0
570 331.0
571 0.0
572 0.0
573 0.0
574 0.0
575 0.0
576 89.95035
577 89.95035
578 89.95035
579 89.95035
580 89.95035
581 131.49933
582 131.49933
583 131.49933
584 131.49933
585 131.49933
586 241.29721
587 241.29721
588 241.29721
589 241.29721
590 241.29721
591 0.0
592 0.0
593 0.0
594 0.0
595 0.0
596 155.0
597 155.0
598 155.0
599 155.0
600 155.0
601 267.0
602 267.0
603 267.0
604 267.0
605 267.0
606 267.0
607 267.0
608 267.0
609 267.0
610 267.0
611 367.7015
612 367.7015
613 367.7015
614 367.7015
615 367.7015
616 212.0
617 212.0
618 212.0
619 212.0
620 212.0
621 373.41498
622 373.41498
623 373.41498
624 373.41498
625 373.41498
626 267.0
627 267.0
628 267.0
629 267.0
630 267.0
631 380.9384
632 380.9384
633 380.9384
634 380.9384
635 380.9384
636 292.86124
637 292.86124
638 292.86124
639 292.86124
640 292.86124
641 312.43597
642 312.43597
643 312.43597
644 312.43597
645 312.43597
646 260.5037
647 260.5037
648 260.5037
649 260.5037
650 260.5037
651 279.71457
652 268.134
653 268.134
654 268.134
655 268.134
656 0.0
657 0.0
658 0.0
659 0.0
660 0.0
661 267.0
662 267.0
663 267.0
664 267.0
665 267.0
666 245.94705
667 245.94705
668 245.94705
669 245.94705
670 245.94705
671 247.57298
672 247.57298
673 247.57298
674 247.57298
675 247.57298
676 258.72263
677 258.72263
678 258.72263
679 258.72263
680 258.72263
681 219.92326
682 219.92326
683 219.92326
684 219.92326
685 219.92326
686 0.0
687 0.0
688 0.0
689 0.0
690 0.0
691 1.1340001
692 1.1340001
693 1.1340001
694 1.1340001
695 1.1340001
696 18.407347
697 212.0
698 212.0
699 212.0
700 212.0
701 379.43564
702 379.43564
703 379.43564
704 379.43564
705 379.43564
706 318.92493
707 318.92493
708 318.92493
709 318.92493
710 318.92493
711 297.67624
712 297.67624
713 297.67624
714 297.67624
715 297.67624
716 316.54922
717 316.54922
718 316.54922
719 316.54922
720 316.54922
721 267.0
722 267.0
723 267.0
724 267.0
725 267.0
726 56.386642
727 56.386642
728 56.386642
729 56.386642
730 56.386642
731 192.2234
732 192.2234
733 192.2234
734 192.2234
735 192.2234
736 321.02197
737 321.02197
738 321.02197
739 321.02197
740 321.02197
741 366.46515
742 366.46515
743 366.46515
744 366.46515
745 366.46515
746 0.0
747 0.0
748 0.0
749 0.0
750 0.0
751 44.83766
752 44.83766
753 44.83766
754 44.83766
755 44.83766
756 7.08539
757 7.08539
758 7.08539
759 7.08539
760 7.08539
761 0.0
762 0.0
763 0.0
764 0.0
765 0.0
766 288.6636
767 288.6636
768 288.6636
769 288.6636
770 288.6636
771 219.75778
772 219.75778
773 219.75778
774 219.75778
775 219.75778
776 382.51083
777 382.51083
778 382.51083
779 382.51083
780 382.51083
781 85.28197
782 85.28197
783 85.28197
784 85.28197
785 85.28197
786 28.184998
787 28.184998
788 28.184998
789 28.184998
790 28.184998
791 173.55069
792 173.55069
793 173.55069
794 173.55069
795 173.55069
796 116.2481
797 116.2481
798 116.2481
799 116.2481
800 116.2481
801 0.0
802 0.0
803 0.0
804 0.0
805 0.0
806 0.0
807 0.0
808 0.0
809 0.0
810 0.0
811 276.0871
812 276.0871
813 276.0871
814 276.0871
815 276.0871
816 0.0
817 0.0
818 0.0
819 0.0
820 0.0
821 260.44864
822 260.44864
823 260.44864
824 260.44864
825 260.44864
826 166.1238
827 166.1238
828 166.1238
829 166.1238
830 166.1238
831 257.55417
832 257.55417
833 257.55417
834 257.55417
835 257.55417
836 248.36447
837 248.36447
838 248.36447
839 248.36447
840 248.36447
841 305.61118
842 305.61118
843 305.61118
844 305.61118
845 305.61118
846 267.6
847 267.6
848 267.6
849 267.6
850 267.6
851 320.59402
852 320.59402
853 320.59402
854 320.59402
855 320.59402
856 -0.86193633
857 -0.86193633
858 -0.86193633
859 -0.86193633
860 -0.86193633
861 37.1405
862 37.1405
863 37.1405
864 37.1405
865 37.1405
866 381.80453
867 381.80453
868 381.80453
869 381.80453
870 381.80453
871 408.34912
872 408.34912
873 408.34912
874 408.34912
875 408.34912
876 33.47141
877 33.47141
878 33.47141
879 33.47141
880 33.47141
881 249.19124
882 249.19124
883 249.19124
884 249.19124
885 249.19124
886 0.0
887 0.0
888 0.0
889 0.0
890 0.0
891 74.932236
892 74.932236
893 74.932236
894 74.932236
895 74.932236
896 320.22806
897 320.22806
898 320.22806
899 320.22806
900 320.22806
901 175.96912
902 175.96912
903 175.96912
904 175.96912
905 175.96912
906 251.0
907 251.0
908 251.0
909 251.0
910 251.0
911 105.16684
912 105.16684
913 105.16684
914 105.16684
915 105.16684
916 59.10536
917 59.10536
918 59.10536
919 59.10536
920 59.10536
921 249.866
922 249.866
923 249.866
924 249.866
925 249.866
926 475.1944
927 475.1944
928 475.1944
929 475.1944
930 475.1944
931 219.3024
932 219.3024
933 219.3024
934 219.3024
935 219.3024
936 250.9761
937 250.9761
938 250.9761
939 250.9761
940 250.9761
941 187.91356
942 187.91356
943 187.91356
944 187.91356
945 187.91356
946 227.71841
947 227.71841
948 227.71841
949 227.71841
950 227.71841
951 57.531036
952 57.531036
953 57.531036
954 57.531036
955 57.531036
956 66.25897
957 66.25897
958 66.25897
959 66.25897
960 66.25897
961 228.52895
962 228.52895
963 228.52895
964 228.52895
965 228.52895
966 71.48751
967 71.48751
968 71.48751
969 71.48751
970 71.48751
971 162.32288
972 162.32288
973 162.32288
974 162.32288
975 162.32288
976 74.72203
977 74.72203
978 74.72203
979 74.72203
980 74.72203
981 174.78603
982 174.78603
983 174.78603
984 174.78603
985 174.78603
986 228.27464
987 228.27464
988 228.27464
989 228.27464
990 228.27464
991 467.44
992 90.03595
993 467.44
994 90.03595
995 467.44
996 177.42609
997 177.42609
998 177.42609
999 177.42609
1000 177.42609
1001 184.86841
1002 184.86841
1003 184.86841
1004 184.86841
1005 184.86841
1006 137.431
1007 137.431
1008 137.431
1009 137.431
1010 137.431
1011 151.85097
1012 151.85097
1013 151.85097
1014 151.85097
1015 151.85097
1016 534.613
1017 534.613
1018 534.613
1019 534.613
1020 534.613
1021 215.46558
1022 215.46558
1023 215.46558
1024 215.46558
1025 215.46558
1026 99.54343
1027 99.54343
1028 99.54343
1029 99.54343
1030 99.54343
1031 152.86559
1032 152.86559
1033 152.86559
1034 152.86559
1035 152.86559
1036 0.0
1037 0.0
1038 0.0
1039 0.0
1040 0.0
1041 82.35858
1042 82.35858
1043 82.35858
1044 82.35858
1045 82.35858
1046 60.418003
1047 60.418003
1048 60.418003
1049 60.418003
1050 60.418003
1051 218.76692
1052 218.76692
1053 218.76692
1054 218.76692
1055 218.76692
1056 160.50421
1057 160.50421
1058 160.50421
1059 160.50421
1060 160.50421
1061 226.44926
1062 226.44926
1063 226.44926
1064 226.44926
1065 226.44926
1066 240.75612
1067 240.75612
1068 240.75612
1069 240.75612
1070 240.75612
1071 145.44446
1072 145.44446
1073 145.44446
1074 145.44446
1075 145.44446
1076 87.73548
1077 87.73548
1078 87.73548
1079 87.73548
1080 87.73548
1081 0.0
1082 0.0
1083 0.0
1084 0.0
1085 0.0
1086 95.365
1087 176.17981
1088 176.17981
1089 176.17981
1090 176.17981
1091 181.62703
1092 181.62703
1093 181.62703
1094 181.62703
1095 181.62703
1096 251.0
1097 251.0
1098 251.0
1099 251.0
1100 251.0
1101 240.47696
1102 240.47696
1103 240.47696
1104 240.47696
1105 240.47696
1106 227.70683
1107 227.70683
1108 227.70683
1109 227.70683
1110 227.70683
1111 241.344
1112 241.344
1113 241.344
1114 241.344
1115 241.344
1116 104.22339
1117 104.22339
1118 104.22339
1119 104.22339
1120 104.22339
1121 54.944687
1122 54.944687
1123 54.944687
1124 54.944687
1125 54.944687
1126 240.23514
1127 240.23514
1128 240.23514
1129 240.23514
1130 240.23514
1131 232.61925
1132 232.61925
1133 232.61925
1134 232.61925
1135 232.61925
1136 245.27953
1137 245.27953
1138 245.27953
1139 245.27953
1140 245.27953
1141 124.183365
1142 124.183365
1143 124.183365
1144 124.183365
1145 124.183365
1146 0.0
1147 0.0
1148 0.0
1149 0.0
1150 0.0
1151 0.0
1152 0.0
1153 0.0
1154 0.0
1155 0.0
1156 363.0
1157 363.0
1158 363.0
1159 363.0
1160 363.0
1161 33.63579
1162 33.63579
1163 33.63579
1164 33.63579
1165 33.63579
1166 41.2715
1167 41.2715
1168 41.2715
1169 41.2715
1170 41.2715
1171 0.0
1172 0.0
1173 0.0
1174 0.0
1175 0.0
1176 223.03355
1177 223.03355
1178 223.03355
1179 223.03355
1180 223.03355
1181 248.434
1182 248.434
1183 248.434
1184 248.434
1185 248.434
1186 43.70366
1187 43.70366
1188 43.70366
1189 43.70366
1190 43.70366
1191 230.82951
1192 230.82951
1193 230.82951
1194 230.82951
1195 230.82951
1196 0.0
1197 0.0
1198 0.0
1199 0.0
1200 0.0
1201 98.56013
1202 98.56013
1203 98.56013
1204 98.56013
1205 98.56013
1206 411.93814
1207 411.93814
1208 411.93814
1209 411.93814
1210 411.93814
1211 262.17844
1212 262.17844
1213 262.17844
1214 262.17844
1215 262.17844
1216 203.0
1217 203.0
1218 203.0
1219 203.0
1220 203.0
1221 120.20305
1222 120.20305
1223 120.20305
1224 120.20305
1225 120.20305
1226 199.7925
1227 199.7925
1228 199.7925
1229 199.7925
1230 199.7925
1231 28.900763
1232 28.900763
1233 28.900763
1234 28.900763
1235 28.900763
1236 469.66998
1237 469.66998
1238 469.66998
1239 469.66998
1240 469.66998
1241 177.8434
1242 177.8434
1243 177.8434
1244 177.8434
1245 177.8434
1246 184.42175
1247 184.42175
1248 184.42175
1249 184.42175
1250 184.42175
1251 123.72686
1252 123.72686
1253 123.72686
1254 123.72686
1255 123.72686
1256 0.0
1257 0.0
1258 0.0
1259 0.0
1260 0.0
1261 203.0
1262 203.0
1263 203.0
1264 203.0
1265 203.0
1266 204.134
1267 204.134
1268 204.134
1269 204.134
1270 204.134
1271 132.71437
1272 132.71437
1273 132.71437
1274 132.71437
1275 132.71437
1276 86.913826
1277 100.64413
1278 86.913826
1279 86.913826
1280 86.913826
1281 148.15698
1282 148.15698
1283 148.15698
1284 148.15698
1285 148.15698
1286 136.14287
1287 136.14287
1288 136.14287
1289 136.14287
1290 136.14287
1291 132.30804
1292 132.30804
1293 132.30804
1294 132.30804
1295 132.30804
1296 154.22382
1297 154.22382
1298 154.22382
1299 154.22382
1300 154.22382
1301 98.73829
1302 98.73829
1303 98.73829
1304 98.73829
1305 98.73829
1306 203.0
1307 203.0
1308 203.0
1309 203.0
1310 203.0
1311 397.9222
1312 397.9222
1313 397.9222
1314 397.9222
1315 397.9222
1316 142.4242
1317 142.4242
1318 142.4242
1319 142.4242
1320 142.4242
1321 8.94863
1322 8.94863
1323 8.94863
1324 8.94863
1325 8.94863
1326 203.0
1327 203.0
1328 203.0
1329 203.0
1330 203.0
1331 116.56607
1332 116.56607
1333 116.56607
1334 116.56607
1335 116.56607
1336 19.13354
1337 19.13354
1338 19.13354
1339 19.13354
1340 19.13354
1341 83.723206
1342 83.723206
1343 83.723206
1344 83.723206
1345 83.723206
1346 146.02873
1347 146.02873
1348 146.02873
1349 146.02873
1350 146.02873
1351 182.66765
1352 182.66765
1353 182.66765
1354 182.66765
1355 182.66765
1356 131.20091
1357 131.20091
1358 131.20091
1359 131.20091
1360 131.20091
1361 160.1353
1362 160.1353
1363 160.1353
1364 160.1353
1365 160.1353
1366 6.250825
1367 6.250825
1368 6.250825
1369 6.250825
1370 6.250825
1371 66.71651
1372 66.71651
1373 66.71651
1374 66.71651
1375 66.71651
1376 158.90059
1377 158.90059
1378 158.90059
1379 158.90059
1380 158.90059
1381 201.866
1382 201.866
1383 201.866
1384 201.866
1385 201.866
1386 398.58545
1387 398.58545
1388 398.58545
1389 398.58545
1390 398.58545
1391 69.63001
1392 69.63001
1393 69.63001
1394 69.63001
1395 69.63001
1396 242.76936
1397 242.76936
1398 242.76936
1399 242.76936
1400 242.76936
1401 204.134
1402 204.134
1403 204.134
1404 204.134
1405 204.134
1406 192.249
1407 192.249
1408 192.249
1409 192.249
1410 192.249
1411 111.855995
1412 111.855995
1413 111.855995
1414 111.855995
1415 111.855995
1416 128.40997
1417 128.40997
1418 128.40997
1419 128.40997
1420 128.40997
1421 147.37148
1422 147.37148
1423 147.37148
1424 147.37148
1425 147.37148
1426 315.0
1427 315.0
1428 315.0
1429 315.0
1430 315.0
1431 123.80335
1432 123.80335
1433 123.80335
1434 123.80335
1435 123.80335
1436 203.0
1437 203.0
1438 203.0
1439 203.0
1440 203.0
1441 129.89325
1442 129.89325
1443 129.89325
1444 129.89325
1445 129.89325
1446 427.0
1447 427.0
1448 427.0
1449 427.0
1450 427.0
1451 203.0
1452 203.0
1453 203.0
1454 203.0
1455 203.0
1456 180.87434
1457 180.87434
1458 180.87434
1459 180.87434
1460 180.87434
1461 39.913124
1462 39.913124
1463 39.913124
1464 39.913124
1465 39.913124
1466 105.23915
1467 105.23915
1468 105.23915
1469 105.23915
1470 105.23915
1471 29.51241
1472 29.51241
1473 29.51241
1474 29.51241
1475 29.51241
1476 149.66173
1477 149.66173
1478 149.66173
1479 149.66173
1480 149.66173
1481 194.25684
1482 194.25684
1483 194.25684
1484 194.25684
1485 194.25684
1486 193.54576
1487 193.54576
1488 193.54576
1489 193.54576
1490 193.54576
1491 225.11751
1492 225.11751
1493 225.11751
1494 225.11751
1495 225.11751
1496 124.78603
1497 124.78603
1498 124.78603
1499 124.78603
1500 124.78603
1501 139.338
1502 139.338
1503 139.338
1504 139.338
1505 139.338
1506 235.0
1507 235.0
1508 235.0
1509 235.0
1510 235.0
1511 90.51102
1512 90.51102
1513 90.51102
1514 90.51102
1515 90.51102
1516 333.18066
1517 333.18066
1518 333.18066
1519 333.18066
1520 333.18066
1521 171.0
1522 171.0
1523 171.0
1524 171.0
1525 171.0
1526 151.98463
1527 151.98463
1528 151.98463
1529 151.98463
1530 151.98463
1531 136.40181
1532 136.40181
1533 136.40181
1534 136.40181
1535 136.40181
1536 235.0
1537 245.3324
1538 235.0
1539 245.3324
1540 235.0
1541 340.55746
1542 340.55746
1543 340.55746
1544 340.55746
1545 340.55746
1546 171.0
1547 171.0
1548 171.0
1549 171.0
1550 171.0
1551 129.2233
1552 341.20386
1553 129.2233
1554 341.20386
1555 129.2233
1556 146.21509
1557 146.21509
1558 146.21509
1559 146.21509
1560 146.21509
1561 171.0
1562 171.0
1563 171.0
1564 171.0
1565 171.0
1566 539.0
1567 539.0
1568 539.0
1569 539.0
1570 539.0
1571 167.61568
1572 167.61568
1573 167.61568
1574 167.61568
1575 167.61568
1576 171.6
1577 171.6
1578 171.6
1579 171.6
1580 171.6
1581 226.19308
1582 226.19308
1583 226.19308
1584 226.19308
1585 226.19308
1586 76.744576
1587 76.744576
1588 76.744576
1589 76.744576
1590 76.744576
1591 141.6336
1592 141.6336
1593 141.6336
1594 141.6336
1595 141.6336
1596 203.0
1597 203.0
1598 203.0
1599 203.0
