1 41.519833
2 17.925688
3 252.02306
4 0.0
5 225.7323
6 38.834152
7 98.1841
8 4.850196
9 0.0
10 12.080317
11 25.293625
12 35.110924
13 66.861946
14 168.63309
15 115.6125
16 126.35631
17 5.8639307
18 127.88252
19 1.3643053
20 299.0
21 38.49688
22 0.0
23 196.25557
24 203.0
25 36.656967
26 203.0
27 0.0
28 16.722267
29 203.0
30 0.0
31 19.59581
32 2.2680001
33 0.0
34 7.4435673
35 0.0
36 69.04357
37 181.72672
38 187.64462
39 17.340126
40 203.0
41 18.768393
42 110.789276
43 0.0
44 12.355343
45 86.22525
46 4.5678267
47 155.6
48 0.0
49 203.0
50 16.439259
51 25.027744
52 56.245102
53 46.098442
54 19.949924
55 0.0
56 85.64799
57 110.4156
58 27.596981
59 0.0
60 34.80767
61 140.1044
62 59.55038
63 22.40804
64 135.39803
65 0.0
66 3.8713703
67 367.12924
68 203.0
69 125.54817
70 0.0
71 0.0
72 191.69188
73 155.0
74 276.0
75 114.84874
76 155.6
77 137.47298
78 44.28033
79 128.60356
80 6.90785
81 0.0
82 0.0
83 25.660923
84 0.0
85 0.0
86 202.18771
87 49.174553
88 112.58388
89 283.0
90 26.625757
91 0.0
92 194.48958
93 212.14914
94 202.43185
95 219.0
96 201.59448
97 219.0
98 128.6549
99 0.0
100 0.0
101 97.39026
102 12.947964
103 331.0
104 331.6
105 219.0
106 130.60913
107 112.5104
108 155.0
109 0.0
110 155.0
111 81.73791
112 0.0
113 64.44802
114 150.73636
115 0.0
116 219.0
117 155.6
118 90.087746
119 307.5733
120 40.145195
121 155.6
122 2.7432601
123 136.59492
124 105.731766
125 331.0
126 422.10257
127 155.0
128 8.584826
129 176.249
130 79.382065
131 0.0
132 72.97764
133 154.52802
134 286.17896
135 17.114151
136 32.734062
137 9.092981
138 219.0
139 219.0
140 0.0
141 407.71066
142 267.0
143 257.79758
144 280.0246
145 166.17639
146 92.87538
147 267.0
148 267.0
149 304.4871
150 265.8
151 267.0
152 372.95114
153 60.857018
154 381.84534
155 0.0
156 14.363902
157 256.62347
158 210.26599
159 288.69614
160 39.654232
161 295.64923
162 6.0838547
163 281.77258
164 75.755615
165 242.63297
166 243.13574
167 232.13509
168 32.979588
169 265.866
170 394.15533
171 439.7368
172 7.0870214
173 0.0
174 279.4019
175 365.082
176 13.899611
177 242.24323
178 36.578434
179 227.46683
180 154.834
181 42.478535
182 94.049934
183 238.22227
184 245.74731
185 231.05687
186 220.57147
187 237.24132
188 50.567055
189 267.0
190 55.67071
191 267.0
192 284.0915
193 215.86687
194 241.14656
195 268.134
196 240.11076
197 33.501316
198 224.33379
199 13.578557
200 0.0
201 14.530818
202 253.70235
203 71.14237
204 252.98619
205 0.0
206 267.6
207 363.1497
208 62.98448
209 265.866
210 267.0
211 230.12456
212 245.01816
213 537.2402
214 244.29602
215 176.845
216 238.49776
217 233.16046
218 232.41882
219 155.09602
220 237.24182
221 251.0
222 229.23093
223 108.7632
224 82.01939
225 240.49245
226 100.09829
227 158.41359
228 169.66269
229 245.78741
230 0.0
231 48.22413
232 146.94786
233 241.6653
234 416.35626
235 79.11299
236 69.52393
237 251.29405
238 229.06094
239 438.26328
240 118.040764
241 226.17491
242 426.6864
243 110.48168
244 160.63101
245 96.47421
246 235.04495
247 471.41986
248 113.81951
249 121.276306
250 112.19482
251 0.0
252 1179.0
253 228.84001
254 243.91806
255 192.10764
256 73.18528
257 96.56099
258 149.23004
259 238.54372
260 251.0
261 251.0
262 94.66908
263 0.0
264 239.00757
265 108.12133
266 185.94131
267 232.1556
268 3.4026537
269 73.83231
270 363.0
271 245.08075
272 39.100784
273 17.443146
274 251.0
275 0.0
276 69.47849
277 50.762135
278 333.61252
279 113.010994
280 28.54313
281 1179.0
282 166.95439
283 427.0
284 439.62863
285 396.31778
286 154.44511
287 293.22037
288 409.94122
289 202.8826
290 77.06296
291 304.303
292 203.0
293 51.485744
294 111.54039
295 136.2789
296 202.40303
297 203.0
298 131.19403
299 143.92781
300 203.0
301 63.722862
302 73.70335
303 74.49839
304 203.0
305 0.0
306 203.0
307 187.27896
308 204.134
309 43.130104
310 203.0
311 397.679
312 404.7886
313 151.11562
314 154.27455
315 203.0
316 130.58
317 155.49268
318 137.41783
319 163.36533
320 203.0
321 268.80777
322 2.11062
323 315.0
324 203.0
325 198.651
326 405.71295
327 68.84287
328 203.0
329 194.03215
330 34.727875
331 231.18369
332 41.000927
333 285.7667
334 123.51009
335 118.92707
336 86.09278
337 134.45906
338 101.799835
339 116.9159
340 47.23239
341 307.06406
342 81.61249
343 271.24548
344 0.0
345 307.82462
346 84.18499
347 203.0
348 40.395294
349 94.41873
350 188.0
351 157.15558
352 171.0
353 171.0
354 214.90631
355 232.13763
356 221.36867
357 235.0
358 337.4177
359 171.6
360 190.58862
361 79.21072
362 235.0
363 171.0
364 172.73401
365 341.25415
366 346.90378
367 235.0
368 235.0
369 349.2222
370 0.0
371 350.00113
372 220.15332
373 254.03731
374 0.0
375 235.0
376 135.0539
377 235.0
378 91.48156
379 97.15313
380 171.0
381 46.240593
382 166.71347
383 123.97907
384 87.43734
385 221.45685
386 171.6
387 195.20337
388 235.0
389 122.83558
390 79.29737
391 46.550415
392 363.0
393 171.0
394 77.12805
395 171.0
396 156.49988
397 0.0
398 0.0
399 113.074
400 347.54953
401 171.0
402 32.43622
403 171.0
404 235.0
405 342.25787
406 45.54091
407 171.0
408 172.2
409 20.537594
410 193.75317
411 51.594994
412 153.24304
413 140.78992
414 153.44955
415 125.71652
416 171.0
417 125.13782
418 85.01986
419 188.72954
420 48.413372
421 372.25095
422 315.0
423 219.0
424 302.19922
425 253.57175
426 225.61462
427 457.8
428 219.0
429 219.0
430 304.73
431 301.83142
432 25.297432
433 114.567986
434 219.0
435 213.0369
436 193.9422
437 219.0
438 220.134
439 219.0
440 220.134
441 219.0
442 219.0
443 94.432816
444 74.98092
445 237.89096
446 287.87207
447 219.0
448 219.0
449 99.64664
450 219.0
451 36.9567
452 306.99564
453 122.74518
454 82.49119
455 55.787865
456 46.09143
457 120.22175
458 219.0
459 109.37306
460 219.0
461 35.055927
462 97.218636
463 219.534
464 219.0
465 238.07733
466 139.13635
467 219.0
468 219.0
469 219.0
470 315.0
471 219.0
472 219.0
473 219.0
474 182.30008
475 101.81104
476 228.79614
477 315.6
478 219.0
479 170.89297
480 34.2405
481 220.134
482 223.8333
483 214.93553
484 122.74654
485 141.76097
486 219.0
487 0.0
488 0.0
489 127.79978
490 315.0
491 23.82217
492 247.52316
493 243.31445
494 616.5782
495 203.0
496 200.07382
497 203.0
498 249.25748
499 244.51689
500 203.0
501 86.06346
502 231.3295
503 247.2698
504 105.5121
505 267.0
506 827.0
507 66.796585
508 247.22678
509 198.45944
510 177.6531
511 171.84892
512 106.25622
513 253.27296
514 248.53455
515 71.35455
516 241.88588
517 108.097435
518 134.01273
519 267.06598
520 142.98059
521 248.62355
522 246.10168
523 267.0
524 152.92241
525 445.7345
526 235.32733
527 71.14769
528 191.43211
529 99.29459
530 136.24895
531 246.42421
532 261.37616
533 267.0
534 197.45328
535 106.3849
536 237.39545
537 19.831121
538 76.72075
539 172.69482
540 203.0
541 256.53894
542 228.62874
543 220.28587
544 238.66743
545 219.86885
546 180.0
547 85.95585
548 107.47892
549 87.55637
550 48.319878
551 86.61818
552 106.08975
553 257.58383
554 156.13994
555 75.53506
556 40.30836
557 130.83664
558 8.997069
559 245.57825
560 258.447
561 0.0
562 219.0
563 43.432022
564 635.0
565 104.26432
566 210.12546
567 68.16436
568 219.0
569 545.53687
570 34.200066
571 174.88802
572 26.274801
573 9.572743
574 201.71413
575 181.79825
576 533.19824
577 555.0
578 424.1927
579 987.0
580 219.0
581 492.99002
582 0.0
583 219.6
584 197.36012
585 153.17087
586 523.02167
587 0.0
588 219.0
589 185.79585
590 134.87314
591 0.0
592 278.01056
593 142.29968
594 90.79847
595 185.85617
596 311.79083
597 175.94064
598 131.13646
599 219.0
600 61.656403
601 555.0
602 267.0
603 443.88385
604 325.07782
605 549.6163
606 118.60842
607 58.381035
608 115.09347
609 219.0
610 14.728847
611 0.0
612 526.3015
613 70.64153
614 0.0
615 187.0
616 548.5852
617 15.921092
618 77.0249
619 169.65709
620 537.10736
621 125.74636
622 219.0
623 354.3936
624 530.5513
625 555.0
626 62.465057
627 555.6277
628 555.5067
629 33.799225
630 51.881985
631 2.7671926
632 220.134
633 443.0
634 444.134
635 71.26812
636 763.0
637 524.134
638 246.11719
639 443.0
640 258.3092
641 219.0
642 137.55568
643 436.65054
644 98.80241
645 206.61601
646 335.6179
647 273.29807
648 60.00221
649 319.29623
650 219.0
651 443.0
652 444.134
653 415.9277
654 299.59607
655 443.0
656 443.0
657 219.0
658 315.0
659 312.732
660 84.59676
661 61.608738
662 315.0
663 142.49379
664 443.0
665 472.4009
666 443.0
667 88.45579
668 188.39375
669 443.0
670 219.0
671 219.0
672 337.9887
673 45.289463
674 310.2263
675 315.0
676 285.59412
677 8.695741
678 523.0
679 523.0
680 71.36786
681 219.0
682 0.0
683 288.70673
684 31.4
685 131.53252
686 92.94312
687 316.134
688 95.83584
689 523.0
690 87.4575
691 126.08136
692 219.0
693 443.0
694 127.2209
695 315.0
696 1.6120377
697 125.84465
698 53.97057
699 219.0
700 78.18697
701 109.37125
702 128.28569
703 295.6226
704 303.08444
705 263.63626
706 332.83783
707 298.94162
708 261.85184
709 71.49626
710 289.3135
711 309.57858
712 332.5603
713 51.88613
714 295.04993
715 304.82907
716 45.88159
717 196.64381
718 318.45197
719 22.939207
720 255.84476
721 128.72894
722 293.32596
723 293.20374
724 171.0
725 292.09006
726 298.72055
727 177.36633
728 313.68814
729 300.591
730 171.0
731 171.0
732 382.2259
733 315.5992
734 304.78784
735 0.0
736 296.31546
737 0.0
738 190.55388
739 298.58655
740 342.59927
741 328.33365
742 313.82285
743 354.29626
744 287.72308
745 96.63806
746 309.61273
747 318.4703
748 255.4764
749 351.7584
750 344.5828
751 350.5626
752 138.39737
753 302.24896
754 138.86244
755 308.9244
756 330.16092
757 296.27805
758 372.20667
759 171.0
760 171.0
761 308.1922
762 171.0
763 298.14697
764 334.08774
765 316.70627
766 140.06032
767 165.66457
768 126.37914
769 170.25818
770 318.00754
771 300.85715
772 398.24408
773 267.0
774 411.41928
775 267.0
776 267.0
777 150.75491
778 267.0
779 267.0
780 422.67346
781 236.64052
782 225.44041
783 268.134
784 267.0
785 479.65726
786 267.0
787 267.0
788 267.0
789 267.0
790 267.87717
791 267.0
792 267.0
793 267.0
794 267.0
795 401.32117
796 267.0
797 268.134
798 267.0
799 267.0
800 281.41916
801 407.85165
802 267.0
803 267.0
804 267.0
805 267.06598
806 267.0
807 249.85222
808 267.0
809 452.2135
810 267.0
811 267.0
812 267.0
813 267.0
814 267.0
815 267.0
816 267.0
817 252.75696
818 438.4751
819 487.9721
820 484.41794
821 102.84887
822 267.0
823 267.0
824 1.2
825 267.0
826 267.0
827 267.0
828 268.134
829 460.30725
830 267.0
831 267.0
832 175.22719
833 267.0
834 267.0
835 267.0
836 420.06458
837 267.0
838 268.134
839 267.0
840 238.34326
841 267.0
842 219.0
843 219.0
844 220.134
845 699.0941
846 679.52277
847 112.23376
848 219.0
849 220.134
850 220.134
851 219.0
852 333.89102
853 272.48505
854 271.39496
855 219.0
856 219.0
857 219.0
858 219.0
859 371.87247
860 219.0
861 219.0
862 279.9682
863 219.0
864 219.0
865 62.707375
866 273.0892
867 219.0
868 219.0
869 220.134
870 347.25244
871 270.34412
872 220.134
873 219.0
874 683.9878
875 281.76324
876 169.19287
877 219.0
878 219.0
879 219.0
880 219.0
881 219.0
882 219.0
883 220.134
884 342.94104
885 219.0
886 197.42159
887 278.04562
888 219.0
889 266.43936
890 219.0
891 284.28296
892 408.7272
893 274.90955
894 219.0
895 220.134
896 219.0
897 393.4132
898 219.0
899 219.0
900 219.0
901 271.30728
902 219.0
903 275.98355
904 324.9254
905 344.8629
906 278.30966
907 280.9581
908 220.134
909 271.57037
910 216.73201
911 219.0
912 395.6
913 373.827
914 541.07526
915 244.14314
916 240.7638
917 315.0
918 241.02919
919 367.41852
920 286.77817
921 308.74478
922 222.468
923 315.0
924 379.40002
925 306.27673
926 385.40002
927 395.6
928 219.0
929 315.0
930 240.72232
931 190.96252
932 395.0
933 309.5125
934 317.268
935 395.0
936 245.76945
937 542.16504
938 174.0706
939 274.50143
940 296.7833
941 336.24667
942 186.95888
943 170.86224
944 288.12274
945 308.31345
946 238.2185
947 290.5054
948 316.134
949 645.5958
950 315.0
951 395.0
952 406.23013
953 186.52715
954 395.87634
955 395.0
956 226.45189
957 363.0
958 289.17926
959 220.134
960 85.36168
961 297.30817
962 219.0
963 244.55101
964 395.0
965 315.0
966 219.0
967 308.2751
968 251.19896
969 132.55052
970 219.0
971 553.96783
972 363.0
973 395.0
974 317.334
975 170.6046
976 209.8864
977 383.6
978 242.81824
979 384.2
980 219.0
981 522.8732
982 479.70056
983 564.67004
984 571.0
985 379.0
986 243.36823
987 203.0
988 368.3807
989 261.2552
990 462.54587
991 360.30283
992 379.0
993 264.23434
994 355.67822
995 379.0
996 376.732
997 203.0
998 361.83524
999 359.09494
1000 397.2373
1001 203.0
1002 203.0
1003 329.0269
1004 187.84247
1005 158.83522
1006 379.0
1007 330.6292
1008 215.99344
1009 379.6
1010 465.13712
1011 203.0
1012 472.44308
1013 379.0
1014 203.0
1015 299.0
1016 379.0
1017 203.0
1018 203.0
1019 131.52206
1020 363.43933
1021 142.36806
1022 179.96114
1023 174.80696
1024 379.0
1025 214.37152
1026 391.15622
1027 247.86449
1028 379.0
1029 203.0
1030 379.0
1031 184.3014
1032 299.0
1033 358.66986
1034 379.0
1035 461.89975
1036 186.53445
1037 299.0
1038 571.0
1039 560.67175
1040 343.05847
1041 203.0
1042 379.0
1043 254.15329
1044 379.0
1045 201.866
1046 204.134
1047 379.0
1048 195.48125
1049 338.0189
1050 189.24045
1051 392.3468
1052 203.0
1053 155.0
1054 155.0
1055 204.134
1056 363.0
1057 155.0
1058 155.0
1059 344.07727
1060 203.0
1061 155.0
1062 123.259995
1063 155.0
1064 155.0
1065 155.0
1066 135.64421
1067 155.0
1068 42.61416
1069 155.0
1070 155.0
1071 155.0
1072 155.0
1073 203.0
1074 155.0
1075 203.0
1076 156.134
1077 155.0
1078 155.0
1079 155.0
1080 155.0
1081 155.0
1082 155.0
1083 155.0
1084 155.0
1085 155.0
1086 203.0
1087 66.19662
1088 337.23718
1089 155.0
1090 155.0
1091 155.0
1092 155.0
1093 155.0
1094 155.0
1095 203.0
1096 155.0
1097 148.38538
1098 155.0
1099 203.0
1100 155.0
1101 153.866
1102 203.0
1103 363.5208
1104 203.0
1105 130.64108
1106 52.28307
1107 155.0
1108 155.0
1109 167.1004
1110 155.0
1111 204.134
1112 155.0
1113 155.0
1114 203.0
1115 120.47504
1116 156.134
1117 155.0
1118 155.0
1119 153.16087
1120 155.0
1121 155.0
1122 619.6
1123 282.16898
1124 265.17966
1125 299.0
1126 763.0
1127 299.0
1128 572.96686
1129 299.85217
1130 805.5901
1131 285.8892
1132 299.0
1133 299.0
1134 278.69595
1135 299.0
1136 11.950058
1137 546.5377
1138 265.35355
1139 299.0
1140 576.4039
1141 299.0
1142 1056.1337
1143 299.0
1144 279.49997
1145 763.0
1146 801.5645
1147 290.95798
1148 294.80527
1149 241.71188
1150 291.6675
1151 619.0
1152 299.0
1153 299.0
1154 273.16245
1155 173.08104
1156 288.16263
1157 283.51907
1158 286.52463
1159 299.0
1160 135.50607
1161 289.41556
1162 296.42307
1163 297.80164
1164 239.37315
1165 619.0
1166 299.0
1167 270.43542
1168 763.0
1169 614.5871
1170 274.71042
1171 203.77335
1172 299.0
1173 270.9046
1174 939.0
1175 529.1528
1176 299.0
1177 285.70734
1178 256.79044
1179 291.93372
1180 282.91254
1181 295.3126
1182 266.12732
1183 299.0
1184 299.0
1185 593.30774
1186 741.91174
1187 287.81955
1188 299.0
1189 763.0
1190 582.6161
1191 276.59842
1192 491.2205
1193 507.0
1194 737.63464
1195 939.0
1196 335.96323
1197 500.42987
1198 494.2726
1199 504.80695
1200 490.32544
1201 921.6803
1202 507.0
1203 487.4867
1204 719.4339
1205 495.5696
1206 507.0
1207 171.09535
1208 505.05356
1209 302.48834
1210 481.0624
1211 507.0
1212 479.43002
1213 589.69196
1214 578.97754
1215 506.42932
1216 1000.38513
1217 409.3141
1218 209.61462
1219 603.0
1220 488.7183
1221 203.0
1222 603.0
1223 490.89072
1224 276.49664
1225 491.02838
1226 507.25644
1227 507.38315
1228 499.35553
1229 386.05627
1230 603.0
1231 485.3285
1232 507.0
1233 487.2801
1234 396.13623
1235 468.14536
1236 635.0
1237 502.0342
1238 507.0
1239 603.0
1240 506.8407
1241 496.37823
1242 1084.734
1243 507.0
1244 495.32416
1245 505.89124
1246 505.43765
1247 507.0
1248 502.90137
1249 504.7699
1250 376.9808
1251 507.53326
1252 931.409
1253 110.10103
1254 158.63658
1255 507.0
1256 1329.9803
1257 575.83356
1258 181.58624
1259 370.8047
1260 603.0
1261 425.80365
1262 503.92435
1263 550.7698
1264 892.134
1265 875.6
1266 971.0
1267 164.08192
1268 797.8263
1269 205.68533
1270 299.0
1271 958.8679
1272 299.0
1273 636.94147
1274 891.6
1275 680.6603
1276 645.36005
1277 267.0
1278 632.9463
1279 279.56033
1280 347.0
1281 652.8052
1282 639.6061
1283 794.73065
1284 267.0
1285 634.2604
1286 827.0
1287 642.3228
1288 622.9914
1289 891.0
1290 620.0036
1291 347.0
1292 789.34265
1293 430.06012
1294 93.78083
1295 660.5319
1296 859.0
1297 860.134
1298 677.26355
1299 1337.2493
1300 347.0
1301 827.6
1302 347.0
1303 1179.0
1304 875.0
1305 634.0476
1306 373.2245
1307 622.5403
1308 299.0
1309 859.0
1310 827.0
1311 720.3534
1312 1071.1368
1313 267.0
1314 627.79285
1315 299.0
1316 408.10703
1317 530.87067
1318 370.89215
1319 59.097
1320 787.1531
1321 585.5191
1322 891.0
1323 957.07184
1324 299.0
1325 953.35406
1326 299.0
1327 800.8781
1328 372.78247
1329 907.0
1330 966.54834
1331 646.5961
1332 50.557434
1333 797.41815
1334 251.0
1335 251.0
1336 619.0
1337 379.0
1338 251.0
1339 251.0
1340 251.0
1341 251.0
1342 171.0
1343 555.0
1344 171.0
1345 251.0
1346 251.0
1347 196.12988
1348 171.0
1349 251.0
1350 251.0
1351 411.0
1352 251.0
1353 555.0
1354 251.0
1355 251.0
1356 251.0
1357 555.0
1358 268.75705
1359 171.0
1360 411.0
1361 171.0
1362 171.0
1363 251.0
1364 251.0
1365 171.0
1366 78.928764
1367 523.0
1368 766.9568
1369 309.8593
1370 379.0
1371 308.45743
1372 939.0
1373 379.0
1374 379.0
1375 171.0
1376 171.0
1377 251.0
1378 379.0
1379 171.0
1380 131.4411
1381 251.0
1382 251.0
1383 171.0
1384 379.0
1385 555.0
1386 251.0
1387 171.0
1388 171.0
1389 171.0
1390 171.0
1391 251.0
1392 243.10402
1393 251.0
1394 251.0
1395 251.0
1396 186.08594
1397 379.0
1398 379.0
1399 379.0
1400 171.0
1401 24.144903
1402 171.0
1403 251.0
1404 357.04578
1405 353.03983
1406 383.12927
1407 573.7919
1408 550.175
1409 541.56006
1410 486.737
1411 398.46802
1412 349.94937
1413 518.2236
1414 405.58145
1415 482.04245
1416 355.0032
1417 398.46802
1418 383.12927
1419 543.1942
1420 550.1895
1421 291.58875
1422 366.464
1423 397.334
1424 333.27692
1425 413.75
1426 569.0169
1427 512.31537
1428 366.0853
1429 378.80487
1430 540.8215
1431 526.7238
1432 315.7843
1433 486.06326
1434 547.4462
1435 379.3226
1436 376.44824
1437 548.18024
1438 516.33417
1439 322.60638
1440 522.53046
1441 546.6746
1442 463.02066
1443 329.33633
1444 547.9061
1445 576.0895
1446 397.60074
1447 549.69885
1448 364.41788
1449 347.6544
1450 288.24478
1451 349.49445
1452 566.8903
1453 549.02734
1454 516.4458
1455 366.39005
1456 378.29672
1457 542.0966
1458 516.06494
1459 372.98367
1460 541.8804
1461 363.46356
1462 353.02576
1463 570.1845
1464 358.33493
1465 312.88544
1466 359.76443
1467 272.151
1468 323.2364
1469 395.0
1470 587.0
1471 563.60693
1472 322.2087
1473 505.44543
1474 178.9013
1475 344.90494
1476 505.15335
1477 235.6
1478 509.16537
1479 218.35721
1480 494.5189
1481 418.48843
1482 242.96407
1483 403.01398
1484 514.01495
1485 706.04236
1486 499.95712
1487 506.9561
1488 219.97003
1489 345.08945
1490 505.12143
1491 401.96408
1492 394.67087
1493 235.6
1494 351.02658
1495 189.32785
1496 405.20047
1497 645.4752
1498 409.5695
1499 410.6987
1500 431.57477
1501 410.97595
1502 383.2714
1503 235.6
1504 235.0
1505 388.89304
1506 232.68
1507 235.0
1508 235.0
1509 492.9806
1510 235.6
1511 235.0
1512 739.5335
1513 413.91284
1514 396.63678
1515 215.82108
1516 137.74379
1517 235.0
1518 153.52791
1519 403.27734
1520 507.0764
1521 207.85956
1522 147.93082
1523 191.19043
1524 331.0
1525 399.13138
1526 392.40015
1527 393.87628
1528 200.15569
1529 510.62625
1530 193.6509
1531 423.7501
1532 352.06006
1533 233.866
1534 107.07049
1535 220.87909
1536 232.77235
1537 502.98334
1538 505.73456
1539 398.81204
1540 502.7946
1541 731.2781
1542 429.4698
1543 492.61972
1544 155.0
1545 155.0
1546 155.0
1547 155.0
1548 155.0
1549 155.0
1550 155.0
1551 155.0
1552 114.33959
1553 330.57812
1554 155.0
1555 155.0
1556 155.0
1557 155.0
1558 155.0
1559 155.0
1560 155.0
1561 156.134
1562 155.0
1563 155.0
1564 298.17255
1565 155.0
1566 153.866
1567 153.866
1568 155.0
1569 299.935
1570 187.0
1571 106.831245
1572 115.53959
1573 155.0
1574 155.0
1575 155.0
1576 155.0
1577 123.79999
1578 156.134
1579 152.73201
1580 155.0
1581 115.5939
1582 155.0
1583 155.0
1584 155.0
1585 155.0
1586 12.213301
1587 156.134
1588 155.0
1589 155.0
1590 155.0
1591 140.86748
1592 155.0
1593 155.0
1594 155.0
1595 155.0
1596 155.0
1597 155.0
1598 155.0
1599 155.0
1600 121.9404
1601 155.0
1602 155.0
1603 155.0
1604 155.0
1605 155.0
1606 204.60416
1607 155.0
1608 155.0
1609 106.04382
1610 125.65352
1611 156.134
1612 155.0
1613 59.510002
1614 217.8
1615 219.0
1616 196.5697
1617 219.0
1618 248.99632
1619 219.0
1620 219.0
1621 219.0
1622 219.0
1623 219.0
1624 334.56097
1625 255.81448
1626 176.7032
1627 219.0
1628 328.83438
1629 206.4731
1630 271.64572
1631 315.0
1632 262.96335
1633 215.31323
1634 285.19244
1635 219.79944
1636 209.6569
1637 219.0
1638 219.0
1639 256.48148
1640 219.0
1641 186.27586
1642 235.68958
1643 219.0
1644 269.1025
1645 279.74884
1646 263.97644
1647 396.73282
1648 219.0
1649 219.0
1650 257.76807
1651 219.0
1652 276.825
1653 219.0
1654 219.0
1655 258.79373
1656 321.68652
1657 244.47627
1658 219.0
1659 277.70245
1660 396.24472
1661 260.6824
1662 456.8756
1663 394.1964
1664 406.21997
1665 402.88028
1666 219.0
1667 219.0
1668 218.934
1669 250.29076
1670 219.0
1671 408.5788
1672 219.0
1673 219.0
1674 419.37424
1675 219.6
1676 406.42365
1677 276.3185
1678 219.0
1679 443.10965
1680 400.2787
1681 289.64297
1682 245.80219
1683 219.0
1684 278.56372
1685 315.0
1686 315.0
1687 315.6
1688 284.4063
1689 240.47197
1690 213.2
1691 315.6
1692 315.0
1693 402.1063
1694 460.02234
1695 444.07617
1696 206.35207
1697 225.29706
1698 647.5764
1699 281.88223
1700 312.28104
1701 257.97647
1702 253.75504
1703 315.0
1704 315.6
1705 315.0
1706 274.18915
1707 278.67392
1708 275.06818
1709 539.0889
1710 321.59274
1711 320.2661
1712 266.76297
1713 187.50716
1714 345.3118
1715 300.60004
1716 284.40005
1717 315.6
1718 315.0
1719 574.54736
1720 283.5428
1721 315.0
1722 315.0
1723 315.0
1724 298.4268
1725 318.46802
1726 235.0
1727 305.6066
1728 230.06958
1729 296.7486
1730 229.07211
1731 416.03644
1732 295.7228
1733 331.65485
1734 455.54935
1735 395.73938
1736 315.0
1737 304.2
1738 307.07996
1739 315.6
1740 269.35806
1741 315.6
1742 212.0
1743 297.6783
1744 258.97592
1745 315.0
1746 314.8089
1747 315.6
1748 315.0
1749 315.0
1750 230.94925
1751 375.81836
1752 234.12294
1753 278.301
1754 324.0047
1755 528.1709
1756 336.97437
1757 327.20728
1758 340.9757
1759 347.0
1760 347.0
1761 347.70383
1762 347.0
1763 324.39432
1764 347.0
1765 333.22513
1766 327.20728
1767 324.39432
1768 320.39432
1769 555.0
1770 339.49753
1771 347.0
1772 328.01736
1773 347.0
1774 331.3414
1775 555.0
1776 342.84457
1777 443.0
1778 329.77612
1779 347.91217
1780 491.0
1781 491.0
1782 339.45554
1783 327.26944
1784 330.6742
1785 514.1644
1786 338.80695
1787 555.0
1788 191.4718
1789 342.26447
1790 127.106964
1791 343.65652
1792 0.0
1793 336.15732
1794 853.26154
1795 322.66827
1796 935.7489
1797 338.8977
1798 443.0
1799 181.94527
1800 333.34567
1801 555.0
1802 330.11172
1803 320.83548
1804 337.38284
1805 555.0
1806 344.17923
1807 330.74005
1808 347.0
1809 331.13477
1810 347.0
1811 428.60004
1812 403.27283
1813 77.10289
1814 317.0858
1815 795.71857
1816 343.23938
1817 322.54443
1818 433.40002
1819 337.9334
1820 343.37543
1821 555.0
1822 318.1581
1823 343.48148
1824 315.0
1825 315.0
1826 289.49948
1827 301.1294
1828 304.4867
1829 312.58746
1830 305.64743
1831 299.23654
1832 291.45422
1833 315.6687
1834 294.81384
1835 310.2668
1836 315.0
1837 296.05045
1838 304.21225
1839 395.0
1840 305.0465
1841 304.1885
1842 308.6237
1843 293.94357
1844 306.68915
1845 395.0
1846 395.0
1847 578.06226
1848 302.07614
1849 303.95255
1850 304.20706
1851 294.07123
1852 297.95132
1853 312.14603
1854 291.08023
1855 301.96124
1856 286.82843
1857 301.41022
1858 290.08102
1859 310.49188
1860 66.94294
1861 459.0
1862 366.21964
1863 292.82465
1864 297.2946
1865 311.34338
1866 315.0
1867 69.53678
1868 297.3632
1869 298.1428
1870 303.5983
1871 298.9207
1872 315.31763
1873 302.72403
1874 307.07397
1875 289.87015
1876 313.21185
1877 315.38483
1878 302.76614
1879 290.59363
1880 315.0
1881 287.60715
1882 299.69797
1883 338.63065
1884 315.0
1885 307.99728
1886 315.0
1887 143.62265
1888 295.71664
1889 295.15482
1890 297.13474
1891 315.17136
1892 309.41074
1893 303.51694
1894 267.0
1895 331.0
1896 251.0
1897 318.73373
1898 331.0
1899 267.0
1900 331.0
1901 267.0
1902 267.0
1903 267.0
1904 267.0
1905 310.63135
1906 331.0
1907 267.0
1908 267.0
1909 267.0
1910 331.0
1911 267.0
1912 331.0
1913 304.77042
1914 267.0
1915 137.02489
1916 326.54837
1917 267.0
1918 321.50848
1919 318.79974
1920 235.87395
1921 331.0
1922 251.0
1923 267.0
1924 331.0
1925 267.0
1926 318.79974
1927 300.98965
1928 544.5438
1929 331.0
1930 331.0
1931 311.21765
1932 331.0
1933 251.0
1934 540.761
1935 267.0
1936 267.0
1937 331.0
1938 571.0
1939 313.84988
1940 152.90302
1941 267.0
1942 251.0
1943 734.8242
1944 331.0
1945 331.0
1946 44.901062
1947 317.28735
1948 319.93375
1949 267.0
1950 267.0
1951 251.0
1952 267.0
1953 331.0
1954 491.0
1955 331.0
1956 310.98187
1957 267.0
1958 331.0
1959 326.95834
1960 331.0
1961 305.9194
1962 331.0
1963 331.0
1964 1334.5111
1965 458.70355
1966 554.5861
1967 962.9365
1968 183.19304
1969 187.0
1970 187.0
1971 187.0
1972 945.51605
1973 553.0803
1974 187.0
1975 187.0
1976 438.80658
1977 335.46436
1978 693.6511
1979 705.3679
1980 363.0
1981 187.0
1982 187.0
1983 933.0362
1984 155.0
1985 1150.6294
1986 631.41077
1987 155.0
1988 55.944923
1989 187.0
1990 440.62363
1991 161.61462
1992 187.0
1993 187.0
1994 187.0
1995 187.0
1996 330.05048
1997 864.55255
1998 457.4035
1999 187.0
2000 1326.3761
2001 774.6749
2002 333.13446
2003 631.6592
2004 458.74103
2005 699.54016
2006 187.0
2007 187.0
2008 145.4011
2009 803.5958
2010 331.57465
2011 187.0
2012 1321.1761
2013 155.0
2014 827.0
2015 517.79956
2016 187.0
2017 155.0
2018 657.4991
2019 155.0
2020 694.19836
2021 155.0
2022 1125.4772
2023 445.72592
2024 363.0
2025 187.0
2026 155.0
2027 564.50854
2028 456.7967
2029 187.0
2030 187.0
2031 458.48404
2032 592.1197
2033 187.0
2034 793.898
2035 767.2379
2036 667.0
2037 176.25525
2038 757.7406
2039 907.0
2040 1122.4359
2041 192.1504
2042 265.90808
2043 635.0
2044 175.03633
2045 1163.0
2046 126.97714
2047 458.222
2048 907.0
2049 859.0
2050 191.12651
2051 859.0
2052 635.0
2053 407.73083
2054 1019.0
2055 859.0
2056 464.18524
2057 635.0
2058 159.65776
2059 180.43358
2060 539.0
2061 797.25916
2062 770.05206
2063 859.0
2064 103.66501
2065 539.0
2066 667.0
2067 135.61206
2068 603.0
2069 180.53001
2070 263.58514
2071 757.7406
2072 63.3514
2073 623.13574
2074 461.67398
2075 181.51508
2076 457.88525
2077 166.11671
2078 859.0
2079 191.34312
2080 106.32512
2081 784.75934
2082 1311.053
2083 150.12569
2084 458.98206
2085 859.0
2086 166.2089
2087 467.59927
2088 115.02308
2089 153.31923
2090 1163.0
2091 169.63824
2092 859.0
2093 1211.0
2094 907.0
2095 635.0
2096 202.07057
2097 603.0
2098 1403.0
2099 603.0
2100 133.55424
2101 667.0
2102 859.0
2103 792.0157
2104 1403.0
2105 405.25272
2106 267.9914
2107 453.19803
2108 347.0
2109 521.0703
2110 436.83878
2111 539.0
2112 596.54193
2113 535.26324
2114 514.77637
2115 522.6785
2116 539.0
2117 443.14566
2118 365.9119
2119 537.91534
2120 521.0703
2121 525.4885
2122 514.77637
2123 362.84073
2124 347.0
2125 448.80737
2126 347.0
2127 142.87622
2128 539.0
2129 348.2
2130 412.36285
2131 416.14062
2132 347.0
2133 404.88052
2134 127.19105
2135 402.7861
2136 412.67313
2137 399.3987
2138 479.14856
2139 347.0
2140 347.0
2141 411.4451
2142 407.3833
2143 511.68164
2144 516.8538
2145 358.1471
2146 347.0
2147 354.0191
2148 348.734
2149 347.0
2150 459.0
2151 519.2
2152 347.0
2153 479.04187
2154 517.3841
2155 482.14456
2156 350.63922
2157 370.07523
2158 521.44727
2159 539.0
2160 421.53806
2161 402.17313
2162 539.0
2163 414.78073
2164 507.7797
2165 347.0
2166 334.11316
2167 333.90057
2168 394.54538
2169 529.4
2170 347.0
2171 347.6
2172 347.0
2173 278.15994
2174 356.5182
2175 515.79
2176 636.50916
2177 187.0
2178 268.60004
2179 309.29498
2180 305.06287
2181 187.0
2182 201.24812
2183 251.20004
2184 262.60004
2185 295.10165
2186 187.0
2187 414.22055
2188 199.51414
2189 437.92865
2190 283.0
2191 347.0
2192 491.0
2193 312.8709
2194 380.75436
2195 318.768
2196 136.71394
2197 185.932
2198 135.85919
2199 213.97139
2200 131.34319
2201 699.48126
2202 327.4407
2203 283.0
2204 187.0
2205 283.0
2206 187.0
2207 353.08386
2208 268.60004
2209 295.0262
2210 187.0
2211 126.061005
2212 315.216
2213 374.4051
2214 242.9589
2215 231.70482
2216 337.8804
2217 120.448746
2218 283.0
2219 283.0
2220 394.43204
2221 131.34332
2222 283.0
2223 283.0
2224 0.0
2225 187.0
2226 209.24924
2227 266.3035
2228 382.7604
2229 283.0
2230 244.80983
2231 187.0
2232 126.96338
2233 283.0
2234 491.0
2235 187.0
2236 252.40182
2237 283.0
2238 243.71002
2239 427.0
2240 283.0
2241 549.197
2242 187.0
2243 491.0
2244 283.0
2245 299.0
2246 299.0
2247 299.0
2248 361.5917
2249 206.80164
2250 275.32913
2251 173.4
2252 299.0
2253 363.6
2254 235.46675
2255 299.0
2256 265.71954
2257 324.10745
2258 491.6
2259 86.54859
2260 211.91045
2261 670.48553
2262 299.0
2263 269.9014
2264 176.48653
2265 299.0
2266 171.0
2267 218.01353
2268 299.0
2269 177.68652
2270 491.0
2271 263.3162
2272 177.68652
2273 383.85257
2274 323.06183
2275 232.74283
2276 266.31448
2277 909.15906
2278 299.0
2279 233.41678
2280 178.40773
2281 233.74522
2282 299.0
2283 208.79784
2284 187.83484
2285 235.7632
2286 363.0
2287 299.0
2288 368.3755
2289 245.62714
2290 299.0
2291 256.7321
2292 171.0
2293 214.3079
2294 221.26819
2295 287.77274
2296 299.6
2297 274.8623
2298 181.92354
2299 186.56886
2300 192.58476
2301 299.6
2302 173.26799
2303 299.0
2304 294.2
2305 332.13153
2306 189.31023
2307 299.6
2308 282.2316
2309 217.70706
2310 299.0
2311 240.70836
2312 149.16518
2313 283.15204
2314 267.7458
2315 483.96075
2316 391.1394
2317 360.81976
2318 505.79773
2319 410.36945
2320 479.98303
2321 177.32245
2322 404.6343
2323 252.58788
2324 453.65857
2325 265.42764
2326 603.3657
2327 539.0
2328 409.59024
2329 360.81976
2330 396.80457
2331 523.0
2332 387.4521
2333 462.7077
2334 380.22012
2335 523.0
2336 496.78275
2337 495.1181
2338 362.2017
2339 448.9124
2340 112.69907
2341 431.6406
2342 192.2
2343 523.0
2344 436.9835
2345 161.59048
2346 508.8411
2347 469.1148
2348 523.0
2349 356.7239
2350 523.0
2351 459.0
2352 504.0206
2353 262.33102
2354 380.96487
2355 563.6443
2356 358.38242
2357 203.0
2358 497.59366
2359 552.2717
2360 209.68652
2361 523.0
2362 475.0
2363 489.71243
2364 414.11746
2365 493.25595
2366 364.71332
2367 504.2843
2368 502.98386
2369 558.08
2370 523.0
2371 230.69514
2372 215.69849
2373 523.0
2374 223.0843
2375 235.0
2376 409.73917
2377 236.2
2378 452.8693
2379 203.0
2380 450.20132
2381 183.09831
2382 255.45322
2383 349.6783
2384 351.2025
2385 670.13544
2386 454.91995
2387 458.18427
2388 555.0
2389 637.1201
2390 447.47885
2391 444.64178
2392 456.2746
2393 555.0
2394 559.34985
2395 459.85043
2396 579.0977
2397 421.3239
2398 284.134
2399 353.06555
2400 450.79373
2401 441.8612
2402 309.60004
2403 295.39398
2404 310.5606
2405 342.49225
2406 583.937
2407 331.0
2408 555.6
2409 510.87808
2410 755.738
2411 555.0
2412 379.24866
2413 283.0
2414 608.76465
2415 558.468
2416 233.77757
2417 362.5012
2418 283.0
2419 440.1769
2420 555.6
2421 558.2185
2422 252.67268
2423 283.0
2424 558.94324
2425 555.0
2426 449.1632
2427 565.751
2428 480.48654
2429 462.05328
2430 431.6759
2431 298.28052
2432 455.53436
2433 555.0
2434 462.18216
2435 555.0
2436 546.0603
2437 555.6
2438 283.0
2439 507.0
2440 295.6369
2441 452.10544
2442 555.6
2443 555.0
2444 423.34637
2445 452.5369
2446 416.3665
2447 606.38666
2448 473.8656
2449 479.60202
2450 602.03107
2451 317.46182
2452 331.0
2453 561.6865
2454 331.0
2455 316.97113
2456 183.468
2457 271.02972
2458 453.5329
2459 294.92694
2460 219.0
2461 204.83736
2462 251.78801
2463 225.0321
2464 188.20001
2465 301.84705
2466 125.83762
2467 175.31383
2468 247.84924
2469 301.6625
2470 89.15956
2471 170.348
2472 237.25786
2473 405.54453
2474 206.32228
2475 310.00293
2476 427.0
2477 533.07275
2478 321.3746
2479 289.68652
2480 109.640366
2481 197.02675
2482 187.0
2483 178.66956
2484 440.62918
2485 115.12741
2486 254.74998
2487 114.73911
2488 350.2123
2489 283.0
2490 246.64616
2491 216.31012
2492 444.96747
2493 207.93156
2494 187.0
2495 308.56003
2496 422.76694
2497 258.0155
2498 435.11237
2499 321.4257
2500 283.0
2501 194.53247
2502 196.52829
2503 220.64839
2504 187.0
2505 283.0
2506 244.93971
2507 326.24872
2508 116.30452
2509 120.49087
2510 427.0
2511 247.9869
2512 289.81357
2513 249.30533
2514 249.46931
2515 292.4333
2516 426.5577
2517 427.0
2518 306.29205
2519 452.31973
2520 410.85364
2521 289.68652
2522 304.26425
2523 210.07524
2524 130.46524
2525 235.0
2526 235.0
2527 235.0
2528 235.0
2529 412.20422
2530 475.0
2531 411.0
2532 235.0
2533 235.0
2534 450.416
2535 475.0
2536 235.0
2537 412.20422
2538 235.0
2539 235.0
2540 235.0
2541 235.0
2542 235.0
2543 235.0
2544 235.0
2545 412.40015
2546 235.0
2547 235.0
2548 396.88116
2549 235.0
2550 235.0
2551 235.0
2552 235.0
2553 235.0
2554 235.0
2555 413.33823
2556 235.0
2557 235.0
2558 196.10936
2559 235.0
2560 191.1527
2561 235.0
2562 235.0
2563 235.0
2564 398.5701
2565 235.0
2566 235.0
2567 235.0
2568 235.0
2569 235.0
2570 235.0
2571 411.0
2572 235.0
2573 235.0
2574 235.0
2575 235.0
2576 235.0
2577 0.0
2578 235.0
2579 235.0
2580 235.0
2581 235.0
2582 187.34743
2583 235.0
2584 235.0
2585 375.38785
2586 460.05487
2587 235.0
2588 235.0
2589 473.39093
2590 235.0
2591 235.0
2592 235.0
2593 235.0
2594 450.416
2595 481.7918
2596 315.0
2597 300.80746
2598 315.0
2599 315.0
2600 315.0
2601 330.5684
2602 315.0
2603 315.0
2604 505.61777
2605 315.0
2606 631.08093
2607 667.0
2608 330.5684
2609 619.7733
2610 687.9664
2611 315.0
2612 315.0
2613 315.0
2614 315.0
2615 316.2
2616 315.0
2617 315.0
2618 315.0
2619 699.0
2620 315.0
2621 833.5643
2622 315.0
2623 463.00885
2624 315.0
2625 700.2
2626 315.6
2627 432.9908
2628 316.2
2629 638.4969
2630 315.0
2631 283.1644
2632 301.2405
2633 688.05585
2634 315.0
2635 315.0
2636 626.6627
2637 341.86856
2638 715.0
2639 315.0
2640 315.0
2641 315.0
2642 462.04288
2643 411.0
2644 315.0
2645 315.0
2646 450.9984
2647 631.1131
2648 315.0
2649 315.0
2650 338.78378
2651 315.0
2652 763.0
2653 362.6954
2654 339.12015
2655 315.0
2656 100.90641
2657 458.99887
2658 987.0
2659 268.90747
2660 632.33704
2661 347.53574
2662 371.2013
2663 434.4982
2664 0.0
2665 203.0
2666 243.8324
2667 250.44617
2668 51.106926
2669 240.21095
2670 255.13971
2671 411.0
2672 187.0
2673 187.0
2674 264.307
2675 203.0
2676 3.704565
2677 244.36232
2678 187.0
2679 267.7811
2680 267.0
2681 235.48045
2682 249.05586
2683 237.27695
2684 267.0
2685 187.0
2686 251.78987
2687 244.36232
2688 267.0
2689 87.85615
2690 187.0
2691 254.03317
2692 257.8104
2693 203.0
2694 267.0
2695 267.0
2696 204.134
2697 247.4411
2698 249.05586
2699 187.0
2700 251.9212
2701 243.56839
2702 187.0
2703 267.98187
2704 232.71542
2705 411.0
2706 240.96791
2707 255.93364
2708 555.0
2709 255.13971
2710 187.0
2711 255.93364
2712 267.0
2713 267.0
2714 411.0
2715 249.8498
2716 267.0
2717 248.6498
2718 187.0
2719 255.93364
2720 187.0
2721 267.0
2722 267.0
2723 254.79965
2724 187.0
2725 187.0
2726 263.60406
2727 267.0
2728 555.0
2729 187.0
2730 251.11627
2731 267.0
2732 187.0
2733 267.0
2734 203.0
2735 443.0
2736 731.0
2737 651.0
2738 214.09856
2739 443.0
2740 443.0
2741 443.0
2742 443.0
2743 443.0
2744 443.0
2745 1083.0
2746 603.0
2747 443.0
2748 443.0
2749 443.0
2750 443.0
2751 443.0
2752 443.0
2753 443.0
2754 603.0
2755 443.0
2756 443.0
2757 443.0
2758 443.0
2759 443.0
2760 443.0
2761 136.57619
2762 143.35008
2763 443.0
2764 443.0
2765 443.0
2766 443.0
2767 443.0
2768 443.0
2769 443.0
2770 283.0
2771 443.0
2772 443.0
2773 443.0
2774 443.0
2775 443.0
2776 443.0
2777 443.0
2778 443.0
2779 443.0
2780 443.0
2781 29.381477
2782 443.0
2783 283.0
2784 283.0
2785 443.0
2786 443.0
2787 443.0
2788 443.0
2789 443.0
2790 603.0
2791 731.0
2792 443.0
2793 443.0
2794 443.0
2795 283.0
2796 443.0
2797 443.0
2798 443.0
2799 443.0
2800 283.0
2801 443.0
2802 1356.134
2803 443.0
2804 443.0
2805 315.0
2806 203.0
2807 203.0
2808 203.0
2809 315.0
2810 315.0
2811 315.0
2812 654.7435
2813 203.0
2814 202.4
2815 468.73404
2816 201.8
2817 315.0
2818 177.79999
2819 165.18251
2820 315.0
2821 169.37996
2822 315.0
2823 203.0
2824 315.0
2825 203.0
2826 315.0
2827 315.0
2828 203.0
2829 288.2408
2830 203.0
2831 394.5684
2832 203.0
2833 315.0
2834 177.79999
2835 193.4
2836 315.0
2837 203.0
2838 315.0
2839 308.87515
2840 206.468
2841 203.0
2842 203.0
2843 272.26654
2844 315.0
2845 164.82303
2846 199.532
2847 405.29205
2848 161.3143
2849 203.0
2850 203.0
2851 238.58368
2852 203.0
2853 315.0
2854 305.60754
2855 331.53513
2856 203.0
2857 203.0
2858 315.0
2859 181.4
2860 315.0
2861 315.0
2862 169.22705
2863 203.0
2864 315.0
2865 139.33153
2866 203.0
2867 169.37625
2868 239.21391
2869 203.0
2870 187.4
2871 133.07031
2872 203.0
2873 235.0
2874 315.0
2875 188.71931
2876 204.59999
2877 219.0
2878 401.23022
2879 198.6333
2880 189.93971
2881 247.81096
2882 219.0
2883 219.0
2884 210.65755
2885 183.09595
2886 385.71307
2887 191.94778
2888 219.0
2889 392.14304
2890 177.84854
2891 203.40254
2892 385.79877
2893 423.8059
2894 443.2762
2895 179.8702
2896 219.0
2897 177.6392
2898 219.0
2899 215.06717
2900 138.84608
2901 192.6517
2902 181.5724
2903 163.9668
2904 219.0
2905 192.53778
2906 219.0
2907 186.46388
2908 202.02043
2909 168.2124
2910 175.12602
2911 169.30374
2912 219.0
2913 219.0
2914 221.46693
2915 373.38852
2916 440.0614
2917 219.0
2918 219.0
2919 159.48737
2920 219.0
2921 454.20087
2922 197.92542
2923 401.11682
2924 219.0
2925 190.32013
2926 183.75381
2927 178.76488
2928 389.44568
2929 446.46057
2930 219.0
2931 381.82654
2932 203.70164
2933 174.24283
2934 219.0
2935 404.45923
2936 204.26733
2937 215.48439
2938 457.6259
2939 403.56152
2940 186.05524
2941 179.77505
2942 197.70863
2943 423.01733
2944 199.63991
2945 334.95746
2946 222.10353
2947 174.91507
2948 380.84
2949 555.0
2950 411.38513
2951 179.37595
2952 232.27052
2953 197.20108
2954 229.55614
2955 389.68152
2956 380.84
2957 191.86182
2958 334.95746
2959 219.14584
2960 213.09142
2961 427.0
2962 175.19995
2963 429.00085
2964 192.80493
2965 7.906316
2966 45.664417
2967 215.75151
2968 236.91415
2969 200.26492
2970 427.0
2971 225.78764
2972 427.0
2973 403.52036
2974 195.31825
2975 404.60947
2976 443.0459
2977 439.72217
2978 400.2965
2979 395.352
2980 413.57126
2981 179.95067
2982 180.36688
2983 51.63385
2984 263.32568
2985 228.0293
2986 194.01822
2987 91.492294
2988 464.2286
2989 158.65569
2990 241.7658
2991 427.0
2992 401.79706
2993 50.46834
2994 203.04213
2995 391.55197
2996 427.0
2997 193.8244
2998 403.93015
2999 541.1662
3000 550.2
3001 217.6477
3002 427.0
3003 395.7752
3004 191.12425
3005 442.0979
3006 409.20776
3007 403.41245
3008 427.0
3009 181.52072
3010 179.14685
3011 427.0
3012 185.71593
3013 341.15402
3014 158.80936
3015 359.07047
3016 518.32074
3017 411.0
3018 424.01157
3019 278.8492
3020 283.0
3021 311.38422
3022 524.3307
3023 353.87164
3024 301.31216
3025 82.66577
3026 296.8941
3027 276.4779
3028 73.91805
3029 293.151
3030 267.28036
3031 290.2018
3032 500.82468
3033 343.28375
3034 283.6
3035 219.16571
3036 298.5684
3037 143.60452
3038 288.07727
3039 542.8561
3040 293.751
3041 297.0916
3042 327.82587
3043 502.80594
3044 325.372
3045 369.77386
3046 307.09784
3047 533.0504
3048 332.97
3049 307.13104
3050 357.18744
3051 283.0
3052 308.9365
3053 325.372
3054 283.0
3055 287.95255
3056 296.27173
3057 203.0
3058 302.95554
3059 296.15973
3060 354.1137
3061 297.25397
3062 283.0
3063 332.2729
3064 351.80728
3065 505.4324
3066 326.572
3067 498.4279
3068 329.55496
3069 361.8494
3070 50.807343
3071 279.71594
3072 367.40723
3073 301.34586
3074 478.80035
3075 523.893
3076 305.04922
3077 304.44073
3078 584.6894
3079 549.52014
3080 92.786995
3081 371.27173
3082 132.18849
3083 300.7126
3084 269.86362
3085 280.11905
3086 281.7261
3087 283.0
3088 219.0
3089 283.0
3090 283.0
3091 283.0
3092 203.0
3093 283.0
3094 219.0
3095 634.2967
3096 486.95978
3097 283.0
3098 283.0
3099 283.0
3100 203.0
3101 642.9753
3102 395.4004
3103 617.35614
3104 283.0
3105 280.74832
3106 270.0631
3107 283.0
3108 274.03198
3109 280.37268
3110 203.67172
3111 281.99692
3112 193.7377
3113 282.97714
3114 347.0
3115 280.7014
3116 283.0
3117 278.45737
3118 272.87616
3119 278.52368
3120 65.34465
3121 283.0
3122 426.5684
3123 283.0
3124 280.7014
3125 279.0973
3126 219.0
3127 274.7238
3128 283.0
3129 283.0
3130 167.7691
3131 280.7014
3132 283.0
3133 283.14368
3134 266.8036
3135 277.4583
3136 280.7014
3137 283.0
3138 219.0
3139 282.45752
3140 266.43024
3141 283.42355
3142 203.0
3143 283.0
3144 219.0
3145 203.0
3146 158.62791
3147 283.0
3148 201.43724
3149 347.0
3150 282.5647
3151 347.0
3152 489.81534
3153 283.0
3154 283.0
3155 299.0
3156 235.0
3157 235.0
3158 125.806274
3159 131.20705
3160 582.7754
3161 235.0
3162 507.0
3163 507.0
3164 235.0
3165 484.69742
3166 312.95917
3167 235.0
3168 299.0
3169 218.05821
3170 651.0
3171 147.65277
3172 371.19116
3173 227.58713
3174 507.0
3175 254.0139
3176 507.0
3177 226.41362
3178 231.49443
3179 235.0
3180 200.57544
3181 507.0
3182 460.193
3183 197.35332
3184 484.23846
3185 234.72667
3186 390.90274
3187 131.29234
3188 318.02365
3189 288.24146
3190 481.14392
3191 299.0
3192 235.0
3193 299.0
3194 731.0
3195 235.0
3196 137.67322
3197 421.0875
3198 507.0
3199 147.94989
3200 299.6
3201 198.31094
3202 581.0902
3203 484.3624
3204 507.6
3205 235.0
3206 507.6
3207 405.4031
3208 507.0
3209 420.4343
3210 454.78577
3211 70.50353
3212 507.0
3213 231.49443
3214 651.0
3215 507.0
3216 235.0
3217 235.0
3218 235.0
3219 217.57094
3220 235.0
3221 183.74388
3222 235.0
3223 235.0
3224 147.58907
3225 264.86783
3226 267.0
3227 555.0
3228 250.26953
3229 555.0
3230 619.0
3231 267.0
3232 555.0
3233 244.36232
3234 555.0
3235 402.97153
3236 256.59656
3237 267.0
3238 555.0
3239 253.11226
3240 731.0
3241 555.0
3242 619.0
3243 249.05223
3244 267.0
3245 412.74985
3246 247.94458
3247 267.82074
3248 619.0
3249 555.0
3250 555.0
3251 257.45746
3252 267.0
3253 555.0
3254 619.0
3255 267.0
3256 247.48608
3257 240.29782
3258 261.34796
3259 545.7072
3260 267.0
3261 267.0
3262 240.70871
3263 416.4527
3264 267.0
3265 263.78146
3266 267.0
3267 267.0
3268 591.6717
3269 242.09433
3270 241.21375
3271 267.0
3272 619.0
3273 619.0
3274 555.0
3275 267.0
3276 267.0
3277 555.0
3278 267.0
3279 267.0
3280 264.5463
3281 240.66873
3282 249.05586
3283 555.0
3284 890.93365
3285 497.3963
3286 243.56937
3287 555.0
3288 553.5376
3289 527.545
3290 243.75581
3291 619.0
3292 232.63663
3293 619.0
3294 555.0
3295 571.0
3296 554.0157
3297 517.7023
3298 539.0
3299 535.45825
3300 539.0
3301 250.49117
3302 350.82288
3303 539.0
3304 635.0
3305 393.12064
3306 327.2333
3307 539.0
3308 518.50244
3309 518.8076
3310 559.973
3311 635.0
3312 539.0
3313 539.0
3314 539.0
3315 571.0
3316 551.34344
3317 539.0
3318 539.0
3319 539.0
3320 73.504814
3321 525.8823
3322 539.0
3323 438.7147
3324 981.41644
3325 525.4021
3326 145.7214
3327 398.478
3328 539.0
3329 437.18237
3330 255.5817
3331 418.02487
3332 539.0
3333 539.0
3334 524.67725
3335 368.03867
3336 539.0
3337 552.718
3338 539.0
3339 181.41028
3340 539.7248
3341 539.0
3342 539.0
3343 305.99054
3344 522.3215
3345 418.0193
3346 526.9553
3347 259.33774
3348 539.0
3349 550.72345
3350 525.553
3351 571.0
3352 539.0
3353 227.01923
3354 571.0
3355 539.2711
3356 539.0
3357 539.0
3358 539.0
3359 539.0
3360 539.0
3361 715.0
3362 539.0
3363 553.1316
3364 537.2941
3365 347.0
3366 331.0
3367 347.0
3368 340.14175
3369 347.0
3370 347.0
3371 347.0
3372 516.29144
3373 347.0
3374 347.0
3375 347.0
3376 347.0
3377 347.0
3378 1120.7993
3379 347.0
3380 347.0
3381 347.0
3382 283.0
3383 347.0
3384 347.0
3385 347.0
3386 347.0
3387 347.0
3388 587.0
3389 347.0
3390 347.0
3391 194.93538
3392 347.0
3393 284.2
3394 347.0
3395 347.0
3396 347.0
3397 331.0
3398 347.0
3399 270.58838
3400 283.0
3401 283.0
3402 347.0
3403 347.0
3404 347.0
3405 347.0
3406 347.0
3407 347.0
3408 347.0
3409 347.0
3410 344.56445
3411 347.0
3412 347.0
3413 347.0
3414 347.0
3415 347.0
3416 270.1353
3417 347.0
3418 347.0
3419 331.0
3420 347.0
3421 568.06775
3422 347.0
3423 331.0
3424 221.95451
3425 201.20622
3426 332.134
3427 347.0
3428 115.67612
3429 347.0
3430 347.0
3431 331.0
3432 587.0
3433 347.0
3434 347.0
3435 299.0
3436 299.0
3437 299.0
3438 299.0
3439 299.0
3440 299.0
3441 299.0
3442 299.0
3443 299.0
3444 379.0
3445 299.0
3446 379.0
3447 299.0
3448 299.0
3449 475.0
3450 299.0
3451 475.0
3452 299.0
3453 299.0
3454 427.0
3455 427.0
3456 475.0
3457 379.0
3458 299.0
3459 299.0
3460 379.0
3461 299.0
3462 299.0
3463 475.0
3464 379.0
3465 299.0
3466 299.0
3467 299.0
3468 427.0
3469 379.0
3470 379.0
3471 299.0
3472 475.0
3473 475.0
3474 299.0
3475 299.0
3476 379.0
3477 299.0
3478 299.0
3479 379.0
3480 379.0
3481 379.0
3482 299.0
3483 299.0
3484 299.0
3485 379.0
3486 299.0
3487 299.0
3488 299.0
3489 379.0
3490 299.0
3491 35.32142
3492 299.0
3493 299.0
3494 299.0
3495 379.0
3496 427.0
3497 49.403244
3498 379.0
3499 299.0
3500 379.0
3501 299.0
3502 380.134
3503 427.0
3504 427.0
3505 391.1589
3506 211.4963
3507 165.57631
3508 272.05588
3509 423.644
3510 175.20506
3511 443.68173
3512 210.17487
3513 70.024635
3514 25.496002
3515 258.59906
3516 471.22928
3517 133.92181
3518 181.5157
3519 393.3805
3520 398.20953
3521 289.93597
3522 29.214617
3523 423.04517
3524 185.33102
3525 389.87793
3526 376.8582
3527 150.39691
3528 194.70311
3529 178.23506
3530 383.52264
3531 450.637
3532 447.91302
3533 304.68967
3534 451.5017
3535 197.6724
3536 205.86754
3537 87.527565
3538 114.808235
3539 137.47432
3540 152.1534
3541 165.24232
3542 211.98221
3543 371.6745
3544 385.44125
3545 398.783
3546 151.56995
3547 423.5254
3548 394.9842
3549 117.549934
3550 437.7025
3551 319.39233
3552 207.2173
3553 407.2404
3554 394.582
3555 270.04156
3556 72.85424
3557 210.13104
3558 345.39066
3559 371.3931
3560 409.8744
3561 101.15576
3562 381.67514
3563 95.72045
3564 401.33862
3565 196.66734
3566 422.56607
3567 373.44794
3568 410.61276
3569 390.43094
3570 74.105736
3571 369.53976
3572 169.31398
3573 144.71602
3574 146.61833
3575 219.0
3576 197.19392
3577 219.0
3578 219.0
3579 219.0
3580 576.6614
3581 337.81396
3582 219.0
3583 219.0
3584 307.525
3585 199.34161
3586 561.55743
3587 219.0
3588 219.0
3589 539.13257
3590 219.0
3591 219.0
3592 219.0
3593 219.0
3594 199.00854
3595 219.0
3596 219.0
3597 187.0
3598 219.0
3599 219.0
3600 219.0
3601 219.0
3602 219.0
3603 219.0
3604 212.0
3605 219.0
3606 363.0
3607 219.0
3608 219.0
3609 205.60614
3610 219.0
3611 219.0
3612 219.0
3613 219.0
3614 219.0
3615 506.1173
3616 196.59392
3617 219.0
3618 219.0
3619 219.0
3620 0.0
3621 219.0
3622 197.34497
3623 198.40854
3624 317.89365
3625 496.21133
3626 219.0
3627 219.0
3628 219.0
3629 219.0
3630 196.59392
3631 562.5978
3632 373.8398
3633 219.0
3634 219.0
3635 209.928
3636 219.0
3637 201.99208
3638 219.0
3639 219.0
3640 219.0
3641 360.78516
3642 219.0
3643 219.0
3644 219.0
3645 527.662
3646 316.40005
3647 450.2773
3648 347.0
3649 539.0
3650 306.47278
3651 347.0
3652 460.48236
3653 449.10736
3654 395.0
3655 395.0
3656 384.45993
3657 395.0
3658 539.0
3659 347.0
3660 347.0
3661 384.39395
3662 316.40005
3663 306.47278
3664 395.0
3665 347.0
3666 503.56104
3667 384.07727
3668 455.716
3669 347.6
3670 389.751
3671 539.0
3672 539.0
3673 395.0
3674 539.0
3675 403.08832
3676 395.0
3677 385.59393
3678 395.0
3679 395.0
3680 347.0
3681 395.0
3682 466.7813
3683 0.0
3684 758.9764
3685 347.0
3686 520.6051
3687 491.0
3688 529.59393
3689 395.0
3690 395.0
3691 385.51996
3692 546.57666
3693 762.75037
3694 395.0
3695 347.0
3696 347.0
3697 395.0
3698 347.6
3699 395.0
3700 395.0
3701 539.0
3702 395.0
3703 395.0
3704 395.0
3705 395.0
3706 395.0
3707 211.71875
3708 539.0
3709 539.0
3710 539.6
3711 475.0
3712 395.0
3713 379.62036
3714 206.87726
3715 249.02922
3716 351.50412
3717 161.90733
3718 286.08185
3719 223.2869
3720 315.6
3721 355.99475
3722 363.0
3723 315.6
3724 348.00003
3725 315.0
3726 315.0
3727 214.27676
3728 232.73201
3729 290.606
3730 286.46802
3731 336.045
3732 363.0
3733 354.29828
3734 336.60004
3735 315.0
3736 315.6
3737 315.6
3738 275.84332
3739 363.0
3740 306.00284
3741 315.6
3742 353.40002
3743 336.9291
3744 341.59177
3745 222.86098
3746 404.85938
3747 284.00504
3748 315.0
3749 319.6747
3750 157.13782
3751 158.15724
3752 235.0
3753 220.24348
3754 235.0
3755 213.3074
3756 172.2
3757 346.80002
3758 176.26447
3759 220.5475
3760 220.99965
3761 159.67052
3762 235.0
3763 291.9184
3764 320.6359
3765 315.6
3766 356.90637
3767 363.0
3768 353.3531
3769 363.0
3770 171.0
3771 366.72287
3772 235.0
3773 342.56018
3774 172.1731
3775 109.669525
3776 315.6
3777 225.44899
3778 274.01205
3779 315.6
3780 361.80072
3781 326.25003
3782 341.18292
3783 81.009766
3784 363.0
3785 310.80255
3786 333.28174
3787 356.13785
3788 336.91373
3789 363.61728
3790 315.3352
3791 113.709625
3792 343.00125
3793 341.76614
3794 411.0
3795 369.43488
3796 356.13785
3797 386.70865
3798 300.4924
3799 357.51123
3800 332.0367
3801 343.00125
3802 341.565
3803 341.76614
3804 124.70185
3805 334.7164
3806 307.5193
3807 393.84988
3808 263.05316
3809 333.83798
3810 355.6556
3811 325.77954
3812 355.54178
3813 46.00975
3814 353.79788
3815 367.56372
3816 268.8454
3817 330.9611
3818 304.8343
3819 314.14417
3820 100.3441
3821 303.09357
3822 411.0
3823 214.27936
3824 328.97162
3825 330.49765
3826 347.95898
3827 347.80017
3828 308.09357
3829 342.21097
3830 294.8513
3831 301.84357
3832 381.25165
3833 351.7508
3834 333.52582
3835 357.92822
3836 42.018585
3837 319.421
3838 173.68176
3839 380.38348
3840 361.15332
3841 314.8965
3842 344.6197
3843 309.2409
3844 347.83453
3845 349.0095
3846 328.07385
3847 333.21332
3848 74.45176
3849 293.058
3850 292.67636
3851 370.97852
3852 309.67096
3853 312.39102
3854 279.33093
3855 235.0
3856 235.0
3857 235.0
3858 235.0
3859 235.0
3860 235.0
3861 235.0
3862 235.0
3863 341.40613
3864 205.334
3865 235.0
3866 533.86194
3867 235.0
3868 235.0
3869 235.0
3870 235.0
3871 235.0
3872 0.0
3873 203.0
3874 235.0
3875 345.3698
3876 204.2
3877 235.0
3878 235.0
3879 235.0
3880 235.0
3881 235.0
3882 235.0
3883 235.0
3884 363.6
3885 363.0
3886 235.0
3887 235.0
3888 235.0
3889 235.0
3890 371.4123
3891 432.85342
3892 365.03445
3893 235.0
3894 235.0
3895 236.134
3896 235.0
3897 235.0
3898 235.0
3899 235.0
3900 235.0
3901 203.0
3902 235.0
3903 235.0
3904 235.0
3905 82.46863
3906 215.00854
3907 235.0
3908 235.0
3909 235.0
3910 236.134
3911 235.0
3912 235.0
3913 236.134
3914 235.0
3915 235.0
3916 235.0
3917 235.0
3918 235.0
3919 235.0
3920 236.134
3921 235.0
3922 235.0
3923 235.0
3924 235.0
3925 523.0
3926 523.0
3927 556.75433
3928 523.0
3929 731.0
3930 523.0
3931 523.0
3932 513.3197
3933 514.886
3934 523.0
3935 393.9772
3936 575.6887
3937 381.49216
3938 188.08624
3939 517.57526
3940 523.0
3941 556.75433
3942 523.0
3943 520.27435
3944 523.0
3945 747.0
3946 523.0
3947 520.6407
3948 488.4667
3949 523.0
3950 347.0
3951 516.57025
3952 513.3109
3953 362.5684
3954 518.058
3955 523.0
3956 731.0
3957 534.09735
3958 523.0
3959 581.51996
3960 523.0
3961 535.6057
3962 586.4532
3963 400.82178
3964 517.3181
3965 523.0
3966 523.0
3967 540.4765
3968 731.0
3969 543.00836
3970 536.292
3971 523.0
3972 723.9562
3973 565.8845
3974 523.0
3975 523.0
3976 523.0
3977 523.0
3978 523.14276
3979 517.57526
3980 378.88077
3981 523.0
3982 523.0
3983 347.0
3984 520.05286
3985 678.1397
3986 522.9695
3987 511.86798
3988 731.0
3989 523.0
3990 523.0
3991 519.3825
3992 523.0
3993 523.0
3994 678.4051
3995 555.0
3996 747.0
3997 555.0
3998 219.0
3999 219.0
4000 544.82166
4001 522.317
4002 699.0
4003 747.0
4004 699.0
4005 747.0
4006 554.551
4007 529.9636
4008 549.10425
4009 588.0786
4010 522.317
4011 219.0
4012 605.4055
4013 219.0
4014 543.40875
4015 747.0
4016 219.0
4017 196.77264
4018 219.0
4019 747.0
4020 747.0
4021 521.9909
4022 219.0
4023 219.0
4024 527.0192
4025 547.7108
4026 219.0
4027 747.0
4028 549.0562
4029 747.0
4030 219.0
4031 747.0
4032 219.0
4033 555.0
4034 430.41476
4035 747.0
4036 555.0
4037 651.0
4038 555.6
4039 552.9239
4040 535.0531
4041 747.0
4042 219.0
