1 30.866
2 66.05479
3 8.836465
4 120.50029
5 28.00138
6 120.50029
7 66.05479
8 41.482628
9 40.27263
10 36.07871
11 120.50029
12 66.05479
13 125.919624
14 21.16562
15 98.67205
16 125.919624
17 120.50029
18 89.78989
19 126.02035
20 62.115913
21 126.02035
22 125.919624
23 46.599453
24 49.488026
25 38.61463
26 126.02035
27 125.919624
28 54.848717
29 117.57967
30 104.96852
31 126.02035
32 125.919624
33 109.726105
34 208.94006
35 235.0
36 235.0
37 208.94006
38 185.72595
39 219.0
40 184.10661
41 235.0
42 219.0
43 147.63255
44 118.769104
45 112.75363
46 235.0
47 219.0
48 158.27434
49 152.01123
50 24.252127
51 235.0
52 219.0
53 109.84136
54 32.0
55 120.19179
56 235.0
57 219.0
58 196.95663
59 187.19914
60 36.34663
61 235.0
62 219.0
63 219.0
64 139.04474
65 195.8203
66 235.0
67 219.0
68 160.39687
69 219.0
70 219.0
71 235.0
72 219.0
73 220.134
74 4.9093986
75 219.0
76 235.0
77 220.134
78 125.28903
79 220.134
80 61.17022
81 235.0
82 220.134
83 235.0
84 160.74538
85 206.40593
86 235.0
87 235.0
88 175.91068
89 200.09639
90 24.785366
91 235.0
92 235.0
93 235.0
94 220.134
95 134.5752
96 235.0
97 235.0
98 219.0
99 182.8661
100 196.7071
101 235.0
102 235.0
103 235.0
104 119.555984
105 202.43974
106 235.0
107 235.0
108 234.13098
109 126.77524
110 98.19612
111 235.0
112 235.0
113 220.134
114 235.0
115 86.2144
116 235.0
117 235.0
118 235.0
119 169.38301
120 79.9451
121 235.0
122 235.0
123 235.0
124 219.0
125 235.0
126 235.0
127 235.0
128 118.25885
129 315.0
130 134.9683
131 315.0
132 235.0
133 93.21054
134 235.0
135 65.13621
136 315.0
137 235.0
138 59.76248
139 170.06964
140 57.905006
141 315.0
142 235.0
143 166.38242
144 235.0
145 54.73834
146 315.0
147 235.0
148 70.31099
149 235.0
150 49.286133
151 315.0
152 235.0
153 213.05692
154 129.28754
155 183.60454
156 315.0
157 235.0
158 219.0
159 55.51916
160 386.8267
161 386.8267
162 315.0
163 219.0
164 235.0
165 220.134
166 386.8267
167 315.0
168 235.0
169 235.0
170 346.19147
171 386.8267
172 346.19147
173 219.0
174 315.0
175 126.09779
176 386.8267
177 346.19147
178 235.0
179 219.0
180 219.0
181 386.8267
182 346.19147
183 300.2182
184 235.0
185 293.64972
186 386.8267
187 346.19147
188 185.98615
189 105.54575
190 184.66446
191 386.8267
192 346.19147
193 25.675537
194 235.0
195 222.90019
196 386.8267
197 346.19147
198 111.34075
199 235.0
200 125.85891
201 386.8267
202 346.19147
203 219.0
204 315.0
205 235.0
206 386.8267
207 346.19147
208 219.0
209 219.0
210 147.97327
211 386.8267
212 346.19147
213 235.0
214 235.0
215 235.0
216 386.8267
217 346.19147
218 219.0
219 315.0
220 235.0
221 386.8267
222 346.19147
223 219.0
224 235.0
225 242.8844
226 386.8267
227 346.19147
228 219.0
229 235.0
230 235.0
231 386.8267
232 346.19147
233 235.0
234 219.0
235 235.0
236 386.8267
237 346.19147
238 219.0
239 236.134
240 219.0
241 386.8267
242 346.19147
243 219.0
244 219.0
245 103.38758
246 386.8267
247 346.19147
248 235.0
249 315.0
250 219.0
251 386.8267
252 346.19147
253 219.0
254 233.8082
255 235.0
256 386.8267
257 346.19147
258 219.0
259 236.134
260 236.134
261 386.8267
262 346.19147
263 219.0
264 219.0
265 219.0
266 386.8267
267 346.19147
268 219.0
269 315.0
270 219.0
271 386.8267
272 346.19147
273 235.0
274 235.0
275 219.0
276 386.8267
277 346.19147
278 219.0
279 219.0
280 0.0
281 386.8267
282 346.19147
283 235.0
284 235.0
285 62.316437
286 386.8267
287 346.19147
288 47.252632
289 315.0
290 219.0
291 386.8267
292 346.19147
293 219.0
294 212.24419
295 219.0
296 386.8267
297 346.19147
298 219.0
299 315.0
300 219.0
301 386.8267
302 346.19147
303 190.14914
304 315.0
305 219.0
306 386.8267
307 346.19147
308 89.56275
309 235.0
310 80.181656
311 386.8267
312 346.19147
313 219.0
314 235.0
315 216.7952
316 386.8267
317 346.19147
318 315.0
319 235.0
320 41.07252
321 386.8267
322 346.19147
323 240.66116
324 163.46024
325 126.9537
326 386.8267
327 346.19147
328 98.46343
329 219.0
330 235.0
331 386.8267
332 346.19147
333 235.0
334 191.96594
335 235.0
336 386.8267
337 346.19147
338 235.0
339 219.0
340 219.0
341 386.8267
342 346.19147
343 219.0
344 235.0
345 219.0
346 386.8267
347 346.19147
348 243.55702
349 315.0
350 17.915194
351 386.8267
352 346.19147
353 294.4001
354 219.0
355 252.75145
356 386.8267
357 346.19147
358 29.68551
359 235.0
360 257.73022
361 386.8267
362 346.19147
363 219.0
364 236.134
365 219.0
366 386.8267
367 346.19147
368 219.0
369 235.0
370 45.382465
371 386.8267
372 346.19147
373 177.04256
374 235.0
375 235.0
376 386.8267
377 346.19147
378 252.75696
379 235.0
380 219.0
381 386.8267
382 346.19147
383 235.0
384 235.0
385 315.0
386 386.8267
387 346.19147
388 315.0
389 235.0
390 219.0
391 386.8267
392 346.19147
393 219.0
394 219.0
395 219.0
396 386.8267
397 346.19147
398 235.0
399 219.0
400 174.8557
401 386.8267
402 346.19147
403 219.0
404 235.0
405 242.11942
406 386.8267
407 346.19147
408 235.0
409 330.2974
410 235.0
411 386.8267
412 346.19147
413 104.72718
414 219.0
415 116.750656
416 386.8267
417 346.19147
418 263.19305
419 535.1931
420 260.54492
421 535.1931
422 535.1931
423 386.8267
424 219.0
425 235.0
426 219.0
427 535.1931
428 386.8267
429 235.0
430 235.0
431 235.0
432 535.1931
433 386.8267
434 235.0
435 235.0
436 188.36197
437 535.1931
438 386.8267
439 219.0
440 235.0
441 219.0
442 535.1931
443 386.8267
444 235.0
445 219.0
446 236.134
447 535.1931
448 386.8267
449 235.0
450 219.0
451 219.0
452 535.1931
453 386.8267
454 235.0
455 254.22125
456 207.39551
457 535.1931
458 386.8267
459 219.0
460 236.134
461 235.0
462 535.1931
463 386.8267
464 235.0
465 219.0
466 219.0
467 535.1931
468 386.8267
469 219.0
470 219.0
471 219.0
472 535.1931
473 386.8267
474 219.0
475 252.82512
476 235.0
477 535.1931
478 386.8267
479 235.0
480 178.22081
481 236.134
482 535.1931
483 386.8267
484 219.0
485 219.0
486 254.50899
487 535.1931
488 386.8267
489 219.0
490 94.702065
491 235.0
492 535.1931
493 386.8267
494 220.134
495 219.0
496 219.0
497 535.1931
498 386.8267
499 235.0
500 219.0
501 42.035995
502 535.1931
503 386.8267
504 239.07042
505 219.0
506 175.90031
507 535.1931
508 386.8267
509 357.5715
510 235.0
511 219.0
512 535.1931
513 386.8267
514 315.0
515 37.48063
516 235.0
517 535.1931
518 386.8267
519 219.0
520 235.0
521 235.0
522 535.1931
523 386.8267
524 219.0
525 185.8795
526 219.0
527 535.1931
528 386.8267
529 236.134
530 219.0
531 219.0
532 535.1931
533 386.8267
534 315.0
535 315.0
536 219.0
537 535.1931
538 386.8267
539 219.0
540 59.339817
541 158.61568
542 535.1931
543 386.8267
544 350.90994
545 219.0
546 30.755186
547 535.1931
548 386.8267
549 219.0
550 241.85086
551 219.0
552 535.1931
553 386.8267
554 235.0
555 252.75696
556 219.0
557 535.1931
558 386.8267
559 219.0
560 235.0
561 231.82544
562 535.1931
563 386.8267
564 219.0
565 315.0
566 219.0
567 535.1931
568 386.8267
569 235.0
570 110.56838
571 235.0
572 535.1931
573 386.8267
574 147.73224
575 235.0
576 143.27257
577 535.1931
578 386.8267
579 235.0
580 19.918238
581 86.06292
582 535.1931
583 386.8267
584 235.0
585 153.27515
586 29.91548
587 535.1931
588 386.8267
589 219.0
590 219.0
591 235.0
592 535.1931
593 386.8267
594 235.0
595 315.0
596 219.0
597 535.1931
598 386.8267
599 236.134
600 316.134
601 219.0
602 535.1931
603 386.8267
604 219.0
605 235.0
606 246.65088
607 535.1931
608 386.8267
609 255.5993
610 315.0
611 250.32034
612 535.1931
613 386.8267
614 219.0
615 290.60446
616 236.134
617 535.1931
618 386.8267
619 507.0
620 219.0
621 233.07912
622 535.1931
623 507.0
624 235.0
625 156.36307
626 235.0
627 535.1931
628 507.0
629 88.99288
630 219.0
631 219.0
632 535.1931
633 507.0
634 507.0
635 219.0
636 235.0
637 535.1931
638 507.0
639 235.0
640 315.0
641 315.0
642 535.1931
643 507.0
644 315.0
645 235.0
646 159.09555
647 535.1931
648 507.0
649 237.23973
650 235.0
651 61.23618
652 535.1931
653 507.0
654 219.0
655 235.57765
656 219.0
657 535.1931
658 507.0
659 219.0
660 235.0
661 235.0
662 535.1931
663 507.0
664 219.0
665 219.0
666 219.0
667 535.1931
668 507.0
669 235.0
670 315.0
671 235.0
672 535.1931
673 507.0
674 236.134
675 219.0
676 172.17458
677 535.1931
678 507.0
679 235.0
680 219.0
681 219.0
682 535.1931
683 507.0
684 235.0
685 244.26466
686 111.355804
687 535.1931
688 507.0
689 479.9838
690 219.0
691 219.0
692 535.1931
693 507.0
694 235.0
695 219.0
696 235.0
697 535.1931
698 507.0
699 219.0
700 219.0
701 219.0
702 535.1931
703 507.0
704 246.94814
705 219.0
706 219.0
707 535.1931
708 507.0
709 88.67849
710 315.0
711 149.34308
712 535.1931
713 507.0
714 264.34738
715 219.0
716 219.0
717 535.1931
718 507.0
719 235.0
720 235.0
721 235.0
722 535.1931
723 507.0
724 33.067997
725 219.0
726 219.0
727 535.1931
728 507.0
729 235.0
730 219.0
731 315.0
732 535.1931
733 507.0
734 236.134
735 219.0
736 216.3044
737 535.1931
738 507.0
739 219.0
740 224.84685
741 184.71268
742 535.1931
743 507.0
744 219.0
745 235.0
746 219.0
747 535.1931
748 507.0
749 219.0
750 235.0
751 219.0
752 535.1931
753 507.0
754 236.134
755 235.0
756 235.0
757 535.1931
758 507.0
759 95.57414
760 101.05261
761 82.03558
762 535.1931
763 507.0
764 315.0
765 219.0
766 306.03336
767 535.1931
768 507.0
769 371.38342
770 219.0
771 219.0
772 535.1931
773 507.0
774 235.0
775 219.0
776 207.3998
777 535.1931
778 507.0
779 236.134
780 108.05874
781 211.78607
782 535.1931
783 507.0
784 219.0
785 235.0
786 235.0
787 535.1931
788 507.0
789 219.0
790 219.0
791 235.0
792 535.1931
793 507.0
794 230.05095
795 236.134
796 236.134
797 535.1931
798 507.0
799 235.0
800 219.0
801 106.74582
802 535.1931
803 507.0
804 219.0
805 236.134
806 181.56065
807 535.1931
808 507.0
809 219.0
810 315.0
811 32.96424
812 535.1931
813 507.0
814 236.134
815 270.7371
816 235.0
817 535.1931
818 507.0
819 219.0
820 158.31659
821 264.37103
822 535.1931
823 507.0
824 315.0
825 315.0
826 219.0
827 535.1931
828 507.0
829 236.134
830 191.26212
831 219.0
832 535.1931
833 507.0
834 219.0
835 235.0
836 235.0
837 535.1931
838 507.0
839 236.134
840 109.56476
841 82.00292
842 535.1931
843 507.0
844 219.0
845 235.0
846 219.0
847 535.1931
848 507.0
849 39.71944
850 219.0
851 87.63262
852 535.1931
853 507.0
854 235.0
855 235.0
856 315.0
857 535.1931
858 507.0
859 219.0
860 236.134
861 315.0
862 535.1931
863 507.0
864 151.76675
865 235.0
866 219.0
867 535.1931
868 507.0
869 219.0
870 235.0
871 209.27881
872 535.1931
873 507.0
874 236.134
875 102.189026
876 219.0
877 535.1931
878 507.0
879 38.083004
880 235.0
881 30.40037
882 535.1931
883 507.0
884 219.0
885 244.4557
886 219.0
887 535.1931
888 507.0
889 34.201996
890 235.0
891 235.0
892 535.1931
893 507.0
894 236.32008
895 219.0
896 219.0
897 535.1931
898 507.0
899 219.0
900 235.0
901 219.0
902 535.1931
903 507.0
904 219.0
905 219.0
906 219.0
907 535.1931
908 507.0
909 33.54326
910 235.0
911 139.37283
912 535.1931
913 507.0
914 444.2106
915 219.0
916 219.0
917 535.1931
918 507.0
919 219.0
920 72.94461
921 219.0
922 535.1931
923 507.0
924 316.134
925 217.25081
926 235.0
927 535.1931
928 507.0
929 219.0
930 443.41006
931 94.08718
932 535.1931
933 507.0
934 253.76024
935 235.0
936 143.27242
937 535.1931
938 507.0
939 91.10672
940 235.0
941 76.94252
942 535.1931
943 507.0
944 219.0
945 219.0
946 260.03558
947 535.1931
948 507.0
949 296.1934
950 268.25748
951 311.2738
952 535.1931
953 507.0
954 315.0
955 219.0
956 219.0
957 535.1931
958 507.0
959 219.0
960 219.0
961 175.30884
962 535.1931
963 507.0
964 219.0
965 235.0
966 310.7308
967 535.1931
968 507.0
969 236.1012
970 235.0
971 31.035759
972 535.1931
973 507.0
974 235.0
975 219.0
976 235.0
977 535.1931
978 507.0
979 315.0
980 219.0
981 235.0
982 535.1931
983 507.0
984 276.0
985 219.0
986 219.0
987 535.1931
988 507.0
989 219.0
990 235.0
991 237.51088
992 535.1931
993 507.0
994 235.0
995 235.0
996 239.43103
997 535.1931
998 507.0
999 236.134
1000 315.0
1001 158.07033
1002 535.1931
1003 507.0
1004 236.134
1005 235.0
