1 0.0
2 32.0
3 32.0
4 104.00625
5 32.0
6 220.134
7 164.01741
8 32.0
9 32.0
10 32.0
11 0.0
12 0.0
13 32.0
14 32.0
15 32.0
16 32.0
17 32.0
18 163.89404
19 219.0
20 32.0
21 104.00625
22 219.0
23 32.0
24 17.285864
25 32.0
26 32.0
27 32.0
28 220.134
29 32.0
30 32.0
31 219.0
32 32.0
33 0.0
34 0.0
35 32.0
36 32.0
37 219.0
38 32.0
39 0.0
40 32.0
41 219.0
42 32.0
43 32.0
44 87.904335
45 32.0
46 32.0
47 0.0
48 32.0
49 32.0
50 32.0
51 17.285864
52 104.00625
53 32.0
54 0.0
55 32.0
56 0.0
57 32.0
58 32.0
59 32.0
60 0.0
61 1.1340001
62 0.0
63 0.0
64 32.0
65 32.0
66 32.0
67 220.134
68 87.59094
69 32.0
70 6.8508253
71 32.0
72 32.0
73 32.0
74 32.0
75 32.0
76 32.0
77 32.0
78 219.0
79 0.0
80 235.0
81 0.0
82 32.0
83 32.0
84 164.01741
85 219.0
86 0.0
87 219.0
88 0.0
89 32.0
90 32.0
91 32.0
92 219.0
93 32.0
94 87.904335
95 180.3962
96 32.0
97 219.0
98 32.0
99 185.9132
100 32.0
101 235.0
102 220.134
103 220.134
104 220.134
105 219.0
106 219.0
107 219.0
108 219.0
109 219.0
110 219.0
111 219.0
112 219.0
113 219.0
114 219.0
115 185.9132
116 180.3962
117 164.01741
118 164.01741
119 163.89404
120 104.00625
121 104.00625
122 104.00625
123 87.904335
124 87.904335
125 87.59094
126 32.0
127 32.0
128 32.0
129 32.0
130 32.0
131 32.0
132 32.0
133 32.0
134 32.0
135 32.0
136 32.0
137 32.0
138 32.0
139 32.0
140 32.0
141 32.0
142 32.0
143 32.0
144 32.0
145 32.0
146 32.0
147 32.0
148 32.0
149 32.0
150 32.0
151 235.0
152 32.0
153 0.0
154 87.904335
155 219.0
156 32.0
157 32.0
158 32.0
159 219.0
160 32.0
161 219.0
162 219.0
163 0.0
164 168.08455
165 32.0
166 0.0
167 164.01741
168 0.0
169 104.00625
170 32.0
171 104.00625
172 220.134
173 32.0
174 32.0
175 87.59094
176 32.0
177 32.0
178 32.0
179 32.0
180 32.0
181 32.0
182 32.0
183 219.0
184 0.0
185 32.0
186 0.0
187 219.0
188 180.3962
189 71.184265
190 32.0
191 6.6146307
192 32.0
193 104.00625
194 32.0
195 87.59094
196 0.0
197 32.0
198 32.0
199 219.0
200 163.89404
201 235.0
202 235.0
203 220.134
204 220.134
205 220.134
206 220.134
207 219.0
208 219.0
209 219.0
210 219.0
211 219.0
212 219.0
213 219.0
214 219.0
215 219.0
216 219.0
217 219.0
218 219.0
219 219.0
220 219.0
221 219.0
222 219.0
223 219.0
224 185.9132
225 180.3962
226 180.3962
227 168.08455
228 164.01741
229 164.01741
230 164.01741
231 163.89404
232 163.89404
233 104.00625
234 104.00625
235 104.00625
236 104.00625
237 104.00625
238 104.00625
239 87.904335
240 87.904335
241 87.904335
242 87.59094
243 87.59094
244 87.59094
245 71.184265
246 32.0
247 32.0
248 32.0
249 32.0
250 32.0
251 32.0
252 147.77332
253 0.0
254 32.0
255 32.0
256 32.0
257 104.00625
258 219.0
259 219.0
260 175.05556
261 219.0
262 163.89404
263 235.0
264 219.0
265 0.0
266 219.0
267 32.0
268 17.285864
269 32.0
270 32.0
271 32.0
272 219.0
273 0.0
274 0.0
275 32.0
276 219.0
277 32.0
278 32.0
279 164.01741
280 0.0
281 163.89404
282 191.07545
283 104.00625
284 87.904335
285 104.00625
286 104.00625
287 0.0
288 104.00625
289 32.0
290 0.0
291 32.0
292 163.89404
293 32.0
294 163.89404
295 219.0
296 219.0
297 220.134
298 220.134
299 219.0
300 32.0
301 235.0
302 235.0
303 235.0
304 220.134
305 220.134
306 220.134
307 220.134
308 220.134
309 220.134
310 219.0
311 219.0
312 219.0
313 219.0
314 219.0
315 219.0
316 219.0
317 219.0
318 219.0
319 219.0
320 219.0
321 219.0
322 219.0
323 219.0
324 219.0
325 219.0
326 219.0
327 219.0
328 219.0
329 219.0
330 219.0
331 219.0
332 219.0
333 219.0
334 219.0
335 219.0
336 219.0
337 191.07545
338 185.9132
339 180.3962
340 180.3962
341 175.05556
342 168.08455
343 164.01741
344 164.01741
345 164.01741
346 164.01741
347 163.89404
348 163.89404
349 163.89404
350 163.89404
351 32.0
352 6.8508253
353 219.0
354 32.0
355 32.0
356 32.0
357 87.904335
358 220.134
359 32.0
360 219.0
361 32.0
362 219.0
363 0.0
364 219.0
365 185.9132
366 32.0
367 219.0
368 0.0
369 219.0
370 32.0
371 219.0
372 147.77332
373 163.89404
374 219.0
375 32.0
376 180.3962
377 0.0
378 219.0
379 32.0
380 219.0
381 219.0
382 219.0
383 32.0
384 219.0
385 32.0
386 32.0
387 175.05556
388 0.0
389 180.3962
390 32.0
391 219.0
392 219.0
393 164.01741
394 164.01741
395 32.0
396 0.0
397 0.0
398 6.6146307
399 219.0
400 180.3962
401 235.0
402 235.0
403 235.0
404 220.134
405 220.134
406 220.134
407 220.134
408 220.134
409 220.134
410 220.134
411 219.0
412 219.0
413 219.0
414 219.0
415 219.0
416 219.0
417 219.0
418 219.0
419 219.0
420 219.0
421 219.0
422 219.0
423 219.0
424 219.0
425 219.0
426 219.0
427 219.0
428 219.0
429 219.0
430 219.0
431 219.0
432 219.0
433 219.0
434 219.0
435 219.0
436 219.0
437 219.0
438 219.0
439 219.0
440 219.0
441 219.0
442 219.0
443 219.0
444 219.0
445 219.0
446 219.0
447 219.0
448 219.0
449 219.0
450 219.0
451 0.0
452 32.0
453 273.17407
454 220.134
455 32.0
456 32.0
457 32.0
458 220.134
459 0.0
460 0.0
461 163.89404
462 219.0
463 32.0
464 219.0
465 180.3962
466 219.0
467 219.0
468 219.0
469 219.0
470 235.0
471 1.1340001
472 219.0
473 219.0
474 32.0
475 0.0
476 32.0
477 219.0
478 219.0
479 219.0
480 32.0
481 32.0
482 32.0
483 171.52847
484 1.1340001
485 0.0
486 32.0
487 0.0
488 219.0
489 32.0
490 219.0
491 219.0
492 87.904335
493 219.0
494 219.0
495 32.0
496 180.3962
497 219.0
498 32.0
499 87.59094
500 219.0
501 273.17407
502 273.17407
503 235.0
504 235.0
505 235.0
506 235.0
507 220.134
508 220.134
509 220.134
510 220.134
511 220.134
512 220.134
513 220.134
514 220.134
515 220.134
516 219.0
517 219.0
518 219.0
519 219.0
520 219.0
521 219.0
522 219.0
523 219.0
524 219.0
525 219.0
526 219.0
527 219.0
528 219.0
529 219.0
530 219.0
531 219.0
532 219.0
533 219.0
534 219.0
535 219.0
536 219.0
537 219.0
538 219.0
539 219.0
540 219.0
541 219.0
542 219.0
543 219.0
544 219.0
545 219.0
546 219.0
547 219.0
548 219.0
549 219.0
550 219.0
551 219.0
552 0.0
553 219.0
554 0.0
555 32.0
556 164.01741
557 220.134
558 32.0
559 32.0
560 87.904335
561 220.134
562 32.0
563 32.0
564 32.0
565 0.0
566 219.0
567 219.0
568 219.0
569 219.0
570 32.0
571 219.0
572 164.01741
573 219.0
574 32.0
575 219.0
576 32.0
577 219.0
578 219.0
579 219.0
580 235.0
581 6.6146307
582 32.0
583 32.0
584 219.0
585 0.0
586 219.0
587 219.0
588 32.0
589 219.0
590 219.0
591 6.8508253
592 219.0
593 32.0
594 0.0
595 32.0
596 32.0
597 219.0
598 147.77332
599 32.0
600 219.0
601 32.0
602 273.17407
603 235.0
604 235.0
605 235.0
606 235.0
607 235.0
608 220.134
609 220.134
610 220.134
611 220.134
612 220.134
613 220.134
614 220.134
615 220.134
616 220.134
617 220.134
618 220.134
619 219.0
620 219.0
621 219.0
622 219.0
623 219.0
624 219.0
625 219.0
626 219.0
627 219.0
628 219.0
629 219.0
630 219.0
631 219.0
632 219.0
633 219.0
634 219.0
635 219.0
636 219.0
637 219.0
638 219.0
639 219.0
640 219.0
641 219.0
642 219.0
643 219.0
644 219.0
645 219.0
646 219.0
647 219.0
648 219.0
649 219.0
650 219.0
651 219.0
652 32.0
653 219.0
654 32.0
655 236.134
656 219.0
657 1.2
658 180.3962
659 0.0
660 87.904335
661 220.134
662 220.134
663 32.0
664 219.0
665 220.134
666 0.0
667 32.0
668 32.0
669 1.1340001
670 219.0
671 32.0
672 315.0
673 219.0
674 32.0
675 219.0
676 180.3962
677 219.0
678 164.01741
679 32.0
680 219.0
681 87.59094
682 219.0
683 32.0
684 32.0
685 32.0
686 235.0
687 219.0
688 32.0
689 180.3962
690 0.0
691 219.0
692 219.0
693 220.134
694 32.0
695 180.3962
696 219.0
697 32.0
698 32.0
699 0.0
700 235.0
701 32.0
702 315.0
703 315.0
704 273.17407
705 236.134
706 235.0
707 235.0
708 235.0
709 235.0
710 235.0
711 235.0
712 235.0
713 220.134
714 220.134
715 220.134
716 220.134
717 220.134
718 220.134
719 220.134
720 220.134
721 220.134
722 220.134
723 220.134
724 220.134
725 220.134
726 220.134
727 220.134
728 219.0
729 219.0
730 219.0
731 219.0
732 219.0
733 219.0
734 219.0
735 219.0
736 219.0
737 219.0
738 219.0
739 219.0
740 219.0
741 219.0
742 219.0
743 219.0
744 219.0
745 219.0
746 219.0
747 219.0
748 219.0
749 219.0
750 219.0
751 219.0
752 219.0
753 219.0
754 6.6146307
755 0.0
756 235.0
757 1.2
758 32.0
759 219.0
760 219.0
761 236.134
762 32.0
763 220.134
764 0.0
765 32.0
766 220.134
767 220.134
768 0.0
769 32.0
770 220.134
771 104.00625
772 236.134
773 219.0
774 0.0
775 235.0
776 32.0
777 219.0
778 219.0
779 219.0
780 219.0
781 219.0
782 1.1340001
783 219.0
784 219.0
785 219.0
786 219.0
787 0.0
788 32.0
789 219.0
790 32.0
791 219.0
792 147.77332
793 219.0
794 32.0
795 219.0
796 32.0
797 32.0
798 219.0
799 104.00625
800 219.0
801 219.0
802 164.01741
803 315.0
804 273.17407
805 236.134
806 236.134
807 236.134
808 235.0
809 235.0
810 235.0
811 235.0
812 235.0
813 235.0
814 235.0
815 235.0
816 235.0
817 220.134
818 220.134
819 220.134
820 220.134
821 220.134
822 220.134
823 220.134
824 220.134
825 220.134
826 220.134
827 220.134
828 220.134
829 220.134
830 220.134
831 220.134
832 220.134
833 220.134
834 220.134
835 220.134
836 219.0
837 219.0
838 219.0
839 219.0
840 219.0
841 219.0
842 219.0
843 219.0
844 219.0
845 219.0
846 219.0
847 219.0
848 219.0
849 219.0
850 219.0
851 219.0
852 219.0
853 235.0
854 0.0
855 219.0
856 71.184265
857 0.0
858 17.285864
859 315.0
860 0.0
861 32.0
862 235.0
863 0.0
864 32.0
865 1.2
866 0.0
867 87.904335
868 0.0
869 32.0
870 220.134
871 220.134
872 219.0
873 219.0
874 32.0
875 32.0
876 104.00625
877 219.0
878 6.8508253
879 32.0
880 220.134
881 32.0
882 220.134
883 219.0
884 104.00625
885 220.134
886 32.0
887 219.0
888 32.0
889 219.0
890 32.0
891 6.6146307
892 32.0
893 219.0
894 162.02351
895 219.0
896 220.134
897 219.0
898 219.0
899 32.0
900 0.0
901 219.0
902 219.0
903 315.0
904 315.0
905 273.17407
906 236.134
907 236.134
908 236.134
909 235.0
910 235.0
911 235.0
912 235.0
913 235.0
914 235.0
915 235.0
916 235.0
917 235.0
918 235.0
919 235.0
920 220.134
921 220.134
922 220.134
923 220.134
924 220.134
925 220.134
926 220.134
927 220.134
928 220.134
929 220.134
930 220.134
931 220.134
932 220.134
933 220.134
934 220.134
935 220.134
936 220.134
937 220.134
938 220.134
939 220.134
940 220.134
941 220.134
942 220.134
943 220.134
944 220.134
945 219.0
946 219.0
947 219.0
948 219.0
949 219.0
950 219.0
951 219.0
952 219.0
953 164.01741
954 1.2
955 159.22543
956 32.0
957 32.0
958 0.0
959 32.0
960 0.0
961 236.134
962 32.0
963 32.0
964 32.0
965 219.0
966 162.02351
967 235.0
968 219.0
969 32.0
970 104.00625
971 32.0
972 32.0
973 220.134
974 0.0
975 220.134
976 32.0
977 32.0
978 219.0
979 219.0
980 220.134
981 32.0
982 235.0
983 220.134
984 32.0
985 32.0
986 220.134
987 220.134
988 0.0
989 219.0
990 220.134
991 219.0
992 87.904335
993 104.00625
994 219.0
995 219.0
996 164.01741
997 87.59094
998 219.0
999 219.0
1000 219.0
1001 219.0
1002 219.0
1003 315.0
1004 315.0
1005 273.17407
1006 236.134
1007 236.134
1008 236.134
1009 236.134
1010 235.0
1011 235.0
1012 235.0
1013 235.0
1014 235.0
1015 235.0
1016 235.0
1017 235.0
1018 235.0
1019 235.0
1020 235.0
1021 235.0
1022 235.0
1023 220.134
1024 220.134
1025 220.134
1026 220.134
1027 220.134
1028 220.134
1029 220.134
1030 220.134
1031 220.134
1032 220.134
1033 220.134
1034 220.134
1035 220.134
1036 220.134
1037 220.134
1038 220.134
1039 220.134
1040 220.134
1041 220.134
1042 220.134
1043 220.134
1044 220.134
1045 220.134
1046 220.134
1047 220.134
1048 220.134
1049 220.134
1050 220.134
1051 220.134
1052 220.134
1053 235.0
1054 1.2
1055 32.0
1056 235.0
1057 236.134
1058 235.0
1059 71.184265
1060 0.0
1061 0.0
1062 71.184265
1063 235.0
1064 219.0
1065 32.0
1066 32.0
1067 6.6146307
1068 0.0
1069 32.0
1070 32.0
1071 32.0
1072 32.0
1073 220.134
1074 104.00625
1075 220.134
1076 0.0
1077 219.0
1078 220.134
1079 219.0
1080 220.134
1081 32.0
1082 104.00625
1083 32.0
1084 0.0
1085 220.134
1086 220.134
1087 104.00625
1088 220.134
1089 219.0
1090 104.00625
1091 32.0
1092 220.134
1093 32.0
1094 104.00625
1095 32.0
1096 32.0
1097 220.134
1098 0.0
1099 0.0
1100 104.00625
1101 219.0
1102 219.0
1103 315.0
1104 315.0
1105 273.17407
1106 236.134
1107 236.134
1108 236.134
1109 236.134
1110 236.134
1111 235.0
1112 235.0
1113 235.0
1114 235.0
1115 235.0
1116 235.0
1117 235.0
1118 235.0
1119 235.0
1120 235.0
1121 235.0
1122 235.0
1123 235.0
1124 235.0
1125 235.0
1126 235.0
1127 235.0
1128 220.134
1129 220.134
1130 220.134
1131 220.134
1132 220.134
1133 220.134
1134 220.134
1135 220.134
1136 220.134
1137 220.134
1138 220.134
1139 220.134
1140 220.134
1141 220.134
1142 220.134
1143 220.134
1144 220.134
1145 220.134
1146 220.134
1147 220.134
1148 220.134
1149 220.134
1150 220.134
1151 220.134
1152 220.134
1153 219.0
1154 0.0
1155 0.0
1156 32.0
1157 236.134
1158 273.17407
1159 32.0
1160 147.77332
1161 235.0
1162 164.01741
1163 219.0
1164 87.59094
1165 163.89404
1166 219.0
1167 0.0
1168 0.0
1169 235.0
1170 6.6146307
1171 147.77332
1172 0.0
1173 17.285864
1174 219.0
1175 315.0
1176 219.0
1177 104.00625
1178 32.0
1179 32.0
1180 87.904335
1181 220.134
1182 220.134
1183 71.184265
1184 220.134
1185 180.3962
1186 0.0
1187 219.0
1188 0.0
1189 220.134
1190 32.0
1191 220.134
1192 220.134
1193 32.0
1194 219.0
1195 104.00625
1196 220.134
1197 220.134
1198 219.0
1199 87.904335
1200 220.134
1201 220.134
1202 220.134
1203 315.0
1204 315.0
1205 315.0
1206 273.17407
1207 273.17407
1208 236.134
1209 236.134
1210 236.134
1211 236.134
1212 236.134
1213 236.134
1214 235.0
1215 235.0
1216 235.0
1217 235.0
1218 235.0
1219 235.0
1220 235.0
1221 235.0
1222 235.0
1223 235.0
1224 235.0
1225 235.0
1226 235.0
1227 235.0
1228 235.0
1229 235.0
1230 235.0
1231 235.0
1232 235.0
1233 220.134
1234 220.134
1235 220.134
1236 220.134
1237 220.134
1238 220.134
1239 220.134
1240 220.134
1241 220.134
1242 220.134
1243 220.134
1244 220.134
1245 220.134
1246 220.134
1247 220.134
1248 220.134
1249 220.134
1250 220.134
1251 220.134
1252 220.134
1253 32.0
1254 1.2
1255 1.2
1256 163.89404
1257 147.77332
1258 0.0
1259 236.134
1260 181.98921
1261 236.134
1262 235.0
1263 32.0
1264 315.0
1265 1.2
1266 0.0
1267 220.134
1268 219.0
1269 147.77332
1270 235.0
1271 219.0
1272 219.0
1273 1.2
1274 32.0
1275 32.0
1276 0.0
1277 32.0
1278 219.0
1279 219.0
1280 32.0
1281 0.0
1282 236.134
1283 71.184265
1284 104.00625
1285 219.0
1286 32.0
1287 220.134
1288 220.134
1289 104.00625
1290 220.134
1291 87.904335
1292 220.134
1293 175.05556
1294 32.0
1295 32.0
1296 71.184265
1297 32.0
1298 104.00625
1299 220.134
1300 235.0
1301 220.134
1302 220.134
1303 315.0
1304 315.0
1305 315.0
1306 315.0
1307 273.17407
1308 273.17407
1309 236.134
1310 236.134
1311 236.134
1312 236.134
1313 236.134
1314 236.134
1315 236.134
1316 236.134
1317 236.134
1318 235.0
1319 235.0
1320 235.0
1321 235.0
1322 235.0
1323 235.0
1324 235.0
1325 235.0
1326 235.0
1327 235.0
1328 235.0
1329 235.0
1330 235.0
1331 235.0
1332 235.0
1333 235.0
1334 235.0
1335 235.0
1336 235.0
1337 235.0
1338 235.0
1339 235.0
1340 220.134
1341 220.134
1342 220.134
1343 220.134
1344 220.134
1345 220.134
1346 220.134
1347 220.134
1348 220.134
1349 220.134
1350 220.134
1351 220.134
1352 220.134
1353 0.0
1354 87.904335
1355 219.0
1356 315.0
1357 32.0
1358 1.1340001
1359 236.134
1360 236.134
1361 235.0
1362 220.134
1363 0.0
1364 32.0
1365 236.134
1366 219.0
1367 32.0
1368 235.0
1369 0.0
1370 0.0
1371 315.0
1372 219.0
1373 235.0
1374 220.134
1375 32.0
1376 236.134
1377 32.0
1378 236.134
1379 32.0
1380 219.0
1381 219.0
1382 32.0
1383 235.0
1384 315.0
1385 32.0
1386 235.0
1387 6.6146307
1388 235.0
1389 315.0
1390 32.0
1391 220.134
1392 220.134
1393 1.1340001
1394 32.0
1395 32.0
1396 219.0
1397 32.0
1398 220.134
1399 220.134
1400 32.0
1401 220.134
1402 32.0
1403 315.0
1404 315.0
1405 315.0
1406 315.0
1407 315.0
1408 315.0
1409 315.0
1410 315.0
1411 273.17407
1412 273.17407
1413 236.134
1414 236.134
1415 236.134
1416 236.134
1417 236.134
1418 236.134
1419 236.134
1420 236.134
1421 236.134
1422 236.134
1423 236.134
1424 236.134
1425 236.134
1426 236.134
1427 235.0
1428 235.0
1429 235.0
1430 235.0
1431 235.0
1432 235.0
1433 235.0
1434 235.0
1435 235.0
1436 235.0
1437 235.0
1438 235.0
1439 235.0
1440 235.0
1441 235.0
1442 235.0
1443 235.0
1444 235.0
1445 235.0
1446 235.0
1447 235.0
1448 235.0
1449 235.0
1450 235.0
1451 235.0
1452 235.0
1453 0.0
1454 1.2
1455 0.0
1456 235.0
1457 32.0
1458 32.0
1459 315.0
1460 273.17407
1461 219.0
1462 0.0
1463 0.0
1464 0.0
1465 71.184265
1466 219.0
1467 0.0
1468 236.134
1469 219.0
1470 235.0
1471 0.0
1472 32.0
1473 236.134
1474 147.77332
1475 32.0
1476 219.0
1477 219.0
1478 235.0
1479 32.0
1480 219.0
1481 6.6146307
1482 236.134
1483 219.0
1484 0.0
1485 0.0
1486 219.0
1487 219.0
1488 32.0
1489 32.0
1490 0.0
1491 219.0
1492 32.0
1493 235.0
1494 6.6146307
1495 0.0
1496 32.0
1497 6.6146307
1498 0.0
1499 219.0
1500 32.0
1501 219.0
1502 219.0
1503 315.0
1504 315.0
1505 315.0
1506 315.0
1507 315.0
1508 315.0
1509 315.0
1510 315.0
1511 315.0
1512 273.17407
1513 273.17407
1514 273.17407
1515 236.134
1516 236.134
1517 236.134
1518 236.134
1519 236.134
1520 236.134
1521 236.134
1522 236.134
1523 236.134
1524 236.134
1525 236.134
1526 236.134
1527 236.134
1528 236.134
1529 236.134
1530 236.134
1531 236.134
1532 235.0
1533 235.0
1534 235.0
1535 235.0
1536 235.0
1537 235.0
1538 235.0
1539 235.0
1540 235.0
1541 235.0
1542 235.0
1543 235.0
1544 235.0
1545 235.0
1546 235.0
1547 235.0
1548 235.0
1549 235.0
1550 235.0
1551 235.0
1552 235.0
1553 32.0
1554 315.0
1555 32.0
1556 0.0
1557 32.0
1558 164.01741
1559 164.01741
1560 1.2
1561 219.0
1562 219.0
1563 236.134
1564 71.184265
1565 236.134
1566 219.0
1567 71.184265
1568 32.0
1569 147.77332
1570 32.0
1571 219.0
1572 104.00625
1573 219.0
1574 235.0
1575 0.0
1576 0.0
1577 236.134
1578 71.184265
1579 180.3962
1580 0.0
1581 236.134
1582 0.0
1583 87.904335
1584 0.0
1585 235.0
1586 219.0
1587 0.0
1588 32.0
1589 235.0
1590 0.0
1591 219.0
1592 17.285864
1593 219.0
1594 219.0
1595 235.0
1596 219.0
1597 315.0
1598 32.0
1599 236.134
1600 235.0
1601 235.0
1602 220.134
1603 315.0
1604 315.0
1605 315.0
1606 315.0
1607 315.0
1608 315.0
1609 315.0
1610 315.0
1611 315.0
1612 315.0
1613 315.0
1614 273.17407
1615 273.17407
1616 273.17407
1617 236.134
1618 236.134
1619 236.134
1620 236.134
1621 236.134
1622 236.134
1623 236.134
1624 236.134
1625 236.134
1626 236.134
1627 236.134
1628 236.134
1629 236.134
1630 236.134
1631 236.134
1632 236.134
1633 236.134
1634 236.134
1635 236.134
1636 236.134
1637 236.134
1638 236.134
1639 235.0
1640 235.0
1641 235.0
1642 235.0
1643 235.0
1644 235.0
1645 235.0
1646 235.0
1647 235.0
1648 235.0
1649 235.0
1650 235.0
1651 235.0
1652 235.0
1653 0.0
1654 315.0
1655 315.0
1656 315.0
1657 235.0
1658 173.8014
1659 32.0
1660 164.01741
1661 1.2
1662 235.0
1663 219.0
1664 219.0
1665 235.0
1666 32.0
1667 236.134
1668 32.0
1669 219.0
1670 236.134
1671 32.0
1672 1.1340001
1673 0.0
1674 235.0
1675 71.184265
1676 236.134
1677 219.0
1678 219.0
1679 235.0
1680 0.0
1681 32.0
1682 219.0
1683 219.0
1684 0.0
1685 236.134
1686 32.0
1687 236.134
1688 236.134
1689 235.0
1690 219.0
1691 32.0
1692 235.0
1693 236.134
1694 177.01639
1695 0.0
1696 0.0
1697 32.0
1698 219.0
1699 235.0
1700 236.134
1701 0.0
1702 219.0
1703 315.0
1704 315.0
1705 315.0
1706 315.0
1707 315.0
1708 315.0
1709 315.0
1710 315.0
1711 315.0
1712 315.0
1713 315.0
1714 315.0
1715 315.0
1716 315.0
1717 273.17407
1718 273.17407
1719 273.17407
1720 236.134
1721 236.134
1722 236.134
1723 236.134
1724 236.134
1725 236.134
1726 236.134
1727 236.134
1728 236.134
1729 236.134
1730 236.134
1731 236.134
1732 236.134
1733 236.134
1734 236.134
1735 236.134
1736 236.134
1737 236.134
1738 236.134
1739 236.134
1740 236.134
1741 236.134
1742 236.134
1743 236.134
1744 236.134
1745 236.134
1746 236.134
1747 236.134
1748 236.134
1749 236.134
1750 235.0
1751 235.0
1752 235.0
1753 0.0
1754 219.0
1755 235.0
1756 219.0
1757 0.0
1758 219.0
1759 0.0
1760 273.17407
1761 32.0
1762 219.0
1763 315.0
1764 219.0
1765 235.0
1766 219.0
1767 147.77332
1768 147.77332
1769 315.0
1770 0.0
1771 0.0
1772 236.134
1773 219.0
1774 32.0
1775 219.0
1776 219.0
1777 0.0
1778 0.0
1779 0.0
1780 235.0
1781 236.134
1782 71.184265
1783 219.0
1784 236.134
1785 32.0
1786 32.0
1787 71.184265
1788 71.184265
1789 0.0
1790 0.0
1791 236.134
1792 32.0
1793 219.0
1794 219.0
1795 32.0
1796 32.0
1797 0.0
1798 0.0
1799 236.134
1800 219.0
1801 0.0
1802 235.0
1803 315.0
1804 315.0
1805 315.0
1806 315.0
1807 315.0
1808 315.0
1809 315.0
1810 315.0
1811 315.0
1812 315.0
1813 315.0
1814 315.0
1815 315.0
1816 315.0
1817 315.0
1818 315.0
1819 273.17407
1820 273.17407
1821 273.17407
1822 273.17407
1823 236.134
1824 236.134
1825 236.134
1826 236.134
1827 236.134
1828 236.134
1829 236.134
1830 236.134
1831 236.134
1832 236.134
1833 236.134
1834 236.134
1835 236.134
1836 236.134
1837 236.134
1838 236.134
1839 236.134
1840 236.134
1841 236.134
1842 236.134
1843 236.134
1844 236.134
1845 236.134
1846 236.134
1847 236.134
1848 236.134
1849 236.134
1850 236.134
1851 236.134
1852 236.134
1853 0.0
1854 147.77332
1855 219.0
1856 163.89404
1857 315.0
1858 219.0
1859 315.0
1860 0.0
1861 32.0
1862 315.0
1863 315.0
1864 163.89404
1865 32.0
1866 32.0
1867 273.17407
1868 235.0
1869 0.0
1870 147.77332
1871 147.77332
1872 147.77332
1873 0.0
1874 219.0
1875 32.0
1876 236.134
1877 236.134
1878 219.0
1879 219.0
1880 219.0
1881 219.0
1882 0.0
1883 0.0
1884 316.134
1885 0.0
1886 0.0
1887 0.0
1888 164.01741
1889 1.1340001
1890 0.0
1891 236.134
1892 1.1340001
1893 236.134
1894 236.134
1895 87.59094
1896 236.134
1897 236.134
1898 6.6146307
1899 71.184265
1900 236.134
1901 219.0
1902 87.904335
1903 316.134
1904 316.134
1905 315.0
1906 315.0
1907 315.0
1908 315.0
1909 315.0
1910 315.0
1911 315.0
1912 315.0
1913 315.0
1914 315.0
1915 315.0
1916 315.0
1917 315.0
1918 315.0
1919 315.0
1920 315.0
1921 315.0
1922 315.0
1923 315.0
1924 315.0
1925 273.17407
1926 273.17407
1927 273.17407
1928 273.17407
1929 273.17407
1930 236.134
1931 236.134
1932 236.134
1933 236.134
1934 236.134
1935 236.134
1936 236.134
1937 236.134
1938 236.134
1939 236.134
1940 236.134
1941 236.134
1942 236.134
1943 236.134
1944 236.134
1945 236.134
1946 236.134
1947 236.134
1948 236.134
1949 236.134
1950 236.134
1951 236.134
1952 236.134
1953 236.134
1954 32.0
1955 32.0
1956 0.0
1957 235.0
1958 315.0
1959 315.0
1960 32.0
1961 235.0
1962 0.0
1963 6.6146307
1964 0.0
1965 0.0
1966 32.0
1967 163.89404
1968 315.0
1969 32.0
1970 235.0
1971 0.0
1972 1.2
1973 147.77332
1974 219.0
1975 273.17407
1976 219.0
1977 147.77332
1978 147.77332
1979 219.0
1980 236.134
1981 219.0
1982 0.0
1983 147.77332
1984 0.0
1985 219.0
1986 0.0
1987 219.0
1988 236.134
1989 219.0
1990 32.0
1991 0.0
1992 236.134
1993 0.0
1994 32.0
1995 219.0
1996 32.0
1997 219.0
1998 219.0
1999 6.6146307
2000 219.0
2001 235.0
2002 220.134
2003 236.134
2004 316.134
2005 315.0
2006 315.0
2007 315.0
2008 315.0
2009 315.0
2010 315.0
2011 315.0
2012 315.0
2013 315.0
2014 315.0
2015 315.0
2016 315.0
2017 315.0
2018 315.0
2019 315.0
2020 315.0
2021 315.0
2022 315.0
2023 315.0
2024 315.0
2025 315.0
2026 315.0
2027 315.0
2028 273.17407
2029 273.17407
2030 273.17407
2031 273.17407
2032 273.17407
2033 273.17407
2034 236.134
2035 236.134
2036 236.134
2037 236.134
2038 236.134
2039 236.134
2040 236.134
2041 236.134
2042 236.134
2043 236.134
2044 236.134
2045 236.134
2046 236.134
2047 236.134
2048 236.134
2049 236.134
2050 236.134
2051 236.134
2052 236.134
2053 236.134
2054 32.0
2055 32.0
2056 1.2
2057 315.0
2058 0.0
2059 315.0
2060 163.89404
2061 219.0
2062 147.77332
2063 273.17407
2064 219.0
2065 219.0
2066 0.0
2067 0.0
2068 315.0
2069 1.2
2070 32.0
2071 219.0
2072 219.0
2073 315.0
2074 219.0
2075 185.10359
2076 236.134
2077 219.0
2078 32.0
2079 0.0
2080 87.59094
2081 163.89404
2082 219.0
2083 147.77332
2084 0.0
2085 71.184265
2086 87.904335
2087 236.134
2088 219.0
2089 0.0
2090 236.134
2091 236.134
2092 0.0
2093 219.0
2094 236.134
2095 236.134
2096 236.134
2097 236.134
2098 71.184265
2099 32.0
2100 236.134
2101 32.0
2102 32.0
2103 0.0
2104 316.134
2105 315.0
2106 315.0
2107 315.0
2108 315.0
2109 315.0
2110 315.0
2111 315.0
2112 315.0
2113 315.0
2114 315.0
2115 315.0
2116 315.0
2117 315.0
2118 315.0
2119 315.0
2120 315.0
2121 315.0
2122 315.0
2123 315.0
2124 315.0
2125 315.0
2126 315.0
2127 315.0
2128 315.0
2129 315.0
2130 315.0
2131 315.0
2132 273.17407
2133 273.17407
2134 273.17407
2135 273.17407
2136 273.17407
2137 273.17407
2138 273.17407
2139 236.134
2140 236.134
2141 236.134
2142 236.134
2143 236.134
2144 236.134
2145 236.134
2146 236.134
2147 236.134
2148 236.134
2149 236.134
2150 236.134
2151 236.134
2152 236.134
2153 236.134
2154 220.134
2155 0.0
2156 0.0
2157 315.0
2158 235.0
2159 1.2
2160 315.0
2161 147.77332
2162 32.0
2163 32.0
2164 1.2
2165 0.0
2166 0.0
2167 219.0
2168 147.77332
2169 220.134
2170 315.0
2171 180.3962
2172 315.0
2173 0.0
2174 219.0
2175 219.0
2176 164.01741
2177 0.0
2178 219.0
2179 315.0
2180 1.2
2181 315.0
2182 147.77332
2183 219.0
2184 171.36029
2185 32.0
2186 0.0
2187 163.89404
2188 219.0
2189 32.0
2190 236.134
2191 236.134
2192 0.0
2193 236.134
2194 219.0
2195 236.134
2196 219.0
2197 0.0
2198 219.0
2199 1.2
2200 219.0
2201 236.134
2202 235.0
2203 219.0
2204 316.134
2205 315.0
2206 315.0
2207 315.0
2208 315.0
2209 315.0
2210 315.0
2211 315.0
2212 315.0
2213 315.0
2214 315.0
2215 315.0
2216 315.0
2217 315.0
2218 315.0
2219 315.0
2220 315.0
2221 315.0
2222 315.0
2223 315.0
2224 315.0
2225 315.0
2226 315.0
2227 315.0
2228 315.0
2229 315.0
2230 315.0
2231 315.0
2232 315.0
2233 315.0
2234 315.0
2235 315.0
2236 315.0
2237 315.0
2238 273.17407
2239 273.17407
2240 273.17407
2241 273.17407
2242 273.17407
2243 273.17407
2244 273.17407
2245 236.134
2246 236.134
2247 236.134
2248 236.134
2249 236.134
2250 236.134
2251 236.134
2252 236.134
2253 236.134
2254 235.0
2255 315.0
2256 0.0
2257 17.285864
2258 32.0
2259 235.0
2260 219.0
2261 219.0
2262 0.0
2263 1.2
2264 315.0
2265 315.0
2266 32.0
2267 87.904335
2268 0.0
2269 235.0
2270 32.0
2271 219.0
2272 315.0
2273 315.0
2274 235.0
2275 0.0
2276 315.0
2277 273.17407
2278 315.0
2279 235.0
2280 219.0
2281 32.0
2282 1.2
2283 315.0
2284 219.0
2285 235.0
2286 219.0
2287 315.0
2288 219.0
2289 219.0
2290 236.134
2291 236.134
2292 315.0
2293 32.0
2294 0.0
2295 0.0
2296 32.0
2297 0.0
2298 219.0
2299 0.0
2300 71.184265
2301 236.134
2302 0.0
2303 219.0
2304 316.134
2305 315.0
2306 315.0
2307 315.0
2308 315.0
2309 315.0
2310 315.0
2311 315.0
2312 315.0
2313 315.0
2314 315.0
2315 315.0
2316 315.0
2317 315.0
2318 315.0
2319 315.0
2320 315.0
2321 315.0
2322 315.0
2323 315.0
2324 315.0
2325 315.0
2326 315.0
2327 315.0
2328 315.0
2329 315.0
2330 315.0
2331 315.0
2332 315.0
2333 315.0
2334 315.0
2335 315.0
2336 315.0
2337 315.0
2338 315.0
2339 315.0
2340 315.0
2341 315.0
2342 315.0
2343 315.0
2344 315.0
2345 315.0
2346 315.0
2347 315.0
2348 273.17407
2349 273.17407
2350 273.17407
2351 273.17407
2352 273.17407
2353 273.17407
2354 1.2
2355 235.0
2356 315.0
2357 315.0
2358 32.0
2359 32.0
2360 147.77332
2361 0.0
2362 219.0
2363 164.01741
2364 0.0
2365 315.0
2366 273.17407
2367 315.0
2368 219.0
2369 235.0
2370 315.0
2371 0.0
2372 236.134
2373 32.0
2374 6.6146307
2375 235.0
2376 235.0
2377 219.0
2378 315.0
2379 219.0
2380 315.0
2381 219.0
2382 219.0
2383 32.0
2384 235.0
2385 0.0
2386 219.0
2387 315.0
2388 219.0
2389 315.0
2390 219.0
2391 163.89404
2392 235.0
2393 0.0
2394 164.01741
2395 163.89404
2396 0.0
2397 32.0
2398 71.184265
2399 32.0
2400 0.0
2401 0.0
2402 235.0
2403 273.17407
2404 316.134
2405 315.0
2406 315.0
2407 315.0
2408 315.0
2409 315.0
2410 315.0
2411 315.0
2412 315.0
2413 315.0
2414 315.0
2415 315.0
2416 315.0
2417 315.0
2418 315.0
2419 315.0
2420 315.0
2421 315.0
2422 315.0
2423 315.0
2424 315.0
2425 315.0
2426 315.0
2427 315.0
2428 315.0
2429 315.0
2430 315.0
2431 315.0
2432 315.0
2433 315.0
2434 315.0
2435 315.0
2436 315.0
2437 315.0
2438 315.0
2439 315.0
2440 315.0
2441 315.0
2442 315.0
2443 315.0
2444 315.0
2445 315.0
2446 315.0
2447 315.0
2448 315.0
2449 315.0
2450 315.0
2451 315.0
2452 315.0
2453 315.0
2454 32.0
2455 235.0
2456 32.0
2457 273.17407
2458 235.0
2459 32.0
2460 163.89404
2461 0.0
2462 315.0
2463 1.2
2464 0.0
2465 219.0
2466 0.0
2467 235.0
2468 236.134
2469 315.0
2470 315.0
2471 315.0
2472 32.0
2473 147.77332
2474 315.0
2475 219.0
2476 235.0
2477 315.0
2478 1.2
2479 235.0
2480 219.0
2481 219.0
2482 163.89404
2483 315.0
2484 32.0
2485 71.184265
2486 0.0
2487 1.2
2488 0.0
2489 219.0
2490 32.0
2491 219.0
2492 315.0
2493 315.0
2494 0.0
2495 235.0
2496 315.0
2497 32.0
2498 32.0
2499 219.0
2500 32.0
2501 235.0
2502 32.0
2503 147.77332
2504 316.134
2505 315.0
2506 315.0
2507 315.0
2508 315.0
2509 315.0
2510 315.0
2511 315.0
2512 315.0
2513 315.0
2514 315.0
2515 315.0
2516 315.0
2517 315.0
2518 315.0
2519 315.0
2520 315.0
2521 315.0
2522 315.0
2523 315.0
2524 315.0
2525 315.0
2526 315.0
2527 315.0
2528 315.0
2529 315.0
2530 315.0
2531 315.0
2532 315.0
2533 315.0
2534 315.0
2535 315.0
2536 315.0
2537 315.0
2538 315.0
2539 315.0
2540 315.0
2541 315.0
2542 315.0
2543 315.0
2544 315.0
2545 315.0
2546 315.0
2547 315.0
2548 315.0
2549 315.0
2550 315.0
2551 315.0
2552 315.0
2553 315.0
2554 32.0
2555 315.0
2556 315.0
2557 147.77332
2558 315.0
2559 32.0
2560 235.0
2561 1.2
2562 1.2
2563 32.0
2564 235.0
2565 315.0
2566 235.0
2567 32.0
2568 219.0
2569 315.0
2570 315.0
2571 315.0
2572 32.0
2573 219.0
2574 315.0
2575 32.0
2576 32.0
2577 315.0
2578 71.184265
2579 0.0
2580 315.0
2581 235.0
2582 32.0
2583 315.0
2584 32.0
2585 315.0
2586 147.77332
2587 273.17407
2588 147.77332
2589 315.0
2590 235.0
2591 0.0
2592 315.0
2593 0.0
2594 32.0
2595 6.6146307
2596 32.0
2597 315.0
2598 0.0
2599 87.904335
2600 32.0
2601 315.0
2602 235.0
2603 219.0
2604 316.134
2605 315.0
2606 315.0
2607 315.0
2608 315.0
2609 315.0
2610 315.0
2611 315.0
2612 315.0
2613 315.0
2614 315.0
2615 315.0
2616 315.0
2617 315.0
2618 315.0
2619 315.0
2620 315.0
2621 315.0
2622 315.0
2623 315.0
2624 315.0
2625 315.0
2626 315.0
2627 315.0
2628 315.0
2629 315.0
2630 315.0
2631 315.0
2632 315.0
2633 315.0
2634 315.0
2635 315.0
2636 315.0
2637 315.0
2638 315.0
2639 315.0
2640 315.0
2641 315.0
2642 315.0
2643 315.0
2644 315.0
2645 315.0
2646 315.0
2647 315.0
2648 315.0
2649 315.0
2650 315.0
2651 315.0
2652 315.0
2653 315.0
2654 316.134
2655 32.0
2656 175.05556
2657 0.0
2658 235.0
2659 315.0
2660 32.0
2661 235.0
2662 235.0
2663 147.77332
2664 219.0
2665 219.0
2666 315.0
2667 315.0
2668 315.0
2669 235.0
2670 315.0
2671 235.0
2672 315.0
2673 219.0
2674 315.0
2675 315.0
2676 273.17407
2677 32.0
2678 315.0
2679 315.0
2680 32.0
2681 219.0
2682 315.0
2683 235.0
2684 177.01639
2685 315.0
2686 219.0
2687 315.0
2688 235.0
2689 315.0
2690 273.17407
2691 177.01639
2692 1.2
2693 32.0
2694 32.0
2695 1.2
2696 32.0
2697 17.285864
2698 315.0
2699 236.134
2700 315.0
2701 219.0
2702 315.0
2703 235.0
2704 316.134
2705 316.134
2706 315.0
2707 315.0
2708 315.0
2709 315.0
2710 315.0
2711 315.0
2712 315.0
2713 315.0
2714 315.0
2715 315.0
2716 315.0
2717 315.0
2718 315.0
2719 315.0
2720 315.0
2721 315.0
2722 315.0
2723 315.0
2724 315.0
2725 315.0
2726 315.0
2727 315.0
2728 315.0
2729 315.0
2730 315.0
2731 315.0
2732 315.0
2733 315.0
2734 315.0
2735 315.0
2736 315.0
2737 315.0
2738 315.0
2739 315.0
2740 315.0
2741 315.0
2742 315.0
2743 315.0
2744 315.0
2745 315.0
2746 315.0
2747 315.0
2748 315.0
2749 315.0
2750 315.0
2751 315.0
2752 315.0
2753 315.0
2754 32.0
2755 32.0
2756 235.0
2757 219.0
2758 219.0
2759 315.0
2760 0.0
2761 0.0
2762 315.0
2763 235.0
2764 32.0
2765 32.0
2766 71.184265
2767 315.0
2768 1.2
2769 0.0
2770 219.0
2771 315.0
2772 32.0
2773 315.0
2774 219.0
2775 315.0
2776 1.2
2777 219.0
2778 235.0
2779 175.05556
2780 315.0
2781 315.0
2782 0.0
2783 0.0
2784 32.0
2785 0.0
2786 315.0
2787 32.0
2788 315.0
2789 32.0
2790 0.0
2791 0.0
2792 32.0
2793 315.0
2794 315.0
2795 32.0
2796 219.0
2797 315.0
2798 32.0
2799 0.0
2800 315.0
2801 315.0
2802 32.0
2803 219.0
2804 316.134
2805 316.134
2806 315.0
2807 315.0
2808 315.0
2809 315.0
2810 315.0
2811 315.0
2812 315.0
2813 315.0
2814 315.0
2815 315.0
2816 315.0
2817 315.0
2818 315.0
2819 315.0
2820 315.0
2821 315.0
2822 315.0
2823 315.0
2824 315.0
2825 315.0
2826 315.0
2827 315.0
2828 315.0
2829 315.0
2830 315.0
2831 315.0
2832 315.0
2833 315.0
2834 315.0
2835 315.0
2836 315.0
2837 315.0
2838 315.0
2839 315.0
2840 315.0
2841 315.0
2842 315.0
2843 315.0
2844 315.0
2845 315.0
2846 315.0
2847 315.0
2848 315.0
2849 315.0
2850 315.0
2851 315.0
2852 315.0
2853 315.0
2854 0.0
2855 220.134
2856 315.0
2857 315.0
2858 315.0
2859 235.0
2860 315.0
2861 175.05556
2862 235.0
2863 235.0
2864 219.0
2865 315.0
2866 32.0
2867 219.0
2868 315.0
2869 315.0
2870 273.17407
2871 32.0
2872 32.0
2873 32.0
2874 1.2
2875 315.0
2876 219.0
2877 315.0
2878 315.0
2879 219.0
2880 315.0
2881 219.0
2882 315.0
2883 164.01741
2884 32.0
2885 315.0
2886 32.0
2887 1.2
2888 163.89404
2889 17.285864
2890 315.0
2891 32.0
2892 171.17772
2893 236.134
2894 315.0
2895 32.0
2896 235.0
2897 315.0
2898 315.0
2899 315.0
2900 315.0
2901 32.0
2902 32.0
2903 235.0
2904 316.134
2905 316.134
2906 315.0
2907 315.0
2908 315.0
2909 315.0
2910 315.0
2911 315.0
2912 315.0
2913 315.0
2914 315.0
2915 315.0
2916 315.0
2917 315.0
2918 315.0
2919 315.0
2920 315.0
2921 315.0
2922 315.0
2923 315.0
2924 315.0
2925 315.0
2926 315.0
2927 315.0
2928 315.0
2929 315.0
2930 315.0
2931 315.0
2932 315.0
2933 315.0
2934 315.0
2935 315.0
2936 315.0
2937 315.0
2938 315.0
2939 315.0
2940 315.0
2941 315.0
2942 315.0
2943 315.0
2944 315.0
2945 315.0
2946 315.0
2947 315.0
2948 315.0
2949 315.0
2950 315.0
2951 315.0
2952 315.0
2953 315.0
2954 1.2
2955 219.0
2956 219.0
2957 32.0
2958 315.0
2959 0.0
2960 315.0
2961 315.0
2962 175.05556
2963 219.0
2964 235.0
2965 315.0
2966 32.0
2967 315.0
2968 1.2
2969 315.0
2970 32.0
2971 32.0
2972 32.0
2973 315.0
2974 0.0
2975 235.0
2976 315.0
2977 315.0
2978 235.0
2979 32.0
2980 0.0
2981 315.0
2982 0.0
2983 235.0
2984 0.0
2985 32.0
2986 0.0
2987 315.0
2988 0.0
2989 315.0
2990 175.05556
2991 32.0
2992 219.0
2993 315.0
2994 315.0
2995 32.0
2996 1.2
2997 1.2
2998 236.134
2999 315.0
3000 0.0
3001 0.0
3002 1.2
3003 235.0
3004 316.134
3005 316.134
3006 315.0
3007 315.0
3008 315.0
3009 315.0
3010 315.0
3011 315.0
3012 315.0
3013 315.0
3014 315.0
3015 315.0
3016 315.0
3017 315.0
3018 315.0
3019 315.0
3020 315.0
3021 315.0
3022 315.0
3023 315.0
3024 315.0
3025 315.0
3026 315.0
3027 315.0
3028 315.0
3029 315.0
3030 315.0
3031 315.0
3032 315.0
3033 315.0
3034 315.0
3035 315.0
3036 315.0
3037 315.0
3038 315.0
3039 315.0
3040 315.0
3041 315.0
3042 315.0
3043 315.0
3044 315.0
3045 315.0
3046 315.0
3047 315.0
3048 315.0
3049 315.0
3050 315.0
3051 315.0
3052 315.0
3053 315.0
3054 32.0
3055 220.134
3056 315.0
3057 315.0
3058 315.0
3059 315.0
3060 315.0
3061 32.0
3062 315.0
3063 315.0
3064 315.0
3065 315.0
3066 315.0
3067 315.0
3068 315.0
3069 1.2
3070 32.0
3071 315.0
3072 219.0
3073 1.2
3074 236.134
3075 219.0
3076 315.0
3077 315.0
3078 315.0
3079 315.0
3080 32.0
3081 315.0
3082 175.05556
3083 174.92752
3084 315.0
3085 235.0
3086 32.0
3087 176.00462
3088 32.0
3089 235.0
3090 235.0
3091 32.0
3092 315.0
3093 315.0
3094 273.17407
3095 315.0
3096 315.0
3097 1.2
3098 315.0
3099 0.0
3100 315.0
3101 315.0
3102 315.0
3103 315.0
3104 316.134
3105 316.134
3106 315.0
3107 315.0
3108 315.0
3109 315.0
3110 315.0
3111 315.0
3112 315.0
3113 315.0
3114 315.0
3115 315.0
3116 315.0
3117 315.0
3118 315.0
3119 315.0
3120 315.0
3121 315.0
3122 315.0
3123 315.0
3124 315.0
3125 315.0
3126 315.0
3127 315.0
3128 315.0
3129 315.0
3130 315.0
3131 315.0
3132 315.0
3133 315.0
3134 315.0
3135 315.0
3136 315.0
3137 315.0
3138 315.0
3139 315.0
3140 315.0
3141 315.0
3142 315.0
3143 315.0
3144 315.0
3145 315.0
3146 315.0
3147 315.0
3148 315.0
3149 315.0
3150 315.0
3151 315.0
3152 315.0
3153 315.0
3154 235.0
3155 32.0
3156 1.2
3157 315.0
3158 32.0
3159 0.0
3160 219.0
3161 219.0
3162 235.0
3163 0.0
3164 32.0
3165 6.6146307
3166 1.2
3167 219.0
3168 0.0
3169 315.0
3170 0.0
3171 315.0
3172 32.0
3173 32.0
3174 1.2
3175 315.0
3176 315.0
3177 315.0
3178 315.0
3179 0.0
3180 219.0
3181 315.0
3182 0.0
3183 1.2
3184 315.0
3185 315.0
3186 315.0
3187 0.0
3188 32.0
3189 315.0
3190 315.0
3191 315.0
3192 236.134
3193 315.0
3194 236.134
3195 315.0
3196 235.0
3197 147.77332
3198 1.2
3199 235.0
3200 219.0
3201 0.0
3202 175.05556
3203 1.2
3204 316.134
3205 316.134
3206 315.0
3207 315.0
3208 315.0
3209 315.0
3210 315.0
3211 315.0
3212 315.0
3213 315.0
3214 315.0
3215 315.0
3216 315.0
3217 315.0
3218 315.0
3219 315.0
3220 315.0
3221 315.0
3222 315.0
3223 315.0
3224 315.0
3225 315.0
3226 315.0
3227 315.0
3228 315.0
3229 315.0
3230 315.0
3231 315.0
3232 315.0
3233 315.0
3234 315.0
3235 315.0
3236 315.0
3237 315.0
3238 315.0
3239 315.0
3240 315.0
3241 315.0
3242 315.0
3243 315.0
3244 315.0
3245 315.0
3246 315.0
3247 315.0
3248 315.0
3249 315.0
3250 315.0
3251 315.0
3252 315.0
3253 315.0
3254 32.0
3255 220.134
3256 273.17407
3257 219.0
3258 315.0
3259 0.0
3260 315.0
3261 0.0
3262 315.0
3263 315.0
3264 0.0
3265 0.0
3266 235.0
3267 32.0
3268 235.0
3269 235.0
3270 235.0
3271 315.0
3272 219.0
3273 315.0
3274 315.0
3275 219.0
3276 219.0
3277 315.0
3278 175.05556
3279 315.0
3280 0.0
3281 32.0
3282 315.0
3283 235.0
3284 315.0
3285 219.0
3286 32.0
3287 32.0
3288 315.0
3289 235.0
3290 0.0
3291 219.0
3292 32.0
3293 315.0
3294 315.0
3295 315.0
3296 315.0
3297 32.0
3298 236.134
3299 0.0
3300 219.0
3301 219.0
3302 315.0
3303 315.0
3304 316.134
3305 316.134
3306 315.0
3307 315.0
3308 315.0
3309 315.0
3310 315.0
3311 315.0
3312 315.0
3313 315.0
3314 315.0
3315 315.0
3316 315.0
3317 315.0
3318 315.0
3319 315.0
3320 315.0
3321 315.0
3322 315.0
3323 315.0
3324 315.0
3325 315.0
3326 315.0
3327 315.0
3328 315.0
3329 315.0
3330 315.0
3331 315.0
3332 315.0
3333 315.0
3334 315.0
3335 315.0
3336 315.0
3337 315.0
3338 315.0
3339 315.0
3340 315.0
3341 315.0
3342 315.0
3343 315.0
3344 315.0
3345 315.0
3346 315.0
3347 315.0
3348 315.0
3349 315.0
3350 315.0
3351 315.0
3352 315.0
3353 315.0
3354 220.134
3355 219.0
3356 1.2
3357 315.0
3358 315.0
3359 315.0
3360 315.0
3361 236.134
3362 0.0
3363 17.285864
3364 235.0
3365 315.0
3366 315.0
3367 315.0
3368 315.0
3369 236.134
3370 235.0
3371 315.0
3372 17.285864
3373 315.0
3374 315.0
3375 219.0
3376 1.2
3377 1.2
3378 219.0
3379 175.05556
3380 315.0
3381 315.0
3382 0.0
3383 315.0
3384 315.0
3385 219.0
3386 0.0
3387 235.0
3388 315.0
3389 219.0
3390 32.0
3391 17.285864
3392 175.05556
3393 315.0
3394 315.0
3395 219.0
3396 315.0
3397 315.0
3398 219.0
3399 315.0
3400 0.0
3401 315.0
3402 315.0
3403 315.0
3404 316.134
3405 316.134
3406 315.0
3407 315.0
3408 315.0
3409 315.0
3410 315.0
3411 315.0
3412 315.0
3413 315.0
3414 315.0
3415 315.0
3416 315.0
3417 315.0
3418 315.0
3419 315.0
3420 315.0
3421 315.0
3422 315.0
3423 315.0
3424 315.0
3425 315.0
3426 315.0
3427 315.0
3428 315.0
3429 315.0
3430 315.0
3431 315.0
3432 315.0
3433 315.0
3434 315.0
3435 315.0
3436 315.0
3437 315.0
3438 315.0
3439 315.0
3440 315.0
3441 315.0
3442 315.0
3443 315.0
3444 315.0
3445 315.0
3446 315.0
3447 315.0
3448 315.0
3449 315.0
3450 315.0
3451 315.0
3452 315.0
3453 315.0
3454 236.134
3455 236.134
3456 315.0
3457 315.0
3458 315.0
3459 235.0
3460 315.0
3461 315.0
3462 219.0
3463 1.2
3464 315.0
3465 315.0
3466 219.0
3467 315.0
3468 32.0
3469 219.0
3470 219.0
3471 315.0
3472 219.0
3473 219.0
3474 315.0
3475 0.0
3476 1.2
3477 175.05556
3478 0.0
3479 0.0
3480 315.0
3481 315.0
3482 315.0
3483 235.0
3484 315.0
3485 315.0
3486 0.0
3487 235.0
3488 1.2
3489 315.0
3490 315.0
3491 315.0
3492 32.0
3493 315.0
3494 32.0
3495 0.0
3496 32.0
3497 315.0
3498 315.0
3499 315.0
3500 32.0
3501 17.285864
3502 32.0
3503 196.74258
3504 316.134
3505 316.134
3506 315.0
3507 315.0
3508 315.0
3509 315.0
3510 315.0
3511 315.0
3512 315.0
3513 315.0
3514 315.0
3515 315.0
3516 315.0
3517 315.0
3518 315.0
3519 315.0
3520 315.0
3521 315.0
3522 315.0
3523 315.0
3524 315.0
3525 315.0
3526 315.0
3527 315.0
3528 315.0
3529 315.0
3530 315.0
3531 315.0
3532 315.0
3533 315.0
3534 315.0
3535 315.0
3536 315.0
3537 315.0
3538 315.0
3539 315.0
3540 315.0
3541 315.0
3542 315.0
3543 315.0
3544 315.0
3545 315.0
3546 315.0
3547 315.0
3548 315.0
3549 315.0
3550 315.0
3551 315.0
3552 315.0
3553 315.0
3554 219.0
3555 0.0
3556 235.0
3557 1.2
3558 219.0
3559 315.0
3560 219.0
3561 315.0
3562 315.0
3563 315.0
3564 1.2
3565 315.0
3566 1.2
3567 315.0
3568 32.0
3569 0.0
3570 315.0
3571 32.0
3572 0.0
3573 315.0
3574 236.134
3575 273.17407
3576 315.0
3577 315.0
3578 32.0
3579 0.0
3580 315.0
3581 1.2
3582 188.14738
3583 32.0
3584 315.0
3585 0.0
3586 235.0
3587 315.0
3588 315.0
3589 315.0
3590 175.05556
3591 315.0
3592 1.2
3593 315.0
3594 315.0
3595 235.0
3596 1.2
3597 235.0
3598 32.0
3599 219.0
3600 32.0
3601 32.0
3602 315.0
3603 0.0
3604 316.134
3605 316.134
3606 315.0
3607 315.0
3608 315.0
3609 315.0
3610 315.0
3611 315.0
3612 315.0
3613 315.0
3614 315.0
3615 315.0
3616 315.0
3617 315.0
3618 315.0
3619 315.0
3620 315.0
3621 315.0
3622 315.0
3623 315.0
3624 315.0
3625 315.0
3626 315.0
3627 315.0
3628 315.0
3629 315.0
3630 315.0
3631 315.0
3632 315.0
3633 315.0
3634 315.0
3635 315.0
3636 315.0
3637 315.0
3638 315.0
3639 315.0
3640 315.0
3641 315.0
3642 315.0
3643 315.0
3644 315.0
3645 315.0
3646 315.0
3647 315.0
3648 315.0
3649 315.0
3650 315.0
3651 315.0
3652 315.0
3653 315.0
3654 236.134
3655 235.0
3656 315.0
3657 235.0
3658 32.0
3659 235.0
3660 147.77332
3661 315.0
3662 0.0
3663 147.77332
3664 315.0
3665 32.0
3666 175.05556
3667 235.0
3668 315.0
3669 0.0
3670 315.0
3671 235.0
3672 32.0
3673 219.0
3674 0.0
3675 315.0
3676 32.0
3677 315.0
3678 315.0
3679 219.0
3680 315.0
3681 315.0
3682 236.134
3683 0.0
3684 219.0
3685 219.0
3686 315.0
3687 235.0
3688 315.0
3689 0.0
3690 315.0
3691 315.0
3692 315.0
3693 0.0
3694 315.0
3695 147.77332
3696 1.2
3697 315.0
3698 0.0
3699 17.285864
3700 219.0
3701 1.2
3702 0.0
3703 315.0
3704 316.134
3705 316.134
3706 315.0
3707 315.0
3708 315.0
3709 315.0
3710 315.0
3711 315.0
3712 315.0
3713 315.0
3714 315.0
3715 315.0
3716 315.0
3717 315.0
3718 315.0
3719 315.0
3720 315.0
3721 315.0
3722 315.0
3723 315.0
3724 315.0
3725 315.0
3726 315.0
3727 315.0
3728 315.0
3729 315.0
3730 315.0
3731 315.0
3732 315.0
3733 315.0
3734 315.0
3735 315.0
3736 315.0
3737 315.0
3738 315.0
3739 315.0
3740 315.0
3741 315.0
3742 315.0
3743 315.0
3744 315.0
3745 315.0
3746 315.0
3747 315.0
3748 315.0
3749 315.0
3750 315.0
3751 315.0
3752 315.0
3753 315.0
3754 315.0
3755 32.0
3756 32.0
3757 315.0
3758 273.17407
3759 1.2
3760 315.0
3761 1.2
3762 315.0
3763 219.0
3764 32.0
3765 315.0
3766 235.0
3767 315.0
3768 315.0
3769 315.0
3770 0.0
3771 32.0
3772 219.0
3773 315.0
3774 315.0
3775 175.05556
3776 315.0
3777 235.0
3778 315.0
3779 315.0
3780 219.0
3781 0.0
3782 315.0
3783 315.0
3784 315.0
3785 235.0
3786 236.134
3787 175.05556
3788 315.0
3789 0.0
3790 315.0
3791 315.0
3792 315.0
3793 219.0
3794 315.0
3795 0.0
3796 235.0
3797 315.0
3798 315.0
3799 219.0
3800 0.0
3801 0.0
3802 315.0
3803 315.0
3804 316.134
3805 316.134
3806 315.0
3807 315.0
3808 315.0
3809 315.0
3810 315.0
3811 315.0
3812 315.0
3813 315.0
3814 315.0
3815 315.0
3816 315.0
3817 315.0
3818 315.0
3819 315.0
3820 315.0
3821 315.0
3822 315.0
3823 315.0
3824 315.0
3825 315.0
3826 315.0
3827 315.0
3828 315.0
3829 315.0
3830 315.0
3831 315.0
3832 315.0
3833 315.0
3834 315.0
3835 315.0
3836 315.0
3837 315.0
3838 315.0
3839 315.0
3840 315.0
3841 315.0
3842 315.0
3843 315.0
3844 315.0
3845 315.0
3846 315.0
3847 315.0
3848 315.0
3849 315.0
3850 315.0
3851 315.0
3852 315.0
3853 315.0
3854 316.134
3855 315.0
3856 315.0
3857 32.0
3858 0.0
3859 175.05556
3860 315.0
3861 235.0
3862 0.0
3863 219.0
3864 32.0
3865 235.0
3866 219.0
3867 315.0
3868 315.0
3869 315.0
3870 219.0
3871 17.285864
3872 1.2
3873 315.0
3874 315.0
3875 1.2
3876 219.0
3877 315.0
3878 315.0
3879 147.77332
3880 315.0
3881 315.0
3882 32.0
3883 175.05556
3884 315.0
3885 235.0
3886 17.285864
3887 315.0
3888 315.0
3889 315.0
3890 236.134
3891 180.3962
3892 315.0
3893 32.0
3894 219.0
3895 219.0
3896 219.0
3897 0.0
3898 1.2
3899 219.0
3900 219.0
3901 315.0
3902 219.0
3903 315.0
3904 316.134
3905 316.134
3906 316.134
3907 315.0
3908 315.0
3909 315.0
3910 315.0
3911 315.0
3912 315.0
3913 315.0
3914 315.0
3915 315.0
3916 315.0
3917 315.0
3918 315.0
3919 315.0
3920 315.0
3921 315.0
3922 315.0
3923 315.0
3924 315.0
3925 315.0
3926 315.0
3927 315.0
3928 315.0
3929 315.0
3930 315.0
3931 315.0
3932 315.0
3933 315.0
3934 315.0
3935 315.0
3936 315.0
3937 315.0
3938 315.0
3939 315.0
3940 315.0
3941 315.0
3942 315.0
3943 315.0
3944 315.0
3945 315.0
3946 315.0
3947 315.0
3948 315.0
3949 315.0
3950 315.0
3951 315.0
3952 315.0
3953 315.0
3954 1.2
3955 220.134
3956 220.134
3957 315.0
3958 1.2
3959 315.0
3960 235.0
3961 219.0
3962 32.0
3963 315.0
3964 0.0
3965 175.05556
3966 172.99384
3967 315.0
3968 315.0
3969 32.0
3970 315.0
3971 32.0
3972 219.0
3973 315.0
3974 315.0
3975 315.0
3976 315.0
3977 315.0
3978 315.0
3979 0.0
3980 0.0
3981 315.0
3982 273.17407
3983 315.0
3984 315.0
3985 315.0
3986 32.0
3987 315.0
3988 0.0
3989 315.0
3990 315.0
3991 236.134
3992 0.0
3993 315.0
3994 315.0
3995 315.0
3996 315.0
3997 219.0
3998 315.0
3999 219.0
4000 1.2
4001 315.0
4002 32.0
4003 315.0
4004 316.134
4005 316.134
4006 316.134
4007 315.0
4008 315.0
4009 315.0
4010 315.0
4011 315.0
4012 315.0
4013 315.0
4014 315.0
4015 315.0
4016 315.0
4017 315.0
4018 315.0
4019 315.0
4020 315.0
4021 315.0
4022 315.0
4023 315.0
4024 315.0
4025 315.0
4026 315.0
4027 315.0
4028 315.0
4029 315.0
4030 315.0
4031 315.0
4032 315.0
4033 315.0
4034 315.0
4035 315.0
4036 315.0
4037 315.0
4038 315.0
4039 315.0
4040 315.0
4041 315.0
4042 315.0
4043 315.0
4044 315.0
4045 315.0
4046 315.0
4047 315.0
4048 315.0
4049 315.0
4050 315.0
4051 315.0
4052 315.0
4053 315.0
4054 32.0
4055 32.0
4056 235.0
4057 315.0
4058 315.0
4059 315.0
4060 219.0
4061 1.2
4062 17.285864
4063 147.77332
4064 315.0
4065 32.0
4066 315.0
4067 315.0
4068 315.0
4069 175.05556
4070 235.0
4071 315.0
4072 315.0
4073 147.77332
4074 0.0
4075 315.0
4076 17.285864
4077 32.0
4078 1.2
4079 219.0
4080 315.0
4081 315.0
4082 315.0
4083 315.0
4084 0.0
4085 219.0
4086 1.2
4087 315.0
4088 315.0
4089 315.0
4090 235.0
4091 315.0
4092 1.2
4093 315.0
4094 315.0
4095 315.0
4096 32.0
4097 0.0
4098 17.285864
4099 315.0
4100 219.0
4101 235.0
4102 219.0
4103 315.0
4104 316.134
4105 316.134
4106 316.134
4107 315.0
4108 315.0
4109 315.0
4110 315.0
4111 315.0
4112 315.0
4113 315.0
4114 315.0
4115 315.0
4116 315.0
4117 315.0
4118 315.0
4119 315.0
4120 315.0
4121 315.0
4122 315.0
4123 315.0
4124 315.0
4125 315.0
4126 315.0
4127 315.0
4128 315.0
4129 315.0
4130 315.0
4131 315.0
4132 315.0
4133 315.0
4134 315.0
4135 315.0
4136 315.0
4137 315.0
4138 315.0
4139 315.0
4140 315.0
4141 315.0
4142 315.0
4143 315.0
4144 315.0
4145 315.0
4146 315.0
4147 315.0
4148 315.0
4149 315.0
4150 315.0
4151 315.0
4152 315.0
4153 315.0
4154 220.134
4155 220.134
4156 0.0
4157 219.0
4158 1.2
4159 235.0
4160 235.0
4161 0.0
4162 1.2
4163 315.0
4164 315.0
4165 315.0
4166 315.0
4167 315.0
4168 235.0
4169 315.0
4170 219.0
4171 1.2
4172 175.05556
4173 1.2
4174 0.0
4175 315.0
4176 0.0
4177 315.0
4178 273.17407
4179 315.0
4180 315.0
4181 147.77332
4182 315.0
4183 315.0
4184 315.0
4185 32.0
4186 0.0
4187 219.0
4188 315.0
4189 315.0
4190 315.0
4191 315.0
4192 235.0
4193 315.0
4194 315.0
4195 315.0
4196 219.0
4197 235.0
4198 315.0
4199 219.0
4200 315.0
4201 315.0
4202 315.0
4203 17.285864
4204 316.134
4205 316.134
4206 316.134
4207 315.0
4208 315.0
4209 315.0
4210 315.0
4211 315.0
4212 315.0
4213 315.0
4214 315.0
4215 315.0
4216 315.0
4217 315.0
4218 315.0
4219 315.0
4220 315.0
4221 315.0
4222 315.0
4223 315.0
4224 315.0
4225 315.0
4226 315.0
4227 315.0
4228 315.0
4229 315.0
4230 315.0
4231 315.0
4232 315.0
4233 315.0
4234 315.0
4235 315.0
4236 315.0
4237 315.0
4238 315.0
4239 315.0
4240 315.0
4241 315.0
4242 315.0
4243 315.0
4244 315.0
4245 315.0
4246 315.0
4247 315.0
4248 315.0
4249 315.0
4250 315.0
4251 315.0
4252 315.0
4253 315.0
4254 220.134
4255 236.134
4256 0.0
4257 315.0
4258 315.0
4259 315.0
4260 1.2
4261 315.0
4262 315.0
4263 0.0
4264 219.0
4265 315.0
4266 315.0
4267 1.2
4268 315.0
4269 235.0
4270 315.0
4271 315.0
4272 315.0
4273 315.0
4274 32.0
4275 219.0
4276 315.0
4277 315.0
4278 315.0
4279 315.0
4280 315.0
4281 17.285864
4282 315.0
4283 315.0
4284 172.99384
4285 32.0
4286 315.0
4287 315.0
4288 0.0
4289 219.0
4290 219.0
4291 315.0
4292 164.01741
4293 1.2
4294 235.0
4295 315.0
4296 32.0
4297 32.0
4298 219.0
4299 219.0
4300 315.0
4301 172.99384
4302 315.0
4303 219.0
4304 316.134
4305 316.134
4306 316.134
4307 315.0
4308 315.0
4309 315.0
4310 315.0
4311 315.0
4312 315.0
4313 315.0
4314 315.0
4315 315.0
4316 315.0
4317 315.0
4318 315.0
4319 315.0
4320 315.0
4321 315.0
4322 315.0
4323 315.0
4324 315.0
4325 315.0
4326 315.0
4327 315.0
4328 315.0
4329 315.0
4330 315.0
4331 315.0
4332 315.0
4333 315.0
4334 315.0
4335 315.0
4336 315.0
4337 315.0
4338 315.0
4339 315.0
4340 315.0
4341 315.0
4342 315.0
4343 315.0
4344 315.0
4345 315.0
4346 315.0
4347 315.0
4348 315.0
4349 315.0
4350 315.0
4351 315.0
4352 315.0
4353 315.0
4354 1.2
4355 220.134
4356 220.134
4357 1.2
4358 315.0
4359 315.0
4360 235.0
4361 315.0
4362 315.0
4363 1.2
4364 315.0
4365 219.0
4366 315.0
4367 1.2
4368 315.0
4369 235.0
4370 219.0
4371 315.0
4372 315.0
4373 315.0
4374 0.0
4375 235.0
4376 32.0
4377 32.0
4378 32.0
4379 315.0
4380 0.0
4381 315.0
4382 315.0
4383 315.0
4384 236.134
4385 1.2
4386 0.0
4387 32.0
4388 0.0
4389 17.285864
4390 315.0
4391 315.0
4392 6.6146307
4393 32.0
4394 315.0
4395 235.0
4396 315.0
4397 219.0
4398 315.0
4399 219.0
4400 315.0
4401 219.0
4402 219.0
4403 315.0
4404 316.134
4405 316.134
4406 316.134
4407 315.0
4408 315.0
4409 315.0
4410 315.0
4411 315.0
4412 315.0
4413 315.0
4414 315.0
4415 315.0
4416 315.0
4417 315.0
4418 315.0
4419 315.0
4420 315.0
4421 315.0
4422 315.0
4423 315.0
4424 315.0
4425 315.0
4426 315.0
4427 315.0
4428 315.0
4429 315.0
4430 315.0
4431 315.0
4432 315.0
4433 315.0
4434 315.0
4435 315.0
4436 315.0
4437 315.0
4438 315.0
4439 315.0
4440 315.0
4441 315.0
4442 315.0
4443 315.0
4444 315.0
4445 315.0
4446 315.0
4447 315.0
4448 315.0
4449 315.0
4450 315.0
4451 315.0
4452 315.0
4453 315.0
4454 220.134
4455 315.0
4456 316.134
4457 1.2
4458 32.0
4459 32.0
4460 315.0
4461 315.0
4462 147.77332
4463 315.0
4464 315.0
4465 315.0
4466 315.0
4467 315.0
4468 315.0
4469 196.74258
4470 315.0
4471 219.0
4472 1.2
4473 32.0
4474 315.0
4475 315.0
4476 315.0
4477 315.0
4478 315.0
4479 315.0
4480 1.2
4481 6.8508253
4482 315.0
4483 147.77332
4484 315.0
4485 219.0
4486 315.0
4487 315.0
4488 315.0
4489 32.0
4490 315.0
4491 315.0
4492 219.0
4493 315.0
4494 219.0
4495 175.05556
4496 315.0
4497 219.0
4498 315.0
4499 1.2
4500 219.0
4501 0.0
4502 315.0
4503 219.0
4504 316.134
4505 316.134
4506 316.134
4507 316.134
4508 315.0
4509 315.0
4510 315.0
4511 315.0
4512 315.0
4513 315.0
4514 315.0
4515 315.0
4516 315.0
4517 315.0
4518 315.0
4519 315.0
4520 315.0
4521 315.0
4522 315.0
4523 315.0
4524 315.0
4525 315.0
4526 315.0
4527 315.0
4528 315.0
4529 315.0
4530 315.0
4531 315.0
4532 315.0
4533 315.0
4534 315.0
4535 315.0
4536 315.0
4537 315.0
4538 315.0
4539 315.0
4540 315.0
4541 315.0
4542 315.0
4543 315.0
4544 315.0
4545 315.0
4546 315.0
4547 315.0
4548 315.0
4549 315.0
4550 315.0
4551 315.0
4552 315.0
4553 315.0
4554 32.0
4555 220.134
4556 219.0
4557 236.134
4558 219.0
4559 235.0
4560 1.2
4561 315.0
4562 315.0
4563 315.0
4564 315.0
4565 235.0
4566 315.0
4567 32.0
4568 315.0
4569 1.2
4570 219.0
4571 315.0
4572 0.0
4573 315.0
4574 315.0
4575 32.0
4576 315.0
4577 315.0
4578 32.0
4579 315.0
4580 315.0
4581 315.0
4582 235.0
4583 32.0
4584 219.0
4585 235.0
4586 219.0
4587 315.0
4588 315.0
4589 315.0
4590 315.0
4591 6.6146307
4592 219.0
4593 315.0
4594 32.0
4595 315.0
4596 147.77332
4597 315.0
4598 315.0
4599 315.0
4600 315.0
4601 315.0
4602 235.0
4603 315.0
4604 316.134
4605 316.134
4606 316.134
4607 316.134
4608 315.0
4609 315.0
4610 315.0
4611 315.0
4612 315.0
4613 315.0
4614 315.0
4615 315.0
4616 315.0
4617 315.0
4618 315.0
4619 315.0
4620 315.0
4621 315.0
4622 315.0
4623 315.0
4624 315.0
4625 315.0
4626 315.0
4627 315.0
4628 315.0
4629 315.0
4630 315.0
4631 315.0
4632 315.0
4633 315.0
4634 315.0
4635 315.0
4636 315.0
4637 315.0
4638 315.0
4639 315.0
4640 315.0
4641 315.0
4642 315.0
4643 315.0
4644 315.0
4645 315.0
4646 315.0
4647 315.0
4648 315.0
4649 315.0
4650 315.0
4651 315.0
4652 315.0
4653 315.0
4654 0.0
4655 316.134
4656 32.0
4657 315.0
4658 315.0
4659 32.0
4660 0.0
4661 219.0
4662 235.0
4663 1.2
4664 235.0
4665 236.134
4666 315.0
4667 315.0
4668 315.0
4669 219.0
4670 235.0
4671 0.0
4672 1.2
4673 315.0
4674 315.0
4675 315.0
4676 315.0
4677 32.0
4678 147.77332
4679 0.0
4680 273.17407
4681 315.0
4682 273.17407
4683 0.0
4684 0.0
4685 315.0
4686 219.0
4687 315.0
4688 315.0
4689 315.0
4690 315.0
4691 315.0
4692 315.0
4693 315.0
4694 315.0
4695 315.0
4696 32.0
4697 0.0
4698 315.0
4699 315.0
4700 235.0
4701 235.0
4702 0.0
4703 315.0
4704 316.134
4705 316.134
4706 316.134
4707 316.134
4708 316.134
4709 315.0
4710 315.0
4711 315.0
4712 315.0
4713 315.0
4714 315.0
4715 315.0
4716 315.0
4717 315.0
4718 315.0
4719 315.0
4720 315.0
4721 315.0
4722 315.0
4723 315.0
4724 315.0
4725 315.0
4726 315.0
4727 315.0
4728 315.0
4729 315.0
4730 315.0
4731 315.0
4732 315.0
4733 315.0
4734 315.0
4735 315.0
4736 315.0
4737 315.0
4738 315.0
4739 315.0
4740 315.0
4741 315.0
4742 315.0
4743 315.0
4744 315.0
4745 315.0
4746 315.0
4747 315.0
4748 315.0
4749 315.0
4750 315.0
4751 315.0
4752 315.0
4753 315.0
4754 220.134
4755 316.134
4756 0.0
4757 0.0
4758 0.0
4759 1.2
4760 0.0
4761 219.0
4762 32.0
4763 273.17407
4764 315.0
4765 315.0
4766 32.0
4767 315.0
4768 32.0
4769 315.0
4770 235.0
4771 315.0
4772 32.0
4773 235.0
4774 315.0
4775 1.2
4776 315.0
4777 315.0
4778 315.0
4779 0.0
4780 235.0
4781 219.0
4782 315.0
4783 315.0
4784 315.0
4785 315.0
4786 315.0
4787 235.0
4788 6.6146307
4789 32.0
4790 235.0
4791 0.0
4792 219.0
4793 32.0
4794 219.0
4795 315.0
4796 315.0
4797 32.0
4798 0.0
4799 315.0
4800 315.0
4801 315.0
4802 315.0
4803 315.0
4804 316.134
4805 316.134
4806 316.134
4807 316.134
4808 316.134
4809 316.134
4810 315.0
4811 315.0
4812 315.0
4813 315.0
4814 315.0
4815 315.0
4816 315.0
4817 315.0
4818 315.0
4819 315.0
4820 315.0
4821 315.0
4822 315.0
4823 315.0
4824 315.0
4825 315.0
4826 315.0
4827 315.0
4828 315.0
4829 315.0
4830 315.0
4831 315.0
4832 315.0
4833 315.0
4834 315.0
4835 315.0
4836 315.0
4837 315.0
4838 315.0
4839 315.0
4840 315.0
4841 315.0
4842 315.0
4843 315.0
4844 315.0
4845 315.0
4846 315.0
4847 315.0
4848 315.0
4849 315.0
4850 315.0
4851 315.0
4852 315.0
4853 315.0
4854 220.134
4855 316.134
4856 220.134
4857 220.134
4858 1.2
4859 32.0
4860 315.0
4861 235.0
4862 315.0
4863 0.0
4864 315.0
4865 32.0
4866 315.0
4867 315.0
4868 180.3962
4869 32.0
4870 315.0
4871 315.0
4872 315.0
4873 315.0
4874 32.0
4875 315.0
4876 0.0
4877 180.3962
4878 315.0
4879 219.0
4880 235.0
4881 315.0
4882 315.0
4883 315.0
4884 32.0
4885 315.0
4886 315.0
4887 315.0
4888 315.0
4889 315.0
4890 315.0
4891 315.0
4892 315.0
4893 235.0
4894 17.285864
4895 315.0
4896 0.0
4897 235.0
4898 32.0
4899 219.0
4900 315.0
4901 315.0
4902 273.17407
4903 315.0
4904 316.134
4905 316.134
4906 316.134
4907 316.134
4908 316.134
4909 316.134
4910 316.134
4911 315.0
4912 315.0
4913 315.0
4914 315.0
4915 315.0
4916 315.0
4917 315.0
4918 315.0
4919 315.0
4920 315.0
4921 315.0
4922 315.0
4923 315.0
4924 315.0
4925 315.0
4926 315.0
4927 315.0
4928 315.0
4929 315.0
4930 315.0
4931 315.0
4932 315.0
4933 315.0
4934 315.0
4935 315.0
4936 315.0
4937 315.0
4938 315.0
4939 315.0
4940 315.0
4941 315.0
4942 315.0
4943 315.0
4944 315.0
4945 315.0
4946 315.0
4947 315.0
4948 315.0
4949 315.0
4950 315.0
4951 315.0
4952 315.0
4953 315.0
4954 220.134
4955 235.0
4956 32.0
4957 32.0
4958 0.0
4959 220.134
4960 0.0
4961 315.0
4962 32.0
4963 235.0
4964 315.0
4965 273.17407
4966 315.0
4967 0.0
4968 315.0
4969 315.0
4970 315.0
4971 17.285864
4972 315.0
4973 32.0
4974 315.0
4975 315.0
4976 315.0
4977 315.0
4978 315.0
4979 315.0
4980 315.0
4981 32.0
4982 315.0
4983 219.0
4984 315.0
4985 315.0
4986 315.0
4987 235.0
4988 0.0
4989 315.0
4990 32.0
4991 315.0
4992 315.0
4993 0.0
4994 0.0
4995 315.0
4996 0.0
4997 315.0
4998 315.0
4999 315.0
5000 315.0
5001 315.0
5002 315.0
5003 315.0
5004 316.134
5005 316.134
5006 316.134
5007 316.134
5008 316.134
5009 316.134
5010 316.134
5011 315.0
5012 315.0
5013 315.0
5014 315.0
5015 315.0
5016 315.0
5017 315.0
5018 315.0
5019 315.0
5020 315.0
5021 315.0
5022 315.0
5023 315.0
5024 315.0
5025 315.0
5026 315.0
5027 315.0
5028 315.0
5029 315.0
5030 315.0
5031 315.0
5032 315.0
5033 315.0
5034 315.0
5035 315.0
5036 315.0
5037 315.0
5038 315.0
5039 315.0
5040 315.0
5041 315.0
5042 315.0
5043 315.0
5044 315.0
5045 315.0
5046 315.0
5047 315.0
5048 315.0
5049 315.0
5050 315.0
5051 315.0
5052 315.0
5053 315.0
5054 220.134
5055 32.0
5056 220.134
5057 220.134
5058 235.0
5059 236.134
5060 0.0
5061 315.0
5062 315.0
5063 180.3962
5064 315.0
5065 315.0
5066 0.0
5067 315.0
5068 0.0
5069 315.0
5070 315.0
5071 177.01639
5072 315.0
5073 32.0
5074 32.0
5075 235.0
5076 32.0
5077 315.0
5078 0.0
5079 315.0
5080 315.0
5081 0.0
5082 32.0
5083 315.0
5084 0.0
5085 235.0
5086 32.0
5087 315.0
5088 235.0
5089 315.0
5090 235.0
5091 315.0
5092 235.0
5093 315.0
5094 1.2
5095 235.0
5096 235.0
5097 315.0
5098 315.0
5099 219.0
5100 315.0
5101 1.2
5102 0.0
5103 315.0
5104 316.134
5105 316.134
5106 316.134
5107 316.134
5108 316.134
5109 316.134
5110 316.134
5111 315.0
5112 315.0
5113 315.0
5114 315.0
5115 315.0
5116 315.0
5117 315.0
5118 315.0
5119 315.0
5120 315.0
5121 315.0
5122 315.0
5123 315.0
5124 315.0
5125 315.0
5126 315.0
5127 315.0
5128 315.0
5129 315.0
5130 315.0
5131 315.0
5132 315.0
5133 315.0
5134 315.0
5135 315.0
5136 315.0
5137 315.0
5138 315.0
5139 315.0
5140 315.0
5141 315.0
5142 315.0
5143 315.0
5144 315.0
5145 315.0
5146 315.0
5147 315.0
5148 315.0
5149 315.0
5150 315.0
5151 315.0
5152 315.0
5153 315.0
5154 220.134
5155 220.134
5156 32.0
5157 316.134
5158 220.134
5159 0.0
5160 1.2
5161 0.0
5162 315.0
5163 315.0
5164 32.0
5165 315.0
5166 0.0
5167 315.0
5168 219.0
5169 315.0
5170 315.0
5171 0.0
5172 219.0
5173 315.0
5174 315.0
5175 219.0
5176 315.0
5177 315.0
5178 315.0
5179 0.0
5180 315.0
5181 235.0
5182 235.0
5183 315.0
5184 219.0
5185 315.0
5186 315.0
5187 0.0
5188 315.0
5189 315.0
5190 0.0
5191 1.2
5192 235.0
5193 315.0
5194 180.3962
5195 315.0
5196 32.0
5197 235.0
5198 180.3962
5199 315.0
5200 1.2
5201 235.0
5202 219.0
5203 219.0
5204 316.134
5205 316.134
5206 316.134
5207 316.134
5208 316.134
5209 316.134
5210 316.134
5211 316.134
5212 315.0
5213 315.0
5214 315.0
5215 315.0
5216 315.0
5217 315.0
5218 315.0
5219 315.0
5220 315.0
5221 315.0
5222 315.0
5223 315.0
5224 315.0
5225 315.0
5226 315.0
5227 315.0
5228 315.0
5229 315.0
5230 315.0
5231 315.0
5232 315.0
5233 315.0
5234 315.0
5235 315.0
5236 315.0
5237 315.0
5238 315.0
5239 315.0
5240 315.0
5241 315.0
5242 315.0
5243 315.0
5244 315.0
5245 315.0
5246 315.0
5247 315.0
5248 315.0
5249 315.0
5250 315.0
5251 315.0
5252 315.0
5253 315.0
5254 315.0
5255 316.134
5256 220.134
5257 0.0
5258 87.904335
5259 316.134
5260 32.0
5261 236.134
5262 0.0
5263 315.0
5264 315.0
5265 235.0
5266 0.0
5267 315.0
5268 0.0
5269 32.0
5270 315.0
5271 315.0
5272 0.0
5273 219.0
5274 315.0
5275 315.0
5276 0.0
5277 315.0
5278 219.0
5279 315.0
5280 315.0
5281 315.0
5282 315.0
5283 315.0
5284 315.0
5285 315.0
5286 0.0
5287 315.0
5288 315.0
5289 236.134
5290 32.0
5291 315.0
5292 315.0
5293 219.0
5294 219.0
5295 315.0
5296 315.0
5297 315.0
5298 315.0
5299 32.0
5300 0.0
5301 180.3962
5302 32.0
5303 1.2
5304 316.134
5305 316.134
5306 316.134
5307 316.134
5308 316.134
5309 316.134
5310 316.134
5311 316.134
5312 316.134
5313 316.134
5314 315.0
5315 315.0
5316 315.0
5317 315.0
5318 315.0
5319 315.0
5320 315.0
5321 315.0
5322 315.0
5323 315.0
5324 315.0
5325 315.0
5326 315.0
5327 315.0
5328 315.0
5329 315.0
5330 315.0
5331 315.0
5332 315.0
5333 315.0
5334 315.0
5335 315.0
5336 315.0
5337 315.0
5338 315.0
5339 315.0
5340 315.0
5341 315.0
5342 315.0
5343 315.0
5344 315.0
5345 315.0
5346 315.0
5347 315.0
5348 315.0
5349 315.0
5350 315.0
5351 315.0
5352 315.0
5353 315.0
5354 235.0
5355 316.134
5356 315.0
5357 32.0
5358 220.134
5359 315.0
5360 32.0
5361 0.0
5362 316.134
5363 315.0
5364 219.0
5365 219.0
5366 315.0
5367 32.0
5368 315.0
5369 0.0
5370 235.0
5371 0.0
5372 219.0
5373 0.0
5374 1.2
5375 315.0
5376 315.0
5377 32.0
5378 219.0
5379 315.0
5380 235.0
5381 0.0
5382 315.0
5383 315.0
5384 315.0
5385 315.0
5386 32.0
5387 32.0
5388 315.0
5389 175.05556
5390 315.0
5391 315.0
5392 136.76408
5393 235.0
5394 315.0
5395 315.0
5396 315.0
5397 0.0
5398 315.0
5399 315.0
5400 32.0
5401 315.0
5402 315.0
5403 315.0
5404 316.134
5405 316.134
5406 316.134
5407 316.134
5408 316.134
5409 316.134
5410 316.134
5411 316.134
5412 316.134
5413 316.134
5414 316.134
5415 316.134
5416 315.0
5417 315.0
5418 315.0
5419 315.0
5420 315.0
5421 315.0
5422 315.0
5423 315.0
5424 315.0
5425 315.0
5426 315.0
5427 315.0
5428 315.0
5429 315.0
5430 315.0
5431 315.0
5432 315.0
5433 315.0
5434 315.0
5435 315.0
5436 315.0
5437 315.0
5438 315.0
5439 315.0
5440 315.0
5441 315.0
5442 315.0
5443 315.0
5444 315.0
5445 315.0
5446 315.0
5447 315.0
5448 315.0
5449 315.0
5450 315.0
5451 315.0
5452 315.0
5453 315.0
5454 316.134
5455 220.134
5456 32.0
5457 32.0
5458 1.2
5459 220.134
5460 0.0
5461 236.134
5462 316.134
5463 32.0
5464 316.134
5465 87.904335
5466 315.0
5467 315.0
5468 315.0
5469 315.0
5470 315.0
5471 315.0
5472 0.0
5473 315.0
5474 315.0
5475 315.0
5476 32.0
5477 0.0
5478 315.0
5479 315.0
5480 315.0
5481 32.0
5482 32.0
5483 315.0
5484 315.0
5485 219.0
5486 87.904335
5487 219.0
5488 315.0
5489 315.0
5490 315.0
5491 315.0
5492 315.0
5493 235.0
5494 315.0
5495 315.0
5496 315.0
5497 315.0
5498 315.0
5499 32.0
5500 315.0
5501 315.0
5502 315.0
5503 315.0
5504 316.134
5505 316.134
5506 316.134
5507 316.134
5508 316.134
5509 316.134
5510 316.134
5511 316.134
5512 316.134
5513 316.134
5514 316.134
5515 316.134
5516 316.134
5517 316.134
5518 316.134
5519 315.0
5520 315.0
5521 315.0
5522 315.0
5523 315.0
5524 315.0
5525 315.0
5526 315.0
5527 315.0
5528 315.0
5529 315.0
5530 315.0
5531 315.0
5532 315.0
5533 315.0
5534 315.0
5535 315.0
5536 315.0
5537 315.0
5538 315.0
5539 315.0
5540 315.0
5541 315.0
5542 315.0
5543 315.0
5544 315.0
5545 315.0
5546 315.0
5547 315.0
5548 315.0
5549 315.0
5550 315.0
5551 315.0
5552 315.0
5553 315.0
5554 220.134
5555 236.134
5556 32.0
5557 220.134
5558 0.0
5559 316.134
5560 1.2
5561 235.0
5562 220.134
5563 220.134
5564 219.0
5565 220.134
5566 236.134
5567 316.134
5568 316.134
5569 315.0
5570 235.0
5571 315.0
5572 315.0
5573 315.0
5574 235.0
5575 315.0
5576 32.0
5577 32.0
5578 0.0
5579 315.0
5580 32.0
5581 32.0
5582 32.0
5583 315.0
5584 1.2
5585 136.76408
5586 315.0
5587 1.2
5588 235.0
5589 219.0
5590 219.0
5591 235.0
5592 1.2
5593 236.134
5594 32.0
5595 0.0
5596 235.0
5597 1.2
5598 180.3962
5599 315.0
5600 315.0
5601 219.0
5602 315.0
5603 0.0
5604 316.134
5605 316.134
5606 316.134
5607 316.134
5608 316.134
5609 316.134
5610 316.134
5611 316.134
5612 316.134
5613 316.134
5614 316.134
5615 316.134
5616 316.134
5617 316.134
5618 316.134
5619 316.134
5620 316.134
5621 316.134
5622 315.0
5623 315.0
5624 315.0
5625 315.0
5626 315.0
5627 315.0
5628 315.0
5629 315.0
5630 315.0
5631 315.0
5632 315.0
5633 315.0
5634 315.0
5635 315.0
5636 315.0
5637 315.0
5638 315.0
5639 315.0
5640 315.0
5641 315.0
5642 315.0
5643 315.0
5644 315.0
5645 315.0
5646 315.0
5647 315.0
5648 315.0
5649 315.0
5650 315.0
5651 315.0
5652 315.0
5653 315.0
5654 316.134
5655 315.0
5656 32.0
5657 219.0
5658 220.134
5659 0.0
5660 316.134
5661 32.0
5662 316.134
5663 32.0
5664 316.134
5665 235.0
5666 316.134
5667 1.2
5668 0.0
5669 32.0
5670 220.134
5671 316.134
5672 315.0
5673 315.0
5674 315.0
5675 315.0
5676 32.0
5677 315.0
5678 17.285864
5679 235.0
5680 315.0
5681 315.0
5682 315.0
5683 315.0
5684 235.0
5685 32.0
5686 0.0
5687 315.0
5688 219.0
5689 315.0
5690 235.0
5691 6.6146307
5692 315.0
5693 219.0
5694 315.0
5695 6.6146307
5696 32.0
5697 315.0
5698 315.0
5699 0.0
5700 0.0
5701 219.0
5702 32.0
5703 0.0
5704 316.134
5705 316.134
5706 316.134
5707 316.134
5708 316.134
5709 316.134
5710 316.134
5711 316.134
5712 316.134
5713 316.134
5714 316.134
5715 316.134
5716 316.134
5717 316.134
5718 316.134
5719 316.134
5720 316.134
5721 316.134
5722 316.134
5723 316.134
5724 316.134
5725 316.134
5726 316.134
5727 316.134
5728 315.0
5729 315.0
5730 315.0
5731 315.0
5732 315.0
5733 315.0
5734 315.0
5735 315.0
5736 315.0
5737 315.0
5738 315.0
5739 315.0
5740 315.0
5741 315.0
5742 315.0
5743 315.0
5744 315.0
5745 315.0
5746 315.0
5747 315.0
5748 315.0
5749 315.0
5750 315.0
5751 315.0
5752 315.0
5753 315.0
5754 316.134
5755 0.0
5756 220.134
5757 0.0
5758 32.0
5759 220.134
5760 220.134
5761 236.134
5762 316.134
5763 219.0
5764 220.134
5765 236.134
5766 316.134
5767 32.0
5768 235.0
5769 32.0
5770 220.134
5771 32.0
5772 316.134
5773 220.134
5774 236.134
5775 220.134
5776 316.134
5777 220.134
5778 316.134
5779 315.0
5780 315.0
5781 0.0
5782 219.0
5783 315.0
5784 0.0
5785 315.0
5786 235.0
5787 315.0
5788 315.0
5789 315.0
5790 315.0
5791 219.0
5792 315.0
5793 315.0
5794 315.0
5795 235.0
5796 315.0
5797 0.0
5798 235.0
5799 17.285864
5800 235.0
5801 315.0
5802 315.0
5803 315.0
5804 316.134
5805 316.134
5806 316.134
5807 316.134
5808 316.134
5809 316.134
5810 316.134
5811 316.134
5812 316.134
5813 316.134
5814 316.134
5815 316.134
5816 316.134
5817 316.134
5818 316.134
5819 316.134
5820 316.134
5821 316.134
5822 316.134
5823 316.134
5824 316.134
5825 316.134
5826 316.134
5827 316.134
5828 316.134
5829 316.134
5830 316.134
5831 316.134
5832 316.134
5833 316.134
5834 315.0
5835 315.0
5836 315.0
5837 315.0
5838 315.0
5839 315.0
5840 315.0
5841 315.0
5842 315.0
5843 315.0
5844 315.0
5845 315.0
5846 315.0
5847 315.0
5848 315.0
5849 315.0
5850 315.0
5851 315.0
5852 315.0
5853 315.0
5854 316.134
5855 0.0
5856 0.0
5857 220.134
5858 87.904335
5859 220.134
5860 315.0
5861 316.134
5862 220.134
5863 316.134
5864 235.0
5865 219.0
5866 220.134
5867 316.134
5868 220.134
5869 235.0
5870 0.0
5871 0.0
5872 236.134
5873 316.134
5874 316.134
5875 235.0
5876 220.134
5877 220.134
5878 0.0
5879 0.0
5880 220.134
5881 0.0
5882 316.134
5883 0.0
5884 315.0
5885 315.0
5886 315.0
5887 0.0
5888 315.0
5889 315.0
5890 219.0
5891 315.0
5892 0.0
5893 219.0
5894 315.0
5895 315.0
5896 32.0
5897 0.0
5898 315.0
5899 0.0
5900 315.0
5901 315.0
5902 315.0
5903 315.0
5904 316.134
5905 316.134
5906 316.134
5907 316.134
5908 316.134
5909 316.134
5910 316.134
5911 316.134
5912 316.134
5913 316.134
5914 316.134
5915 316.134
5916 316.134
5917 316.134
5918 316.134
5919 316.134
5920 316.134
5921 316.134
5922 316.134
5923 316.134
5924 316.134
5925 316.134
5926 316.134
5927 316.134
5928 316.134
5929 316.134
5930 316.134
5931 316.134
5932 316.134
5933 316.134
5934 316.134
5935 316.134
5936 316.134
5937 316.134
5938 316.134
5939 316.134
5940 316.134
5941 315.0
5942 315.0
5943 315.0
5944 315.0
5945 315.0
5946 315.0
5947 315.0
5948 315.0
5949 315.0
5950 315.0
5951 315.0
5952 315.0
5953 315.0
5954 220.134
5955 220.134
5956 236.134
5957 32.0
5958 235.0
5959 0.0
5960 316.134
5961 0.0
5962 32.0
5963 32.0
5964 220.134
5965 316.134
5966 316.134
5967 316.134
5968 220.134
5969 316.134
5970 220.134
5971 219.0
5972 0.0
5973 219.0
5974 315.0
5975 316.134
5976 220.134
5977 316.134
5978 0.0
5979 315.0
5980 0.0
