1 0.0
2 190.60548
3 5.628044
4 24.062984
5 34.70139
6 36.961647
7 1.2
8 27.983122
9 87.197235
10 4.346631
11 125.63062
12 0.0
13 69.3553
14 308.6883
15 111.22277
16 17.560022
17 0.0
18 0.0
19 444.892
20 31.950241
21 7.6599345
22 102.99895
23 73.90831
24 25.215221
25 5.0409365
26 0.0
27 239.04976
28 183.69559
29 36.280632
30 188.05724
31 3.8122177
32 64.83973
33 61.817978
34 85.3059
35 32.83224
36 2.334
37 0.0
38 0.0
39 54.41609
40 0.0
41 0.0
42 60.417747
43 140.79764
44 0.0
45 1.7340001
46 1.2
47 0.0
48 153.79124
49 53.877605
50 90.523315
51 250.68465
52 4.41852
53 17.729578
54 72.5159
55 120.89225
56 94.312164
57 112.892815
58 62.152287
59 8.053666
60 124.52706
61 104.75649
62 219.0
63 152.64578
64 154.4
65 482.5435
66 422.41653
67 286.92032
68 120.20176
69 6.0838547
70 154.4
71 118.5343
72 5.4865203
73 206.44536
74 155.0
75 117.97785
76 0.0
77 36.70615
78 107.7461
79 8.384196
80 0.0
81 191.0226
82 152.13466
83 151.69308
84 155.0
85 155.0
86 0.0
87 17.153854
88 31.975542
89 219.0
90 221.99501
91 155.0
92 215.19304
93 84.33382
94 32.117886
95 148.3157
96 147.36194
97 44.05484
98 59.665688
99 219.0
100 219.0
101 155.0
102 220.57161
103 187.0
104 13.73542
105 14.465202
106 219.0
107 219.0
108 40.60264
109 37.075108
110 25.224625
111 58.67428
112 0.0
113 219.0
114 96.71103
115 155.0
116 212.14914
117 0.0
118 42.40576
119 146.08064
120 93.93658
121 291.66562
122 377.56842
123 348.13483
124 126.80638
125 23.648174
126 400.32758
127 267.0
128 296.56497
129 394.0461
130 375.68857
131 61.31676
132 0.0
133 0.0
134 55.77089
135 49.716454
136 0.0
137 0.0
138 0.0
139 16.633213
140 93.4605
141 150.12503
142 366.57446
143 417.78647
144 50.230423
145 59.048344
146 88.999886
147 91.525894
148 8.47288
149 78.3103
150 267.0
151 113.90592
152 0.0
153 43.3873
154 385.06924
155 25.385368
156 181.20027
157 0.0
158 0.0
159 8.881873
160 0.0
161 100.64454
162 389.54285
163 234.68831
164 222.20702
165 0.0
166 239.90942
167 241.05542
168 324.0
169 395.684
170 267.6
171 105.63234
172 82.775276
173 267.0
174 49.756966
175 378.4246
176 15.876004
177 284.64587
178 407.82718
179 246.42973
180 0.0
181 234.39577
182 363.0
183 251.0
184 171.74713
185 251.0
186 144.26959
187 223.792
188 251.0
189 222.65038
190 251.0
191 11.60699
192 342.7963
193 197.32982
194 11.835861
195 54.876225
196 223.20998
197 24.251368
198 0.0
199 72.52057
200 219.90042
201 251.6
202 54.634605
203 52.45107
204 233.25728
205 17.939726
206 251.0
207 251.6
208 0.0
209 32.02875
210 161.89932
211 127.58703
212 244.08264
213 0.0
214 251.0
215 20.60403
216 129.65553
217 74.54799
218 0.0
219 45.756
220 55.20968
221 132.24818
222 223.38924
223 37.250732
224 228.62431
225 237.2519
226 0.0
227 122.29777
228 0.0
229 115.349625
230 341.19855
231 21.33561
232 12.955599
233 126.837265
234 0.023908377
235 53.874546
236 241.85242
237 251.0
238 41.608284
239 230.14325
240 104.40882
241 203.0
242 304.38818
243 395.3571
244 124.57646
245 414.95908
246 88.791306
247 146.74352
248 203.0
249 3.3432603
250 142.09557
251 116.30169
252 14.57099
253 203.0
254 13.050732
255 113.80012
256 144.26648
257 87.65568
258 91.928055
259 203.0
260 65.49525
261 78.52669
262 173.31339
263 291.32446
264 112.388245
265 315.0
266 38.699738
267 170.93378
268 77.26473
269 202.02109
270 203.0
271 181.63092
272 203.0
273 37.289787
274 315.0
275 56.814705
276 203.0
277 214.65059
278 108.68817
279 122.60749
280 0.0
281 317.69745
282 90.154434
283 400.4878
284 79.194016
285 172.78111
286 315.0
287 152.75516
288 203.0
289 107.469246
290 315.0
291 126.97524
292 8.947136
293 17.868097
294 2.8065467
295 136.96939
296 68.86727
297 84.71416
298 91.42795
299 161.93687
300 94.46189
301 342.63135
302 539.0
303 170.4
304 235.0
305 344.48828
306 135.64194
307 172.134
308 171.0
309 171.0
310 398.34003
311 80.06875
312 55.63511
313 347.17087
314 171.0
315 56.60946
316 171.0
317 171.0
318 134.79628
319 165.66508
320 337.91254
321 94.26553
322 172.134
323 41.20204
324 363.0
325 363.0
326 171.0
327 97.15825
328 79.631004
329 0.0
330 143.67192
331 171.0
332 363.0
333 62.246994
334 171.0
335 0.0
336 235.0
337 10.527935
338 363.06598
339 1.7340001
340 363.0
341 137.38264
342 137.3856
343 76.74057
344 158.72256
345 0.0
346 363.0
347 62.158314
348 363.0
349 24.122042
350 63.92906
351 173.334
352 81.02491
353 363.0
354 125.02082
355 387.56824
356 0.0
357 111.11841
358 171.0
359 1.8616414
360 53.575523
361 587.0
362 213.81795
363 289.2686
364 186.61984
365 219.0
366 315.0
367 294.72882
368 294.74423
369 459.0
370 219.0
371 192.59604
372 201.01228
373 65.89194
374 219.0
375 219.0
376 311.77505
377 219.0
378 116.34627
379 315.0
380 219.0
381 176.0067
382 219.0
383 115.02789
384 219.0
385 217.866
386 315.0
387 219.0
388 297.84988
389 315.0
390 219.0
391 78.34505
392 182.51422
393 99.463036
394 220.134
395 219.0
396 315.0
397 300.84094
398 36.10713
399 219.0
400 235.22461
401 299.7371
402 15.163943
403 219.0
404 219.0
405 19.820688
406 106.329956
407 219.0
408 296.45587
409 315.0
410 433.0591
411 219.0
412 219.0
413 52.9481
414 306.41214
415 219.00589
416 219.0
417 89.74345
418 171.81436
419 444.01562
420 315.0
421 267.0
422 262.55685
423 124.33511
424 363.0
425 116.25572
426 255.89825
427 203.0
428 245.48497
429 240.35722
430 253.75468
431 154.27565
432 258.37714
433 0.0
434 243.32956
435 173.38678
436 252.45334
437 203.0
438 259.23044
439 255.92665
440 232.57979
441 252.29128
442 243.73962
443 249.14377
444 191.23659
445 656.9662
446 267.0
447 60.678265
448 88.47465
449 119.333305
450 258.65222
451 267.0
452 263.68295
453 267.93814
454 67.80785
455 364.134
456 267.0
457 234.11223
458 267.0
459 205.84259
460 256.41077
461 246.28107
