1 30.866
2 0.0
3 32.0
4 38.61463
5 219.0
6 32.0
7 32.0
8 32.0
9 32.0
10 25.385368
11 169.58069
12 219.0
13 0.0
14 219.0
15 32.0
16 163.9763
17 175.2052
18 0.0
19 30.866
20 25.385368
21 158.85448
22 0.0
23 0.0
24 0.0
25 0.0
26 0.0
27 267.8761
28 0.0
29 219.0
30 0.0
31 38.61463
32 25.385368
33 220.134
34 219.0
35 219.0
36 0.0
37 0.0
38 32.0
39 169.5441
40 32.0
41 169.5441
42 0.0
43 174.73912
44 38.61463
45 38.61463
46 30.866
47 0.0
48 38.61463
49 25.385368
50 191.58641
51 25.385368
52 0.0
53 38.61463
54 169.58069
55 6.6146307
56 25.385368
57 33.134
58 32.0
59 32.0
60 163.9763
61 6.6146307
62 235.0
63 30.866
64 38.61463
65 32.0
66 32.0
67 219.0
68 219.0
69 93.37531
70 147.72139
71 163.9763
72 0.0
73 0.0
74 33.186275
75 32.0
76 33.134
77 0.0
78 33.134
79 0.0
80 0.0
81 32.0
82 25.385368
83 104.00625
84 98.60904
85 32.0
86 0.0
87 0.0
88 32.0
89 169.5441
90 32.0
91 104.07178
92 0.0
93 174.73912
94 219.0
95 38.61463
96 219.0
97 38.61463
98 98.682686
99 33.134
100 163.89404
101 267.8761
102 267.8761
103 235.0
104 220.134
105 219.0
106 219.0
107 219.0
108 219.0
109 219.0
110 219.0
111 219.0
112 219.0
113 219.0
114 219.0
115 191.58641
116 175.2052
117 174.73912
118 174.73912
119 169.58069
120 169.58069
121 169.5441
122 169.5441
123 169.5441
124 163.9763
125 163.9763
126 163.9763
127 163.89404
128 158.85448
129 147.72139
130 104.07178
131 104.00625
132 98.682686
133 98.60904
134 93.37531
135 38.61463
136 38.61463
137 38.61463
138 38.61463
139 38.61463
140 38.61463
141 38.61463
142 38.61463
143 38.61463
144 33.186275
145 33.134
146 33.134
147 33.134
148 33.134
149 32.0
150 32.0
151 32.0
152 31.4
153 0.0
154 219.0
155 0.0
156 33.134
157 0.0
158 219.0
159 38.850822
160 104.00625
161 219.0
162 219.0
163 104.00625
164 87.6954
165 235.0
166 38.61463
167 174.73912
168 33.134
169 30.866
170 0.0
171 169.5441
172 6.6146307
173 220.134
174 235.0
175 33.134
176 219.0
177 38.61463
178 0.0
179 0.0
180 174.73912
181 33.134
182 158.85448
183 93.37531
184 158.85448
185 219.0
186 158.85448
187 6.6146307
188 33.134
189 25.385368
190 158.85446
191 32.0
192 158.44577
193 98.60904
194 103.940704
195 30.81372
196 32.0
197 33.134
198 0.0
199 32.0
200 219.0
201 153.27272
202 267.8761
203 235.0
204 235.0
205 235.0
206 220.134
207 220.134
208 219.0
209 219.0
210 219.0
211 219.0
212 219.0
213 219.0
214 219.0
215 219.0
216 219.0
217 219.0
218 219.0
219 219.0
220 219.0
221 219.0
222 219.0
223 219.0
224 219.0
225 191.58641
226 175.2052
227 174.73912
228 174.73912
229 174.73912
230 174.73912
231 169.58069
232 169.58069
233 169.5441
234 169.5441
235 169.5441
236 169.5441
237 163.9763
238 163.9763
239 163.9763
240 163.89404
241 158.85448
242 158.85448
243 158.85448
244 158.85448
245 158.85446
246 158.44577
247 153.27272
248 147.72139
249 104.07178
250 104.00625
251 104.00625
252 219.0
253 180.3962
254 38.61463
255 33.134
256 219.0
257 30.866
258 220.134
259 0.0
260 0.0
261 0.0
262 93.37531
263 219.0
264 25.385368
265 32.0
266 219.0
267 32.0
268 93.37531
269 235.0
270 30.866
271 25.385368
272 33.186275
273 109.40977
274 219.0
275 180.3962
276 0.0
277 44.155464
278 163.93513
279 169.5441
280 219.0
281 0.0
282 33.134
283 163.9763
284 32.0
285 32.0
286 158.85448
287 219.0
288 219.0
289 32.0
290 31.4
291 32.0
292 93.37531
293 235.0
294 32.0
295 32.0
296 32.0
297 30.866
298 32.0
299 98.682686
300 32.0
301 44.155464
302 267.8761
303 235.0
304 235.0
305 235.0
306 235.0
307 235.0
308 220.134
309 220.134
310 220.134
311 219.0
312 219.0
313 219.0
314 219.0
315 219.0
316 219.0
317 219.0
318 219.0
319 219.0
320 219.0
321 219.0
322 219.0
323 219.0
324 219.0
325 219.0
326 219.0
327 219.0
328 219.0
329 219.0
330 219.0
331 219.0
332 219.0
333 219.0
334 219.0
335 219.0
336 191.58641
337 180.3962
338 180.3962
339 175.2052
340 174.73912
341 174.73912
342 174.73912
343 174.73912
344 169.58069
345 169.58069
346 169.5441
347 169.5441
348 169.5441
349 169.5441
350 169.5441
351 163.9763
352 38.61463
353 163.97629
354 32.0
355 0.0
356 219.0
357 219.0
358 32.0
359 220.134
360 219.0
361 235.0
362 191.32262
363 0.0
364 44.155464
365 0.0
366 219.0
367 104.00625
368 32.0
369 32.0
370 0.0
371 219.0
372 219.0
373 98.682686
374 219.0
375 219.0
376 219.0
377 158.85448
378 219.0
379 219.0
380 219.0
381 235.0
382 208.60526
383 32.0
384 98.60904
385 6.6146307
386 32.0
387 158.85446
388 30.8
389 49.285866
390 163.93513
391 169.58069
392 0.0
393 219.0
394 33.134
395 169.5441
396 30.866
397 169.6173
398 219.0
399 219.0
400 180.3962
401 158.39958
402 267.8761
403 235.0
404 235.0
405 235.0
406 235.0
407 235.0
408 235.0
409 235.0
410 220.134
411 220.134
412 220.134
413 220.134
414 219.0
415 219.0
416 219.0
417 219.0
418 219.0
419 219.0
420 219.0
421 219.0
422 219.0
423 219.0
424 219.0
425 219.0
426 219.0
427 219.0
428 219.0
429 219.0
430 219.0
431 219.0
432 219.0
433 219.0
434 219.0
435 219.0
436 219.0
437 219.0
438 219.0
439 219.0
440 219.0
441 219.0
442 219.0
443 219.0
444 219.0
445 219.0
446 219.0
447 219.0
448 219.0
449 219.0
450 219.0
451 219.0
452 0.0
453 38.61463
454 158.85448
455 0.0
456 219.0
457 174.99936
458 235.0
459 218.85503
460 235.0
461 93.29257
462 219.0
463 219.0
464 109.468094
465 219.0
466 219.0
467 235.0
468 219.0
469 0.0
470 219.0
471 6.6146307
472 1.1340001
473 153.27272
474 219.0
475 219.0
476 1.1340001
477 25.385368
478 189.06651
479 0.0
480 219.0
481 0.0
482 219.0
483 192.80338
484 219.0
485 219.0
486 0.0
487 315.0
488 43.988956
489 169.5441
490 169.6173
491 219.0
492 0.0
493 219.0
494 32.0
495 32.0
496 25.385368
497 38.61463
498 174.99936
499 169.5441
500 38.850822
501 219.0
502 315.0
503 315.0
504 267.8761
505 235.0
506 235.0
507 235.0
508 235.0
509 235.0
510 235.0
511 235.0
512 235.0
513 235.0
514 235.0
515 220.134
516 220.134
517 220.134
518 220.134
519 219.0
520 219.0
521 219.0
522 219.0
523 219.0
524 219.0
525 219.0
526 219.0
527 219.0
528 219.0
529 219.0
530 219.0
531 219.0
532 219.0
533 219.0
534 219.0
535 219.0
536 219.0
537 219.0
538 219.0
539 219.0
540 219.0
541 219.0
542 219.0
543 219.0
544 219.0
545 219.0
546 219.0
547 219.0
548 219.0
549 219.0
550 219.0
551 219.0
552 219.0
553 219.0
554 0.0
555 219.0
556 236.134
557 192.93307
558 219.0
559 175.2052
560 219.0
561 30.866
562 175.04115
563 32.0
564 32.0
565 220.134
566 235.0
567 219.0
568 93.37531
569 219.0
570 315.0
571 219.0
572 315.0
573 219.0
574 104.00625
575 38.850822
576 38.850822
577 219.0
578 32.0
579 219.0
580 44.155464
581 219.0
582 219.0
583 0.0
584 219.0
585 32.0
586 219.0
587 32.0
588 1.1340001
589 0.0
590 207.65167
591 0.0
592 158.77225
593 0.0
594 219.0
595 32.0
596 32.0
597 0.0
598 33.134
599 235.0
600 235.0
601 219.0
602 219.0
603 315.0
604 315.0
605 315.0
606 267.8761
607 236.134
608 235.0
609 235.0
610 235.0
611 235.0
612 235.0
613 235.0
614 235.0
615 235.0
616 235.0
617 235.0
618 235.0
619 235.0
620 235.0
621 220.134
622 220.134
623 220.134
624 220.134
625 220.134
626 219.0
627 219.0
628 219.0
629 219.0
630 219.0
631 219.0
632 219.0
633 219.0
634 219.0
635 219.0
636 219.0
637 219.0
638 219.0
639 219.0
640 219.0
641 219.0
642 219.0
643 219.0
644 219.0
645 219.0
646 219.0
647 219.0
648 219.0
649 219.0
650 219.0
651 219.0
652 219.0
653 219.0
654 219.0
655 219.0
656 0.0
657 235.0
658 219.0
659 32.0
660 236.134
661 207.39551
662 219.0
663 219.0
664 25.385368
665 33.134
666 219.0
667 219.0
668 147.72139
669 219.0
670 25.385368
671 220.47372
672 219.0
673 219.0
674 219.0
675 220.134
676 32.0
677 0.0
678 158.85448
679 1.1340001
680 38.850822
681 98.682686
682 30.8
683 0.0
684 0.0
685 164.25009
686 206.58368
687 175.2052
688 219.0
689 219.0
690 32.0
691 219.0
692 158.85446
693 219.0
694 315.0
695 32.0
696 219.0
697 219.0
698 219.0
699 219.0
700 30.866
701 219.0
702 32.0
703 315.0
704 315.0
705 315.0
706 315.0
707 267.8761
708 236.134
709 236.134
710 235.0
711 235.0
712 235.0
713 235.0
714 235.0
715 235.0
716 235.0
717 235.0
718 235.0
719 235.0
720 235.0
721 235.0
722 235.0
723 235.0
724 220.47372
725 220.134
726 220.134
727 220.134
728 220.134
729 220.134
730 220.134
731 219.0
732 219.0
733 219.0
734 219.0
735 219.0
736 219.0
737 219.0
738 219.0
739 219.0
740 219.0
741 219.0
742 219.0
743 219.0
744 219.0
745 219.0
746 219.0
747 219.0
748 219.0
749 219.0
750 219.0
751 219.0
752 219.0
753 32.0
754 235.0
755 169.5441
756 236.134
757 0.0
758 235.0
759 219.0
760 33.134
761 235.0
762 0.0
763 163.9763
764 219.0
765 98.60904
766 30.866
767 1.1340001
768 219.0
769 219.0
770 158.85446
771 219.0
772 158.81335
773 236.134
774 219.0
775 38.850822
776 32.0
777 219.0
778 235.0
779 219.0
780 219.0
781 25.385368
782 0.0
783 219.0
784 32.0
785 220.134
786 32.0
787 32.0
788 0.0
789 219.0
790 33.134
791 38.61463
792 219.0
793 25.385368
794 220.134
795 219.0
796 219.0
797 207.39551
798 219.0
799 219.0
800 32.0
801 219.0
802 315.0
803 315.0
804 315.0
805 315.0
806 315.0
807 315.0
808 267.8761
809 236.134
810 236.134
811 236.134
812 236.134
813 235.0
814 235.0
815 235.0
816 235.0
817 235.0
818 235.0
819 235.0
820 235.0
821 235.0
822 235.0
823 235.0
824 235.0
825 235.0
826 235.0
827 235.0
828 235.0
829 235.0
830 235.0
831 220.47372
832 220.134
833 220.134
834 220.134
835 220.134
836 220.134
837 220.134
838 220.134
839 220.134
840 219.0
841 219.0
842 219.0
843 219.0
844 219.0
845 219.0
846 219.0
847 219.0
848 219.0
849 219.0
850 219.0
851 219.0
852 219.0
853 219.0
854 195.47081
855 104.07178
856 32.0
857 235.0
858 0.0
859 163.97629
860 169.5441
861 219.0
862 32.0
863 32.0
864 219.0
865 235.0
866 98.682686
867 220.134
868 1.1340001
869 0.0
870 219.0
871 219.0
872 220.134
873 220.134
874 220.134
875 236.134
876 169.58069
877 235.0
878 32.0
879 98.682686
880 192.73213
881 32.0
882 30.866
883 220.134
884 219.0
885 219.0
886 219.0
887 235.0
888 87.6954
889 98.682686
890 316.134
891 30.866
892 219.0
893 180.35031
894 219.0
895 158.85448
896 0.0
897 219.0
898 220.134
899 219.0
900 219.0
901 220.134
902 219.0
