1 67.41737
2 1.1340001
3 32.462017
4 327.11523
5 0.0
6 10.521343
7 0.0
8 0.0
9 0.0
10 5.3755016
11 0.0
12 0.0
13 113.99015
14 136.58691
15 94.97589
16 47.742813
17 127.94828
18 50.855164
19 14.915325
20 255.78532
21 61.8683
22 15.568393
23 0.0
24 203.0
25 159.12416
26 69.9055
27 69.918045
28 0.0
29 0.0
30 253.75443
31 0.0
32 125.77671
33 29.131998
34 0.0
35 50.940662
36 0.0
37 250.90558
38 65.63162
39 113.898674
40 0.0
41 403.9014
42 0.0
43 85.275475
44 205.73134
45 1.1340001
46 256.3814
47 64.83563
48 0.0
49 0.0
50 203.0
51 91.651794
52 252.2624
53 0.0
54 0.0
55 145.03253
56 254.13034
57 148.51855
58 206.99112
59 42.95426
60 0.0
61 347.0
62 418.96945
63 184.60828
64 421.2314
65 187.6
66 219.0
67 77.651474
68 81.817
69 142.9497
70 220.134
71 0.0
72 20.360254
73 304.05588
74 120.50799
75 0.0
76 0.0
77 155.0
78 10.751003
79 0.0
80 191.55608
81 0.0
82 321.59814
83 219.0
84 314.48102
85 155.0
86 111.251945
87 219.0
88 402.43878
89 164.0
90 47.497826
91 129.42848
92 219.0
93 294.95752
94 301.12878
95 132.69205
96 190.04218
97 0.0
98 220.134
99 0.0
100 397.48874
101 176.69832
102 12.919869
103 82.113075
104 219.0
105 219.0
106 0.0
107 0.0
108 219.0
109 140.95978
110 95.543785
111 219.0
112 0.0
113 101.97724
114 155.0
115 363.6
116 130.9942
117 191.85019
118 0.0
119 155.0
120 455.16357
121 267.0
122 152.588
123 378.21967
124 415.00916
125 239.10985
126 378.04315
127 268.134
128 267.0
129 267.6
130 308.25076
131 73.028946
132 249.06686
133 0.0
134 27.683325
135 129.98135
136 19.24199
137 250.92305
138 189.94252
139 32.139107
140 44.547737
141 403.09277
142 267.0
143 51.450504
144 397.48087
145 87.621574
146 384.89835
147 287.6304
148 16.67715
149 267.0
150 370.87186
151 303.22797
152 400.79126
153 369.8405
154 0.0
155 267.0
156 267.0
157 392.2349
158 214.41495
159 148.16258
160 254.2889
161 313.9584
162 150.23584
163 412.4417
164 249.04674
165 0.0
166 0.0
167 311.05362
168 110.91784
169 0.0
170 418.92004
171 28.598598
172 241.11444
173 378.19342
174 43.808666
175 406.25998
176 362.48456
177 25.272982
178 0.0
179 2.5667665
180 89.014404
181 33.849518
182 251.0
183 247.08438
184 221.12988
185 251.0
186 41.016335
187 235.21754
188 364.134
189 321.51837
190 251.0
191 251.0
192 86.54621
193 53.04864
194 71.77594
195 72.96468
196 14.320286
197 222.75114
198 35.646225
199 173.97021
200 46.2096
201 432.2373
202 363.0
203 0.0
204 181.71545
205 240.43161
206 29.221165
207 95.736565
208 239.9763
209 251.0
210 247.43585
211 469.94498
212 66.932236
213 159.16699
214 243.67201
215 251.0
216 238.75945
217 28.894278
218 244.74486
219 40.28187
220 251.0
221 251.0
222 234.91037
223 238.21823
224 240.41888
225 135.12512
226 226.87852
227 52.658916
228 0.0
229 171.20851
230 85.61293
231 35.777054
232 157.25525
233 185.77937
234 0.0
235 251.90216
236 49.356747
237 251.0
238 140.62407
239 133.20256
240 65.87569
241 203.0
242 203.0
243 359.01212
244 427.4755
245 154.39296
246 203.0
247 203.0
248 203.0
249 236.134
250 130.56403
251 252.16754
252 203.0
253 0.0
254 297.03232
255 82.85879
256 203.0
257 0.0
258 203.0
259 135.40166
260 315.0
261 203.0
262 203.0
263 24.715618
264 203.0
265 170.77562
266 203.0
267 72.77378
268 153.27914
269 216.76572
270 167.46306
271 203.0
272 117.74512
273 131.36226
274 124.29484
275 174.8
276 292.0763
277 340.11124
278 41.289726
279 203.0
280 78.01515
281 143.14236
282 201.866
283 90.99704
284 34.69468
285 392.6877
286 204.134
287 203.0
288 182.41818
289 203.0
290 74.033356
291 131.20116
292 203.0
293 427.0
294 204.134
295 203.0
296 426.29626
297 19.443563
298 401.24234
299 1.2
300 204.134
301 138.03903
302 341.382
303 171.0
304 203.0
305 235.0
306 165.51347
307 355.56726
308 328.84592
309 171.0
310 204.71281
311 172.134
312 171.0
313 171.0
314 171.0
315 232.13763
316 126.141754
317 171.0
318 104.16963
319 132.79561
320 171.0
321 235.0
322 171.0
323 106.38583
324 133.21368
325 122.94929
326 189.75316
327 353.2136
328 171.0
329 39.837788
330 153.04602
331 391.76962
332 171.0
333 235.0
334 139.85406
335 77.62039
336 171.0
337 177.83675
338 172.134
339 92.68554
340 359.00278
341 171.0
342 139.4526
343 344.72522
344 115.951164
345 363.0
346 171.0
347 108.52186
348 158.89417
349 352.5788
350 0.0
351 235.0
352 400.01077
353 0.0
354 0.0
355 353.65567
356 161.78264
357 171.0
358 171.0
359 191.01105
360 236.134
361 315.5879
362 307.26892
363 219.0
364 163.31668
365 177.51836
366 219.0
367 219.0
368 219.0
369 289.33313
370 219.0
371 219.0
372 219.0
373 183.08899
374 61.671333
375 219.0
376 28.588116
377 198.09482
378 219.0
379 280.1778
380 220.134
381 62.189724
382 219.0
383 91.13304
384 219.0
385 0.0
386 219.0
387 93.148796
388 219.0
389 219.0
390 219.0
391 0.0
392 219.0
393 315.0
394 87.539604
395 132.28627
396 219.0
397 314.11627
398 66.12274
399 219.0
400 179.07863
401 134.9097
402 219.0
403 219.0
404 219.0
405 53.163124
406 315.0
407 219.0
408 131.32588
409 219.0
410 315.0
411 261.5775
412 91.36574
413 0.0
414 14.396111
415 72.29516
416 220.134
417 56.348877
418 219.0
419 219.0
420 36.651665
421 82.60254
422 267.0
423 243.99321
424 241.26758
425 243.21426
426 267.0
427 203.0
428 93.44376
429 203.0
430 199.16338
431 253.29802
432 249.22577
433 256.18716
434 256.28464
435 261.6037
436 347.0
437 243.42032
438 267.0
439 203.6
440 203.0
441 265.42725
442 153.82446
443 251.82591
444 251.02304
445 68.23547
446 140.18031
447 42.854958
448 263.2121
449 257.4962
450 106.91332
451 248.82385
452 248.2654
453 261.45627
454 240.40472
455 267.0
456 67.441246
457 203.0
458 50.13514
459 77.125885
460 86.53923
461 254.80855
462 76.97303
463 80.27287
464 239.16374
465 0.0
466 112.02529
467 347.0
468 203.0
469 53.606052
470 6.6146307
471 216.27116
472 31.381586
473 240.81427
474 267.0
475 14.58537
476 197.48143
477 91.76705
478 249.1722
479 266.9949
480 43.065357
481 219.0
482 267.0
483 32.44306
484 27.577442
485 219.0
486 219.0
487 46.63506
488 301.90515
489 132.6864
490 219.0
491 159.57208
492 555.0
493 249.72353
494 98.84833
495 266.86597
496 89.22439
497 192.45378
498 219.0
499 187.0
500 0.0
501 1.0587399
502 532.36237
503 603.0
504 555.0
505 267.0
506 26.425678
507 553.001
508 555.0
509 25.556736
510 84.84108
511 811.0
512 481.95416
513 219.0
514 219.0
515 84.844864
516 549.549
517 164.0
518 87.0046
519 555.0
520 6.6146307
521 219.0
522 69.98184
523 120.2185
524 555.0
525 555.0
526 0.0
527 219.0
528 28.916609
529 555.0
530 328.38928
531 328.09076
532 219.0
533 38.7427
534 114.27028
535 267.0
536 443.98755
537 0.0
538 31.040173
539 555.0
540 1.5859392
541 219.0
542 315.0
543 219.0
544 731.6
545 219.0
546 763.0
547 443.0
548 315.0
549 763.0
550 443.0
551 219.0
552 763.0
553 219.0
554 104.03301
555 110.37324
556 175.12074
557 0.0
558 241.93036
559 523.0
560 301.7728
561 0.0
562 523.0
563 219.0
564 763.0
565 315.0
566 258.3871
567 220.134
568 264.51132
569 315.0
570 219.0
571 523.0
572 219.0
573 524.134
574 434.94385
575 315.0
576 148.68591
577 315.0
578 120.21108
579 219.0
580 264.47916
581 284.20865
582 876.134
583 315.0
584 219.0
585 219.0
586 321.61462
587 111.74091
588 71.12425
589 69.68787
590 731.0
591 42.818558
592 219.0
593 219.0
594 435.71698
595 523.0
596 219.0
597 523.0
598 315.0
599 523.0
600 219.0
601 44.054375
602 315.0
603 314.44962
604 314.23727
605 283.17227
606 384.7062
607 306.0439
608 332.9838
609 309.69827
610 303.507
611 284.4624
612 369.01715
613 302.2549
614 299.62885
615 208.91914
616 307.25284
617 171.0
618 372.4506
619 296.4621
620 171.0
621 77.83598
622 171.0
623 0.0
624 285.50333
625 293.85052
626 171.0
627 26.149183
628 186.8146
629 316.20074
630 335.15524
631 326.13776
632 352.72092
633 346.46753
634 172.134
635 316.89932
636 351.92844
637 177.06674
638 116.62759
639 300.51553
640 304.95087
641 145.49799
642 323.7489
643 191.504
644 12.946162
645 48.33548
646 305.16455
647 318.36194
648 172.134
649 171.76924
650 290.7672
651 171.0
652 321.0448
653 298.96707
654 72.33948
655 298.5275
656 289.4278
657 282.30905
658 310.07114
659 248.15279
660 331.45154
661 323.45148
662 332.41257
663 267.0
664 267.0
665 267.0
666 267.0
667 267.0
668 268.134
669 267.0
670 267.0
671 405.1481
672 267.0
673 267.0
674 267.0
675 267.0
676 267.0
677 267.0
678 467.05914
679 268.134
680 267.0
681 267.0
682 267.0
683 350.80374
684 267.0
685 168.37091
686 267.0
687 267.0
688 61.140144
689 267.0
690 267.0
691 334.50565
692 182.82742
693 268.134
694 267.0
695 267.0
696 424.60342
697 59.185417
698 267.0
699 267.0
700 268.134
701 267.0
702 268.134
703 96.68617
704 267.0
705 267.0
706 164.49332
707 84.26699
708 267.0
709 267.0
710 268.134
711 267.0
712 414.7816
713 267.0
714 267.0
715 267.0
716 5.414631
717 483.66666
718 242.68188
719 267.0
720 267.0
721 265.27786
722 267.0
723 349.14505
724 276.60367
725 220.32076
726 372.1042
727 219.0
728 282.27402
729 280.4687
730 220.134
731 360.55777
732 219.0
733 219.0
734 281.34253
735 214.18262
736 219.0
737 219.0
738 219.0
739 219.0
740 205.18558
741 349.07422
742 219.0
743 219.0
744 510.56842
745 219.0
746 219.0
747 219.0
748 200.48439
749 347.35034
750 282.00137
751 219.0
752 347.04367
753 219.0
754 219.0
755 343.54214
756 219.0
757 219.0
758 367.80795
759 191.44061
760 307.1272
761 291.08032
762 219.0
763 489.04596
764 219.0
765 219.0
766 219.0
767 187.73518
768 268.5989
769 0.0
770 422.00757
771 219.0
772 219.0
773 531.92676
774 0.0
775 345.29965
776 210.29402
777 341.80316
778 149.80615
779 350.78952
780 219.0
781 32.083504
782 282.65652
783 289.6441
784 219.0
785 232.47015
786 257.1165
787 303.81998
788 360.06326
789 98.28966
790 294.29688
791 334.69604
792 395.0
793 222.468
794 395.0
795 395.0
796 284.08298
797 243.1273
798 383.45322
799 395.0
800 195.06032
801 233.3684
802 395.6
803 395.6
804 395.0
805 284.18948
806 315.0
807 395.6
808 339.1744
809 295.35135
810 45.848846
811 168.46077
812 315.6
813 395.0
814 389.66898
815 395.0
816 173.18788
817 265.68878
818 374.09116
819 294.24744
820 395.0
821 268.1934
822 315.0
823 202.25645
824 395.0
825 260.11835
826 381.18594
827 256.92157
828 219.0
829 315.0
830 275.56348
831 121.69379
832 191.73886
833 369.68652
834 409.58304
835 395.0
836 374.60004
837 224.07726
838 232.89249
839 228.39026
840 21.956373
841 0.0
842 219.0
843 379.0
844 379.0
845 563.81915
846 236.3036
847 571.0
848 203.0
849 379.0
850 299.0
851 571.0
852 278.861
853 164.33688
854 379.0
855 379.0
856 198.05016
857 379.0
858 203.0
859 627.4153
860 57.749924
861 379.0
862 379.0
863 571.0
864 203.0
865 28.774292
866 80.98698
867 378.4
868 356.70038
869 203.0
870 403.27603
871 204.134
872 493.46194
873 557.8892
874 379.0
875 538.10345
876 571.0
877 366.826
878 203.0
879 256.46213
880 379.0
881 275.29037
882 203.0
883 613.2614
884 379.0
885 379.0
886 379.0
887 144.14795
888 379.0
889 379.0
890 379.6
891 203.0
892 379.0
893 119.216995
894 299.0
895 379.0
896 379.6
897 248.0631
898 142.01407
899 379.0
900 379.0
901 362.29495
902 571.42834
903 353.8716
904 203.0
905 203.0
906 155.0
907 203.0
908 155.0
909 203.0
910 203.0
911 203.0
912 156.134
913 155.0
914 203.0
915 203.0
916 155.0
917 203.0
918 155.0
919 203.0
920 156.134
921 155.0
922 155.0
923 440.74475
924 203.0
925 155.0
926 203.0
927 203.0
928 151.48793
929 155.0
930 155.0
931 155.0
932 155.0
933 155.0
934 156.134
935 155.0
936 103.420876
937 155.0
938 146.49023
939 47.144062
940 155.0
941 203.0
942 155.0
943 34.03401
944 102.911896
945 203.0
946 203.0
947 204.134
948 155.0
949 182.27174
950 155.0
951 204.134
952 203.0
953 203.0
954 155.0
955 203.0
956 203.0
957 155.0
958 155.0
959 155.0
960 203.0
961 203.0
962 98.58162
963 597.95087
964 739.7623
965 269.33185
966 88.89616
967 288.02237
968 294.9181
969 299.0
970 299.0
971 601.5504
972 295.88956
973 443.48926
974 299.6
975 299.0
976 763.0
977 297.52875
978 763.0
979 299.0
980 284.71384
981 146.96101
982 763.0
983 299.0
984 283.54633
985 132.78024
986 58.896667
987 293.61588
988 156.96562
989 299.0
990 292.74652
991 605.0215
992 467.89767
993 126.337685
994 299.0
995 619.0
996 176.14278
997 299.0
998 80.08721
999 296.17755
1000 299.0
1001 289.31982
1002 28.384169
1003 299.0
1004 299.0
1005 96.30982
1006 295.07516
1007 283.28223
1008 285.28568
1009 619.0
1010 738.1531
1011 273.3615
1012 290.23062
1013 619.0
1014 146.34409
1015 292.94846
1016 188.77982
1017 294.28534
1018 266.84045
1019 763.0
1020 293.8193
1021 266.52054
1022 294.2365
1023 495.05194
1024 501.98645
1025 723.65326
1026 492.9148
1027 507.0
1028 495.5219
1029 507.0
1030 506.72455
1031 500.8719
1032 491.14975
1033 591.3921
1034 507.0
1035 203.0
1036 147.7264
1037 298.99847
1038 488.4835
1039 484.05896
1040 604.134
1041 507.18817
1042 579.5224
1043 203.0
1044 590.8624
1045 503.52203
1046 503.5592
1047 269.19443
1048 588.7593
1049 921.41486
1050 576.644
1051 271.10547
1052 487.99207
1053 603.0
1054 671.8048
1055 486.15262
1056 490.81274
1057 498.50256
1058 484.9438
1059 507.0
1060 501.7553
1061 384.15555
1062 203.0
1063 498.4646
1064 1275.688
1065 490.4813
1066 478.29526
1067 203.0
1068 91.400154
1069 232.61688
1070 494.29373
1071 497.55872
1072 204.134
1073 475.56168
1074 604.134
1075 203.0
1076 493.81345
1077 492.6903
1078 209.61462
1079 507.41205
1080 500.51602
1081 585.06805
1082 67.01784
1083 1275.688
1084 860.134
1085 643.0512
1086 773.9817
1087 267.0
1088 875.0
1089 638.47034
1090 299.0
1091 827.0
1092 971.0
1093 299.0
1094 859.0
1095 796.221
1096 347.0
1097 659.1912
1098 791.77045
1099 798.9877
1100 790.4382
1101 299.0
1102 347.0
1103 299.0
1104 793.6822
1105 267.0
1106 267.0
1107 267.0
1108 179.83064
1109 679.2817
1110 800.66425
1111 300.134
1112 794.4663
1113 267.0
1114 971.0
1115 299.0
1116 647.81714
1117 299.0
1118 299.0
1119 267.0
1120 267.0
1121 971.0
1122 891.0
1123 82.17022
1124 827.0
1125 907.0
1126 629.6978
1127 860.134
1128 299.0
1129 859.0
1130 299.0
1131 267.0
1132 612.3462
1133 776.0096
1134 664.8664
1135 804.7029
1136 179.30096
1137 299.0
1138 679.73724
