1 163.86197
2 198.5831
3 0.0
4 235.0
5 0.0
6 0.0
7 0.0
8 30.866
9 219.0
10 169.5441
11 169.5441
12 0.0
13 219.0
14 7.8647346
15 32.6
16 219.0
17 82.436714
18 207.23833
19 218.51341
20 94.17019
21 38.61463
22 219.0
23 0.0
24 152.99113
25 0.0
26 208.2933
27 20.01105
28 32.0
29 0.0
30 163.89854
31 0.0
32 30.81372
33 196.62276
34 0.0
35 25.385368
36 235.0
37 87.53197
38 44.71664
39 219.0
40 0.0
41 32.0
42 0.0
43 1.1340001
44 0.0
45 0.0
46 0.0
47 33.2
48 65.75089
49 0.0
50 141.01433
51 38.61463
52 32.066
53 0.0
54 136.75272
55 15.831347
56 0.0
57 0.0
58 38.61463
59 202.36172
60 219.0
61 32.0
62 18.770735
63 50.419865
64 33.134
65 0.0
66 38.61463
67 82.20663
68 0.0
69 105.30462
70 185.94284
71 219.0
72 19.86285
73 0.0
74 30.866
75 6.6146307
76 71.46156
77 50.4303
78 0.0
79 0.0
80 43.988956
81 39.814632
82 93.13985
83 82.4667
84 33.2
85 0.0
86 207.63919
87 0.0
88 18.534542
89 0.0
90 11.988956
91 34.124092
92 0.0
93 0.0
94 6.6146307
95 30.866
96 12.845515
97 39.785442
98 0.0
99 37.019474
100 142.05429
101 235.0
102 235.0
103 219.0
104 219.0
105 219.0
106 219.0
107 219.0
108 219.0
109 219.0
110 218.51341
111 208.2933
112 207.63919
113 207.23833
114 202.36172
115 198.5831
116 196.62276
117 185.94284
118 169.5441
119 169.5441
120 163.89854
121 163.86197
122 152.99113
123 142.05429
124 141.01433
125 136.75272
126 105.30462
127 94.17019
128 93.13985
129 87.53197
130 82.4667
131 82.436714
132 82.20663
133 71.46156
134 65.75089
135 50.4303
136 50.419865
137 44.71664
138 43.988956
139 39.814632
140 39.785442
141 38.61463
142 38.61463
143 38.61463
144 38.61463
145 37.019474
146 34.124092
147 33.2
148 33.2
149 33.134
150 32.6
151 38.61463
152 219.0
153 38.850822
154 109.46168
155 44.137142
156 33.733997
157 43.988956
158 7.852865
159 219.0
160 257.31827
161 188.78743
162 219.0
163 0.0
164 179.6502
165 219.26833
166 197.62065
167 219.0
168 4.85966
169 219.0
170 34.268
171 153.19043
172 98.779655
173 37.480633
174 169.6173
175 180.48198
176 131.15852
177 235.0
178 0.0
179 186.8334
180 0.0
181 24.438873
182 32.0
183 25.385368
184 32.0
185 89.07525
186 32.0
187 0.0
188 32.0
189 1.2
190 42.599987
191 38.61463
192 38.61463
193 136.9117
194 34.267998
195 33.134
196 0.0
197 32.0
198 0.0
199 98.61714
200 0.0
