1 0.0
2 28.886036
3 37.42052
4 45.417244
5 37.375496
6 131.38089
7 9.393279
8 0.0
9 28.597998
10 0.0
11 23.333338
12 41.955708
13 85.133835
14 30.866
15 105.220634
16 32.066
17 6.795424
18 61.42206
19 28.656736
20 0.0
21 62.182747
22 0.0
23 0.0
24 37.66996
25 219.0
26 0.0
27 44.224304
28 15.06486
29 71.298386
30 61.681458
31 192.51947
32 79.84912
33 18.065361
34 130.2366
35 33.537373
36 44.46995
37 87.70196
38 41.843925
39 201.98764
40 45.157455
41 25.149174
42 53.779373
43 19.899734
44 129.70607
45 3.7260141
46 0.0
47 64.81719
48 174.21513
49 43.867287
50 44.680355
51 0.0
52 109.6468
53 65.99476
54 16.828827
55 54.761044
56 137.76122
57 98.70472
58 219.0
59 21.392447
60 0.0
61 101.35957
62 49.37259
63 28.449123
64 55.078106
65 36.98244
66 11.634785
67 60.387844
68 9.225765
69 60.49086
70 124.992775
71 0.0
72 38.096725
73 3.377993
74 30.866
75 220.134
76 0.0
77 32.392548
78 0.0
79 43.020763
80 35.016895
81 14.697456
82 54.78329
83 8.875008
84 12.1967535
85 65.42288
86 44.036877
87 121.81338
88 13.038594
89 0.0
90 24.615173
91 0.0
92 60.42579
93 29.726177
94 63.950596
95 11.974998
96 73.35883
97 235.0
98 0.0
99 23.051365
100 13.08171
101 235.0
102 220.134
103 219.0
104 219.0
105 201.98764
106 192.51947
107 174.21513
108 137.76122
109 131.38089
110 130.2366
111 129.70607
112 124.992775
113 121.81338
114 109.6468
115 105.220634
116 101.35957
117 98.70472
118 87.70196
119 85.133835
120 79.84912
121 73.35883
122 71.298386
123 65.99476
124 65.42288
125 64.81719
126 63.950596
127 62.182747
128 61.681458
129 61.42206
130 60.49086
131 60.42579
132 60.387844
133 55.078106
134 54.78329
135 54.761044
136 53.779373
137 49.37259
138 45.417244
139 45.157455
140 44.680355
141 44.46995
142 44.224304
143 44.036877
144 43.867287
145 43.020763
146 41.955708
147 41.843925
148 38.096725
149 37.66996
150 37.42052
151 22.369827
152 113.721054
153 30.8
154 131.2826
155 164.22496
156 148.83609
157 0.0
158 121.55665
159 35.21852
160 117.41809
161 235.0
162 10.435039
163 34.743256
164 8.893782
165 219.0
166 55.137047
167 111.65638
168 117.53405
169 207.8164
170 0.0
171 14.714136
172 40.774834
173 0.0
174 33.734
175 122.33891
176 106.01052
177 17.367744
178 58.970768
179 42.679115
180 29.82022
181 0.0
182 44.30544
183 16.504894
184 177.268
185 25.425041
186 0.0
187 10.671233
188 36.280632
189 27.719368
190 206.1114
191 41.282433
192 0.0
193 44.61951
194 26.349176
195 55.990376
196 38.683853
197 0.0
198 0.0
199 145.10216
200 27.148561
201 235.0
202 235.0
203 220.134
204 219.0
205 219.0
206 219.0
207 207.8164
208 206.1114
209 201.98764
210 192.51947
211 177.268
212 174.21513
213 164.22496
214 148.83609
215 145.10216
216 137.76122
217 131.38089
218 131.2826
219 130.2366
220 129.70607
221 124.992775
222 122.33891
223 121.81338
224 121.55665
225 117.53405
226 117.41809
227 113.721054
228 111.65638
229 109.6468
230 106.01052
231 105.220634
232 101.35957
233 98.70472
234 87.70196
235 85.133835
236 79.84912
237 73.35883
238 71.298386
239 65.99476
240 65.42288
241 64.81719
242 63.950596
243 62.182747
244 61.681458
245 61.42206
246 60.49086
247 60.42579
248 60.387844
249 58.970768
250 55.990376
251 0.0
252 32.0
253 235.0
254 147.15425
255 119.160645
256 0.0
257 87.66311
258 18.125628
259 25.516125
260 9.461225
261 153.68857
262 0.0
263 219.0
264 158.89902
265 235.0
266 14.714136
267 207.73767
268 60.284264
269 46.542603
270 193.94688
271 111.4938
272 143.3672
273 0.0
274 73.45876
275 60.37917
276 56.315777
277 44.76729
278 166.72359
279 8.820142
280 0.0
281 0.0
282 90.03655
283 49.925213
284 68.6837
285 73.803024
286 36.10463
287 36.602
288 0.0
289 13.966809
290 138.61635
291 34.267998
292 75.77127
293 27.653366
294 48.076313
295 34.920277
296 3.5056467
297 32.0
298 41.014633
299 133.8903
300 8.849697
301 235.0
302 235.0
303 235.0
304 235.0
305 220.134
306 219.0
307 219.0
308 219.0
309 219.0
310 207.8164
311 207.73767
312 206.1114
313 201.98764
314 193.94688
315 192.51947
316 177.268
317 174.21513
318 166.72359
319 164.22496
320 158.89902
321 153.68857
322 148.83609
323 147.15425
324 145.10216
325 143.3672
326 138.61635
327 137.76122
328 133.8903
329 131.38089
330 131.2826
331 130.2366
332 129.70607
333 124.992775
334 122.33891
335 121.81338
336 121.55665
337 119.160645
338 117.53405
339 117.41809
340 113.721054
341 111.65638
342 111.4938
343 109.6468
344 106.01052
345 105.220634
346 101.35957
347 98.70472
348 90.03655
349 87.70196
350 87.66311
351 191.25377
352 114.47991
353 187.88988
354 0.0
355 170.33847
356 0.0
357 219.0
358 53.426903
359 21.568216
360 42.788956
361 85.919624
362 3.5334234
363 131.13014
364 0.0
365 37.48063
366 104.78694
367 0.0
368 55.74768
369 143.17601
370 38.660454
371 184.20337
372 133.78535
373 111.72153
374 0.0
375 142.75354
376 73.88878
377 150.32433
378 0.0
379 0.0
380 23.117367
381 3.4959624
382 57.395836
383 49.35938
384 132.2515
385 0.0
386 171.56981
387 133.40056
388 0.0
389 131.37097
390 1.1340001
391 84.02053
392 92.64833
393 33.682083
394 33.733997
395 29.065998
396 14.809756
397 160.91605
398 57.17704
399 45.88386
400 160.26898
401 235.0
402 235.0
403 235.0
404 235.0
405 220.134
406 219.0
407 219.0
408 219.0
409 219.0
410 219.0
411 207.8164
412 207.73767
413 206.1114
414 201.98764
415 193.94688
416 192.51947
417 191.25377
418 187.88988
419 184.20337
420 177.268
421 174.21513
422 171.56981
423 170.33847
424 166.72359
425 164.22496
426 160.91605
427 160.26898
428 158.89902
429 153.68857
430 150.32433
431 148.83609
432 147.15425
433 145.10216
434 143.3672
435 143.17601
436 142.75354
437 138.61635
438 137.76122
439 133.8903
440 133.78535
441 133.40056
442 132.2515
443 131.38089
444 131.37097
445 131.2826
446 131.13014
447 130.2366
448 129.70607
449 124.992775
450 122.33891
451 36.34663
452 124.743126
453 135.70288
454 20.973038
455 30.921589
456 0.0
457 89.68939
458 72.19148
459 19.96218
460 94.16248
461 20.031626
462 127.89263
463 124.856575
464 131.72177
465 31.934
466 216.21237
467 0.0
468 220.134
469 168.40558
470 0.0
471 75.17411
472 219.0
473 14.332977
474 60.24508
475 0.0
476 82.195984
477 121.32482
478 143.15134
479 135.33833
480 131.21765
481 29.31054
482 148.44472
483 25.385366
484 143.60785
485 41.439804
486 125.56381
487 65.441605
488 26.336458
489 46.269485
490 30.932
491 41.813908
492 104.05261
493 0.0
494 128.15436
495 45.746925
496 0.0
497 30.032398
498 219.0
499 0.0
500 140.96112
501 235.0
502 235.0
503 235.0
504 235.0
505 220.134
506 220.134
507 219.0
508 219.0
509 219.0
510 219.0
511 219.0
512 219.0
513 219.0
514 216.21237
515 207.8164
516 207.73767
517 206.1114
518 201.98764
519 193.94688
520 192.51947
521 191.25377
522 187.88988
523 184.20337
524 177.268
525 174.21513
526 171.56981
527 170.33847
528 168.40558
529 166.72359
530 164.22496
531 160.91605
532 160.26898
533 158.89902
534 153.68857
535 150.32433
536 148.83609
537 148.44472
538 147.15425
539 145.10216
540 143.60785
541 143.3672
542 143.17601
543 143.15134
544 142.75354
545 140.96112
546 138.61635
547 137.76122
548 135.70288
549 135.33833
550 133.8903
551 211.73643
552 0.0
553 213.21121
554 96.26798
555 166.15987
556 111.667694
557 99.891464
558 0.0
559 158.84816
560 125.74115
561 35.21852
562 219.0
563 31.102196
564 109.14424
565 65.798225
566 141.16092
567 86.41102
568 52.07727
569 276.0
570 47.43899
571 196.06508
572 219.0
573 166.15845
574 146.39278
575 8.788424
576 175.18317
577 29.666
578 28.597998
579 68.57362
580 51.834343
581 74.50665
582 158.54239
583 190.36351
584 20.154432
585 49.11979
586 182.33018
587 158.36298
588 121.723145
589 0.0
590 186.79077
591 139.75867
592 61.639843
593 35.39611
594 135.5896
595 117.53167
596 0.0
597 109.40646
598 55.239452
599 25.871202
600 0.0
601 276.0
602 235.0
603 235.0
604 235.0
605 235.0
606 220.134
607 220.134
608 219.0
609 219.0
610 219.0
611 219.0
612 219.0
613 219.0
614 219.0
615 219.0
616 219.0
617 216.21237
618 213.21121
619 211.73643
620 207.8164
621 207.73767
622 206.1114
623 201.98764
624 196.06508
625 193.94688
626 192.51947
627 191.25377
628 190.36351
629 187.88988
630 186.79077
631 184.20337
632 182.33018
633 177.268
634 175.18317
635 174.21513
636 171.56981
637 170.33847
638 168.40558
639 166.72359
640 166.15987
641 166.15845
642 164.22496
643 160.91605
644 160.26898
645 158.89902
646 158.84816
647 158.54239
648 158.36298
649 153.68857
650 150.32433
651 235.0
652 219.0
653 107.368195
654 96.08387
655 219.0
656 221.3813
657 235.0
658 0.0
659 172.93355
660 219.0
661 136.31653
662 113.455925
663 31.92649
664 143.23228
665 72.40044
666 179.1165
667 190.01433
668 219.0
669 39.86224
670 40.443893
671 130.4124
672 219.0
673 236.134
674 91.69725
675 71.8436
676 19.990633
677 186.13496
678 36.34663
679 22.425867
680 140.2728
681 161.96158
682 134.36903
683 0.0
684 54.80846
685 235.0
686 0.0
687 32.599995
688 149.79437
689 65.22797
690 173.43245
691 201.22603
692 89.27823
693 37.60537
694 146.31895
695 35.588745
696 92.87003
697 18.62593
698 87.76614
699 81.13523
700 38.694855
701 276.0
702 236.134
703 235.0
704 235.0
705 235.0
706 235.0
707 235.0
708 235.0
709 235.0
710 221.3813
711 220.134
712 220.134
713 219.0
714 219.0
715 219.0
716 219.0
717 219.0
718 219.0
719 219.0
720 219.0
721 219.0
722 219.0
723 219.0
724 219.0
725 219.0
726 219.0
727 216.21237
728 213.21121
729 211.73643
730 207.8164
731 207.73767
732 206.1114
733 201.98764
734 201.22603
735 196.06508
736 193.94688
737 192.51947
738 191.25377
739 190.36351
740 190.01433
741 187.88988
742 186.79077
743 186.13496
744 184.20337
745 182.33018
746 179.1165
747 177.268
748 175.18317
749 174.21513
750 173.43245
751 110.48837
752 26.58537
753 101.33275
754 134.07642
755 100.22435
756 235.0
757 219.0
758 49.567093
759 185.69017
760 66.89437
761 235.0
762 90.733025
763 68.58002
764 6.6146307
765 36.34663
766 25.438217
767 219.0
768 137.99931
769 219.0
770 127.50806
771 44.520775
772 261.27637
773 172.07755
774 0.0
775 154.91014
776 149.69148
777 216.8165
778 45.13587
779 53.901398
780 173.40147
781 59.300846
782 209.0658
783 123.84249
784 134.64185
785 149.82922
786 37.506615
787 83.38794
788 161.40654
789 219.0
790 11.704064
791 54.565823
792 140.04419
793 141.68544
794 144.89487
795 215.58363
796 35.306934
797 142.25865
798 145.62305
799 22.406631
800 72.55757
801 276.0
802 261.27637
803 236.134
804 235.0
805 235.0
806 235.0
807 235.0
808 235.0
809 235.0
810 235.0
811 235.0
812 235.0
813 221.3813
814 220.134
815 220.134
816 219.0
817 219.0
818 219.0
819 219.0
820 219.0
821 219.0
822 219.0
823 219.0
824 219.0
825 219.0
826 219.0
827 219.0
828 219.0
829 219.0
830 219.0
831 219.0
832 219.0
833 219.0
834 216.8165
835 216.21237
836 215.58363
837 213.21121
838 211.73643
839 209.0658
840 207.8164
841 207.73767
842 206.1114
843 201.98764
844 201.22603
845 196.06508
846 193.94688
847 192.51947
848 191.25377
849 190.36351
850 190.01433
851 133.84198
852 29.731998
853 142.7523
854 127.40576
855 130.03227
856 219.0
857 166.12177
858 86.145134
859 15.625903
860 158.24374
861 235.0
862 219.0
863 63.827885
864 86.226395
865 29.389538
866 131.94742
867 219.0
868 156.4425
869 25.487152
870 180.44662
871 72.9741
872 219.0
873 135.1615
874 3.6916065
875 105.24864
876 10.115443
877 48.76851
878 83.514786
879 219.0
880 39.119442
881 39.220516
882 85.30691
883 170.28731
884 22.645412
885 21.49752
886 195.75616
887 17.815172
888 54.939686
889 150.17432
890 118.98645
891 109.8275
892 100.03333
893 0.0
894 113.013954
895 207.00182
896 173.4302
897 60.2745
898 181.11845
899 81.96623
900 24.251366
901 276.0
902 261.27637
903 236.134
904 235.0
905 235.0
906 235.0
907 235.0
908 235.0
909 235.0
910 235.0
911 235.0
912 235.0
913 235.0
914 221.3813
915 220.134
916 220.134
917 219.0
918 219.0
919 219.0
920 219.0
921 219.0
922 219.0
923 219.0
924 219.0
925 219.0
926 219.0
927 219.0
928 219.0
929 219.0
930 219.0
931 219.0
932 219.0
933 219.0
934 219.0
935 219.0
936 219.0
937 219.0
938 219.0
939 219.0
940 216.8165
941 216.21237
942 215.58363
943 213.21121
944 211.73643
945 209.0658
946 207.8164
947 207.73767
948 207.00182
949 206.1114
950 201.98764
951 112.98051
952 49.600834
953 72.6325
954 0.0
955 235.0
956 70.70002
957 235.0
958 189.89821
959 31.556284
960 219.0
961 93.25226
962 94.52785
963 235.0
964 1.561512
965 161.76228
966 18.297619
967 80.041466
968 35.929535
969 95.42089
970 233.866
971 35.573566
972 0.0
973 185.88533
974 120.031975
975 235.0
976 198.43825
977 219.0
978 79.45152
979 152.35867
980 116.01291
981 114.19246
982 236.134
983 61.032204
984 159.76767
985 25.385368
986 74.41254
987 119.306
988 194.19104
989 219.0
990 143.09764
991 2.910292
992 105.10255
993 19.78503
994 23.97909
995 48.030666
996 143.91371
997 28.531998
998 126.862625
999 235.0
1000 236.134
1001 276.0
1002 261.27637
1003 236.134
1004 236.134
1005 236.134
1006 235.0
1007 235.0
1008 235.0
1009 235.0
1010 235.0
1011 235.0
1012 235.0
1013 235.0
1014 235.0
1015 235.0
1016 235.0
1017 235.0
1018 235.0
1019 235.0
1020 235.0
1021 233.866
1022 221.3813
1023 220.134
1024 220.134
1025 219.0
1026 219.0
1027 219.0
1028 219.0
1029 219.0
1030 219.0
1031 219.0
1032 219.0
1033 219.0
1034 219.0
1035 219.0
1036 219.0
1037 219.0
1038 219.0
1039 219.0
1040 219.0
1041 219.0
1042 219.0
1043 219.0
1044 219.0
1045 219.0
1046 219.0
1047 219.0
1048 219.0
1049 219.0
1050 219.0
1051 146.84645
1052 33.134
1053 158.85559
1054 37.803467
1055 47.3978
1056 0.0
1057 219.0
1058 219.0
1059 8.281832
1060 68.13809
1061 110.18469
1062 75.03954
1063 219.0
1064 9.030354
1065 165.97882
1066 235.0
1067 90.92631
1068 38.613873
1069 88.70987
1070 88.904434
1071 56.578632
1072 76.732834
1073 27.522738
1074 206.25859
1075 39.160538
1076 219.0
1077 62.503227
1078 127.11262
1079 187.81874
1080 82.374214
1081 30.865997
1082 82.266525
1083 219.0
1084 71.37943
1085 187.01346
1086 0.0
1087 153.7506
1088 52.599174
1089 18.830652
1090 219.0
1091 212.75574
1092 24.015175
1093 57.277016
1094 53.95084
1095 236.134
1096 0.0
1097 219.0
1098 113.978
1099 219.0
1100 50.170727
1101 276.0
1102 261.27637
1103 236.134
1104 236.134
1105 236.134
1106 236.134
1107 235.0
1108 235.0
1109 235.0
1110 235.0
1111 235.0
1112 235.0
1113 235.0
1114 235.0
1115 235.0
1116 235.0
1117 235.0
1118 235.0
1119 235.0
1120 235.0
1121 235.0
1122 235.0
1123 233.866
1124 221.3813
1125 220.134
1126 220.134
1127 219.0
1128 219.0
1129 219.0
1130 219.0
1131 219.0
1132 219.0
1133 219.0
1134 219.0
1135 219.0
1136 219.0
1137 219.0
1138 219.0
1139 219.0
1140 219.0
1141 219.0
1142 219.0
1143 219.0
1144 219.0
1145 219.0
1146 219.0
1147 219.0
1148 219.0
1149 219.0
1150 219.0
1151 2.0874047
1152 172.83539
1153 175.19904
1154 100.000694
1155 31.934
1156 236.134
1157 220.134
1158 14.34989
1159 120.5863
1160 0.0
1161 70.32159
1162 0.0
1163 14.652137
1164 55.335907
1165 220.134
1166 45.680927
1167 24.84486
1168 95.57143
1169 83.59535
1170 0.0
1171 44.888374
1172 143.96994
1173 32.0
1174 26.225246
1175 217.51329
1176 41.45928
1177 145.92229
1178 219.0
1179 70.201775
1180 219.0
1181 112.19168
1182 135.51633
1183 115.80012
1184 14.386671
1185 149.32095
1186 0.0
1187 219.0
1188 157.82927
1189 217.63551
1190 31.935299
1191 0.0
1192 61.27936
1193 0.0
1194 219.0
1195 45.051674
1196 127.37023
1197 219.0
1198 219.0
1199 235.0
1200 192.18047
1201 276.0
1202 261.27637
1203 236.134
1204 236.134
1205 236.134
1206 236.134
1207 236.134
1208 235.0
1209 235.0
1210 235.0
1211 235.0
1212 235.0
1213 235.0
1214 235.0
1215 235.0
1216 235.0
1217 235.0
1218 235.0
1219 235.0
1220 235.0
1221 235.0
1222 235.0
1223 235.0
1224 235.0
1225 233.866
1226 221.3813
1227 220.134
1228 220.134
1229 220.134
1230 220.134
1231 219.0
1232 219.0
1233 219.0
1234 219.0
1235 219.0
1236 219.0
1237 219.0
1238 219.0
1239 219.0
1240 219.0
1241 219.0
1242 219.0
1243 219.0
1244 219.0
1245 219.0
1246 219.0
1247 219.0
1248 219.0
1249 219.0
1250 219.0
1251 219.0
1252 71.116905
1253 0.0
1254 0.0
1255 235.0
1256 144.4355
1257 219.0
1258 37.30998
1259 37.43463
1260 0.0
1261 68.264
1262 219.0
1263 0.0
1264 0.0
1265 0.0
1266 127.24277
1267 219.0
1268 127.73585
1269 219.0
1270 5.1824727
1271 235.0
1272 219.0
1273 219.0
1274 0.0
1275 174.59769
1276 14.543537
1277 29.731998
1278 210.3116
1279 75.799194
1280 170.47237
1281 0.0
1282 2.0618303
1283 24.070646
1284 315.0
1285 83.01331
1286 85.10155
1287 219.0
1288 218.72578
1289 219.0
1290 148.15155
1291 219.0
1292 180.13457
1293 75.99116
1294 219.0
1295 147.66629
1296 219.0
1297 169.01747
1298 0.0
1299 219.0
1300 219.0
1301 315.0
1302 276.0
1303 261.27637
1304 236.134
1305 236.134
1306 236.134
1307 236.134
1308 236.134
1309 235.0
1310 235.0
1311 235.0
1312 235.0
1313 235.0
1314 235.0
1315 235.0
1316 235.0
1317 235.0
1318 235.0
1319 235.0
1320 235.0
1321 235.0
1322 235.0
1323 235.0
1324 235.0
1325 235.0
1326 235.0
1327 235.0
1328 233.866
1329 221.3813
1330 220.134
1331 220.134
1332 220.134
1333 220.134
1334 219.0
1335 219.0
1336 219.0
1337 219.0
1338 219.0
1339 219.0
1340 219.0
1341 219.0
1342 219.0
1343 219.0
1344 219.0
1345 219.0
1346 219.0
1347 219.0
1348 219.0
1349 219.0
1350 219.0
1351 104.47179
1352 8.938531
1353 71.65136
1354 27.947193
1355 218.34729
1356 112.5461
1357 235.0
1358 25.581102
1359 28.373402
1360 219.0
1361 218.647
1362 219.0
1363 219.0
1364 54.05561
1365 138.30273
1366 103.008675
1367 0.0
1368 100.614914
1369 219.0
1370 235.0
1371 24.185368
1372 137.79208
1373 219.0
1374 34.268
1375 219.0
1376 34.520744
1377 108.00305
1378 44.277985
1379 76.58998
1380 19.076612
1381 185.87917
1382 55.98438
1383 34.328114
1384 235.0
1385 219.0
1386 103.4652
1387 123.12709
1388 32.0
1389 219.0
1390 114.24473
1391 119.34919
1392 42.90564
1393 219.0
1394 132.65555
1395 27.849104
1396 219.0
1397 220.134
1398 219.0
1399 0.0
1400 48.817226
1401 315.0
1402 276.0
1403 261.27637
1404 236.134
1405 236.134
1406 236.134
1407 236.134
1408 236.134
1409 235.0
1410 235.0
1411 235.0
1412 235.0
1413 235.0
1414 235.0
1415 235.0
1416 235.0
1417 235.0
1418 235.0
1419 235.0
1420 235.0
1421 235.0
1422 235.0
1423 235.0
1424 235.0
1425 235.0
1426 235.0
1427 235.0
1428 235.0
1429 235.0
1430 235.0
1431 233.866
1432 221.3813
1433 220.134
1434 220.134
1435 220.134
1436 220.134
1437 220.134
1438 219.0
1439 219.0
1440 219.0
1441 219.0
1442 219.0
1443 219.0
1444 219.0
1445 219.0
1446 219.0
1447 219.0
1448 219.0
1449 219.0
1450 219.0
1451 133.85262
1452 119.016754
1453 235.0
1454 28.781477
1455 73.75757
1456 235.0
1457 201.43086
1458 24.231754
1459 79.919174
1460 110.871544
1461 0.0
1462 40.869343
1463 53.936626
1464 219.0
1465 235.0
1466 235.0
1467 235.0
1468 219.0
1469 138.95358
1470 219.0
1471 202.00893
1472 235.0
1473 176.70322
1474 235.0
1475 220.134
1476 125.15754
1477 12.568015
1478 219.0
1479 43.885986
1480 178.01445
1481 159.91393
1482 87.98644
1483 108.043144
1484 69.19368
1485 30.712217
1486 159.92143
1487 219.0
1488 184.50433
1489 219.10214
1490 160.27959
1491 82.16172
1492 34.267998
1493 219.0
1494 196.4289
1495 219.0
1496 0.0
1497 219.0
1498 235.0
1499 130.98543
1500 219.0
1501 315.0
1502 276.0
1503 261.27637
1504 236.134
1505 236.134
1506 236.134
1507 236.134
1508 236.134
1509 235.0
1510 235.0
1511 235.0
1512 235.0
1513 235.0
1514 235.0
1515 235.0
1516 235.0
1517 235.0
1518 235.0
1519 235.0
1520 235.0
1521 235.0
1522 235.0
1523 235.0
1524 235.0
1525 235.0
1526 235.0
1527 235.0
1528 235.0
1529 235.0
1530 235.0
1531 235.0
1532 235.0
1533 235.0
1534 235.0
1535 235.0
1536 235.0
1537 235.0
1538 235.0
1539 233.866
1540 221.3813
1541 220.134
1542 220.134
1543 220.134
1544 220.134
1545 220.134
1546 220.134
1547 219.10214
1548 219.0
1549 219.0
1550 219.0
1551 218.11327
1552 140.26077
1553 44.303658
1554 6.78055
1555 131.13747
1556 94.44429
1557 235.0
1558 124.06129
1559 149.34973
1560 0.0
1561 160.79933
1562 213.9337
1563 235.0
1564 30.866
1565 96.43298
1566 151.38438
1567 185.92775
1568 295.96924
1569 28.597998
1570 168.52495
1571 199.18784
1572 218.4029
1573 236.134
1574 235.0
1575 109.34966
1576 74.62516
1577 43.988956
1578 219.0
1579 219.0
1580 67.1507
1581 219.0
1582 147.89064
1583 31.552944
1584 219.0
1585 28.597998
1586 0.0
1587 56.17188
1588 219.0
1589 131.07486
1590 103.207825
1591 90.24042
1592 14.574501
1593 139.27153
1594 38.61463
1595 219.0
1596 257.93033
1597 37.51744
1598 24.785366
1599 219.0
1600 192.42897
1601 315.0
1602 295.96924
1603 276.0
1604 261.27637
1605 257.93033
1606 236.134
1607 236.134
1608 236.134
1609 236.134
1610 236.134
1611 236.134
1612 235.0
1613 235.0
1614 235.0
1615 235.0
1616 235.0
1617 235.0
1618 235.0
1619 235.0
1620 235.0
1621 235.0
1622 235.0
1623 235.0
1624 235.0
1625 235.0
1626 235.0
1627 235.0
1628 235.0
1629 235.0
1630 235.0
1631 235.0
1632 235.0
1633 235.0
1634 235.0
1635 235.0
1636 235.0
1637 235.0
1638 235.0
1639 235.0
1640 235.0
1641 235.0
1642 235.0
1643 235.0
1644 235.0
1645 233.866
1646 221.3813
1647 220.134
1648 220.134
1649 220.134
1650 220.134
1651 191.05553
1652 235.0
1653 0.0
1654 83.60294
1655 187.69472
1656 109.91767
1657 38.542583
1658 47.057716
1659 61.43062
1660 196.61438
1661 4.9641333
1662 235.0
1663 56.011936
1664 235.0
1665 219.0
1666 66.929405
1667 19.741154
1668 173.59712
1669 219.0
1670 152.11594
1671 38.58419
1672 235.0
1673 22.5191
1674 219.0
1675 61.713047
1676 0.0
1677 27.935516
1678 126.20893
1679 207.6646
1680 219.0
1681 43.515305
1682 235.0
1683 235.0
1684 171.36098
1685 45.911057
1686 49.636093
1687 235.0
1688 10.305542
1689 54.92668
1690 62.048706
1691 219.0
1692 219.0
1693 12.028532
1694 219.0
1695 20.093645
1696 219.0
1697 219.0
1698 37.45466
1699 219.0
1700 169.65286
1701 315.0
1702 295.96924
1703 276.0
1704 261.27637
1705 257.93033
1706 236.134
1707 236.134
1708 236.134
1709 236.134
1710 236.134
1711 236.134
1712 235.0
1713 235.0
1714 235.0
1715 235.0
1716 235.0
1717 235.0
1718 235.0
1719 235.0
1720 235.0
1721 235.0
1722 235.0
1723 235.0
1724 235.0
1725 235.0
1726 235.0
1727 235.0
1728 235.0
1729 235.0
1730 235.0
1731 235.0
1732 235.0
1733 235.0
1734 235.0
1735 235.0
1736 235.0
1737 235.0
1738 235.0
1739 235.0
1740 235.0
1741 235.0
1742 235.0
1743 235.0
1744 235.0
1745 235.0
1746 235.0
1747 235.0
1748 235.0
1749 235.0
1750 235.0
1751 0.0
1752 266.57904
1753 156.05388
1754 205.80011
1755 150.38861
1756 53.670204
1757 25.385368
1758 59.937717
1759 149.61276
1760 191.5195
1761 43.67048
1762 220.134
1763 220.134
1764 45.333454
1765 219.0
1766 60.90094
1767 179.08827
1768 219.0
1769 119.84124
1770 125.06599
1771 170.32913
1772 235.0
1773 235.0
1774 247.13083
1775 77.88035
1776 315.0
1777 219.0
1778 219.0
1779 219.0
1780 123.26966
1781 235.0
1782 170.51657
1783 219.0
1784 219.0
1785 121.405235
1786 236.134
1787 157.95198
1788 219.0
1789 118.30259
1790 236.134
1791 84.45263
1792 57.429264
1793 235.0
1794 172.3807
1795 29.731998
1796 219.0
1797 178.38416
1798 203.32603
1799 236.134
1800 61.137657
1801 315.0
1802 315.0
1803 295.96924
1804 276.0
1805 266.57904
1806 261.27637
1807 257.93033
1808 247.13083
1809 236.134
1810 236.134
1811 236.134
1812 236.134
1813 236.134
1814 236.134
1815 236.134
1816 236.134
1817 236.134
1818 235.0
1819 235.0
1820 235.0
1821 235.0
1822 235.0
1823 235.0
1824 235.0
1825 235.0
1826 235.0
1827 235.0
1828 235.0
1829 235.0
1830 235.0
1831 235.0
1832 235.0
1833 235.0
1834 235.0
1835 235.0
1836 235.0
1837 235.0
1838 235.0
1839 235.0
1840 235.0
1841 235.0
1842 235.0
1843 235.0
1844 235.0
1845 235.0
1846 235.0
1847 235.0
1848 235.0
1849 235.0
1850 235.0
1851 219.40291
1852 130.8918
1853 152.18315
1854 235.0
1855 162.99329
1856 55.807625
1857 219.0
1858 74.40759
1859 25.58792
1860 219.0
1861 31.932367
1862 108.06484
1863 95.83324
1864 181.9561
1865 0.0
1866 120.67865
1867 214.0656
1868 137.65218
1869 36.34663
1870 0.0
1871 235.0
1872 193.26549
1873 220.134
1874 219.0
1875 252.43678
1876 157.60985
1877 225.61462
1878 219.0
1879 62.114624
1880 219.0
1881 219.0
1882 0.0
1883 170.25468
1884 219.0
1885 35.401997
1886 82.090385
1887 88.7715
1888 165.60915
1889 235.0
1890 55.03876
1891 82.01044
1892 170.79662
1893 32.386036
1894 141.15448
1895 169.57446
1896 176.7544
1897 219.0
1898 182.8149
1899 235.0
1900 159.26285
1901 315.0
1902 315.0
1903 295.96924
1904 276.0
1905 266.57904
1906 261.27637
1907 257.93033
1908 252.43678
1909 247.13083
1910 236.134
1911 236.134
1912 236.134
1913 236.134
1914 236.134
1915 236.134
1916 236.134
1917 236.134
1918 236.134
1919 235.0
1920 235.0
1921 235.0
1922 235.0
1923 235.0
1924 235.0
1925 235.0
1926 235.0
1927 235.0
1928 235.0
1929 235.0
1930 235.0
1931 235.0
1932 235.0
1933 235.0
1934 235.0
1935 235.0
1936 235.0
1937 235.0
1938 235.0
1939 235.0
1940 235.0
1941 235.0
1942 235.0
1943 235.0
1944 235.0
1945 235.0
1946 235.0
1947 235.0
1948 235.0
1949 235.0
1950 235.0
1951 261.17633
1952 219.0
1953 235.0
1954 106.132286
1955 235.0
1956 143.25941
1957 315.0
1958 219.0
1959 169.60568
1960 42.854958
1961 219.0
1962 111.46291
1963 120.630844
1964 219.29921
1965 219.0
1966 37.54663
1967 235.0
1968 185.27339
1969 37.841568
1970 32.0
1971 235.0
1972 29.190739
1973 220.134
1974 54.22591
1975 182.74323
1976 178.73665
1977 202.51424
1978 114.92928
1979 155.16728
1980 98.04175
1981 219.0
1982 143.25876
1983 2.2269125
1984 200.99016
1985 32.22151
1986 168.95273
1987 196.97717
1988 158.2038
1989 219.0
1990 192.08415
1991 236.134
1992 219.0
1993 59.79924
1994 219.0
1995 167.00621
1996 178.25594
1997 60.47795
1998 101.90898
1999 201.54446
2000 178.05672
2001 315.0
2002 315.0
2003 315.0
2004 295.96924
2005 276.0
2006 266.57904
2007 261.27637
2008 261.17633
2009 257.93033
2010 252.43678
2011 247.13083
2012 236.134
2013 236.134
2014 236.134
2015 236.134
2016 236.134
2017 236.134
2018 236.134
2019 236.134
2020 236.134
2021 236.134
2022 235.0
2023 235.0
2024 235.0
2025 235.0
2026 235.0
2027 235.0
2028 235.0
2029 235.0
2030 235.0
2031 235.0
2032 235.0
2033 235.0
2034 235.0
2035 235.0
2036 235.0
2037 235.0
2038 235.0
2039 235.0
2040 235.0
2041 235.0
2042 235.0
2043 235.0
2044 235.0
2045 235.0
2046 235.0
2047 235.0
2048 235.0
2049 235.0
2050 235.0
2051 290.7623
2052 159.13997
2053 257.93033
2054 169.64815
2055 235.0
2056 201.76358
2057 61.994503
2058 315.0
2059 0.0
2060 31.830502
2061 235.0
2062 130.41345
2063 219.0
2064 218.68837
2065 219.0
2066 136.99208
2067 235.0631
2068 43.968376
2069 79.86936
2070 219.0
2071 47.552967
2072 236.134
2073 163.84816
2074 161.62111
2075 94.3179
2076 32.93991
2077 38.68063
2078 145.01607
2079 32.600002
2080 58.185173
2081 29.91548
2082 219.0
2083 108.72492
2084 235.0
2085 45.273983
2086 235.0
2087 235.0
2088 219.0
2089 206.736
2090 179.9923
2091 38.01463
2092 176.49933
2093 198.71974
2094 41.43566
2095 219.0
2096 219.0
2097 293.57452
2098 174.90785
2099 19.177118
2100 219.0
2101 315.0
2102 315.0
2103 315.0
2104 315.0
2105 295.96924
2106 293.57452
2107 290.7623
2108 276.0
2109 266.57904
2110 261.27637
2111 261.17633
2112 257.93033
2113 257.93033
2114 252.43678
2115 247.13083
2116 236.134
2117 236.134
2118 236.134
2119 236.134
2120 236.134
2121 236.134
2122 236.134
2123 236.134
2124 236.134
2125 236.134
2126 236.134
2127 235.0631
2128 235.0
2129 235.0
2130 235.0
2131 235.0
2132 235.0
2133 235.0
2134 235.0
2135 235.0
2136 235.0
2137 235.0
2138 235.0
2139 235.0
2140 235.0
2141 235.0
2142 235.0
2143 235.0
2144 235.0
2145 235.0
2146 235.0
2147 235.0
2148 235.0
2149 235.0
2150 235.0
2151 252.75696
2152 235.0
2153 29.665998
2154 219.0
2155 270.07355
2156 220.134
2157 219.0
2158 20.151873
2159 192.43434
2160 30.8
2161 236.134
2162 30.102224
2163 219.0
2164 315.0
2165 219.0
2166 235.0
2167 43.8226
2168 43.388954
2169 202.13167
2170 235.0
2171 95.168304
2172 228.39156
2173 111.26748
2174 174.26491
2175 54.063087
2176 139.91408
2177 312.63037
2178 132.13268
2179 128.43175
2180 219.0
2181 178.14299
2182 93.17398
2183 118.00891
2184 35.618347
2185 175.07199
2186 157.6023
2187 89.80125
2188 109.047676
2189 24.23437
2190 235.0
2191 43.052444
2192 117.76835
2193 197.70033
2194 235.0
2195 30.265999
2196 235.0
2197 42.96715
2198 225.89572
2199 219.0
2200 46.563168
2201 315.0
2202 315.0
2203 315.0
2204 315.0
2205 315.0
2206 312.63037
2207 295.96924
2208 293.57452
2209 290.7623
2210 276.0
2211 270.07355
2212 266.57904
2213 261.27637
2214 261.17633
2215 257.93033
2216 257.93033
2217 252.75696
2218 252.43678
2219 247.13083
2220 236.134
2221 236.134
2222 236.134
2223 236.134
2224 236.134
2225 236.134
2226 236.134
2227 236.134
2228 236.134
2229 236.134
2230 236.134
2231 236.134
2232 235.0631
2233 235.0
2234 235.0
2235 235.0
2236 235.0
2237 235.0
2238 235.0
2239 235.0
2240 235.0
2241 235.0
2242 235.0
2243 235.0
2244 235.0
2245 235.0
2246 235.0
2247 235.0
2248 235.0
2249 235.0
2250 235.0
2251 175.67477
2252 315.0
2253 235.0
2254 219.0
2255 0.0
2256 381.72003
2257 235.0
2258 52.506187
2259 125.94706
2260 177.6258
2261 32.062485
2262 205.64656
2263 55.06249
2264 438.1007
2265 315.0
2266 219.0
2267 219.0
2268 219.0
2269 184.25934
2270 235.0
2271 152.52884
2272 148.2162
2273 236.134
2274 219.0
2275 95.38167
2276 171.875
2277 0.0
2278 235.0
2279 53.057575
2280 219.0
2281 114.144196
2282 143.15831
2283 38.613873
2284 36.733135
2285 109.344574
2286 110.230354
2287 219.0
2288 193.97418
2289 219.0
2290 28.531998
2291 118.91357
2292 333.08765
2293 235.0
2294 212.61865
2295 49.764103
2296 130.51422
2297 219.0
2298 130.3875
2299 219.0
2300 83.88535
2301 438.1007
2302 438.1007
2303 381.72003
2304 333.08765
2305 315.0
2306 315.0
2307 315.0
2308 315.0
2309 315.0
2310 315.0
2311 315.0
2312 312.63037
2313 295.96924
2314 293.57452
2315 290.7623
2316 276.0
2317 270.07355
2318 266.57904
2319 261.27637
2320 261.17633
2321 257.93033
2322 257.93033
2323 252.75696
2324 252.43678
2325 247.13083
2326 236.134
2327 236.134
2328 236.134
2329 236.134
2330 236.134
2331 236.134
2332 236.134
2333 236.134
2334 236.134
2335 236.134
2336 236.134
2337 236.134
2338 236.134
2339 235.0631
2340 235.0
2341 235.0
2342 235.0
2343 235.0
2344 235.0
2345 235.0
2346 235.0
2347 235.0
2348 235.0
2349 235.0
2350 235.0
2351 235.0
2352 82.2379
2353 175.10117
2354 219.0
2355 235.0
2356 134.11269
2357 49.58663
2358 292.05078
2359 219.0
2360 198.34624
2361 219.0
2362 219.0
2363 204.31349
2364 219.0
2365 236.134
2366 132.51219
2367 236.134
2368 258.1294
2369 49.504326
2370 254.42256
2371 24.251366
2372 235.0
2373 235.0
2374 150.1143
2375 39.258316
2376 81.81768
2377 219.0
2378 203.58916
2379 190.04407
2380 65.88845
2381 150.68182
2382 116.40323
2383 235.0
2384 224.82521
2385 215.11607
2386 44.68725
2387 219.0
2388 120.213554
2389 164.9662
2390 115.52571
2391 185.90361
2392 22.373018
2393 254.93112
2394 219.0
2395 215.53027
2396 181.59496
2397 235.0
2398 236.134
2399 37.506615
2400 65.89435
2401 90.77586
2402 438.1007
2403 381.72003
2404 333.08765
2405 315.0
2406 315.0
2407 315.0
2408 315.0
2409 315.0
2410 315.0
2411 315.0
2412 312.63037
2413 295.96924
2414 293.57452
2415 292.05078
2416 290.7623
2417 276.0
2418 270.07355
2419 266.57904
2420 261.27637
2421 261.17633
2422 258.1294
2423 257.93033
2424 257.93033
2425 254.93112
2426 254.42256
2427 252.75696
2428 252.43678
2429 247.13083
2430 236.134
2431 236.134
2432 236.134
2433 236.134
2434 236.134
2435 236.134
2436 236.134
2437 236.134
2438 236.134
2439 236.134
2440 236.134
2441 236.134
2442 236.134
2443 236.134
2444 236.134
2445 236.134
2446 235.0631
2447 235.0
2448 235.0
2449 235.0
2450 235.0
2451 235.0
2452 120.67405
2453 219.0
2454 219.0
2455 21.320885
2456 235.0
2457 235.0
2458 274.10068
2459 3.4693341
2460 40.88263
2461 67.11765
2462 219.0
2463 203.16187
2464 53.511093
2465 219.0
2466 235.0
2467 79.846756
2468 247.30365
2469 268.30133
2470 24.576303
2471 236.134
2472 235.0
2473 219.0
2474 260.44238
2475 219.0
2476 235.0
2477 219.0
2478 235.0
2479 3.4940653
2480 221.268
2481 235.0
2482 219.0
2483 49.694794
2484 219.0
2485 236.134
2486 219.0
2487 27.775984
2488 75.65395
2489 49.726547
2490 58.168465
2491 98.00201
2492 185.97162
2493 39.450825
2494 235.0
2495 79.33608
2496 219.0
2497 36.52787
2498 219.0
2499 201.61873
2500 236.134
2501 134.81596
2502 438.1007
2503 381.72003
2504 333.08765
2505 315.0
2506 315.0
2507 315.0
2508 315.0
2509 315.0
2510 315.0
2511 315.0
2512 312.63037
2513 295.96924
2514 293.57452
2515 292.05078
2516 290.7623
2517 276.0
2518 274.10068
2519 270.07355
2520 268.30133
2521 266.57904
2522 261.27637
2523 261.17633
2524 260.44238
2525 258.1294
2526 257.93033
2527 257.93033
2528 254.93112
2529 254.42256
2530 252.75696
2531 252.43678
2532 247.30365
2533 247.13083
2534 236.134
2535 236.134
2536 236.134
2537 236.134
2538 236.134
2539 236.134
2540 236.134
2541 236.134
2542 236.134
2543 236.134
2544 236.134
2545 236.134
2546 236.134
2547 236.134
2548 236.134
2549 236.134
2550 236.134
2551 236.134
2552 236.134
2553 235.0
2554 236.134
2555 235.0
2556 235.0
2557 214.23271
2558 153.4051
2559 235.0
2560 219.0
2561 219.0
2562 193.61543
2563 179.03598
2564 8.789831
2565 235.0
2566 219.0
2567 39.489555
2568 199.44525
2569 185.63179
2570 235.0
2571 207.81348
2572 28.60389
2573 236.134
2574 193.99542
2575 197.7543
2576 166.04424
2577 219.0
2578 31.4
2579 203.96577
2580 257.98874
2581 235.0
2582 150.02132
2583 236.134
2584 211.21869
2585 185.11855
2586 95.5858
2587 54.766495
2588 235.0
2589 55.644115
2590 235.0
2591 235.0
2592 182.29202
2593 235.0
2594 25.50284
2595 315.0
2596 235.0
2597 23.80564
2598 87.671394
2599 235.0
2600 45.452168
2601 202.44916
2602 438.1007
2603 381.72003
2604 333.08765
2605 315.0
2606 315.0
2607 315.0
2608 315.0
2609 315.0
2610 315.0
2611 315.0
2612 315.0
2613 312.63037
2614 295.96924
2615 293.57452
2616 292.05078
2617 290.7623
2618 276.0
2619 274.10068
2620 270.07355
2621 268.30133
2622 266.57904
2623 261.27637
2624 261.17633
2625 260.44238
2626 258.1294
2627 257.98874
2628 257.93033
2629 257.93033
2630 254.93112
2631 254.42256
2632 252.75696
2633 252.43678
2634 247.30365
2635 247.13083
2636 236.134
2637 236.134
2638 236.134
2639 236.134
2640 236.134
2641 236.134
2642 236.134
2643 236.134
2644 236.134
2645 236.134
2646 236.134
2647 236.134
2648 236.134
2649 236.134
2650 236.134
2651 236.134
2652 267.92535
2653 235.0
2654 236.134
2655 236.134
2656 18.110247
2657 269.45697
2658 235.0
2659 213.68684
2660 235.0
2661 288.75656
2662 180.59975
2663 233.26952
2664 188.54529
2665 235.0
2666 219.0
2667 315.0
2668 147.70326
2669 235.0
2670 235.0
2671 235.0
2672 237.268
2673 54.75105
2674 236.134
2675 198.82417
2676 236.134
2677 212.59296
2678 219.0
2679 148.33301
2680 235.0
2681 269.32767
2682 219.0
2683 235.0
2684 153.69919
2685 3.5768151
2686 219.0
2687 23.65137
2688 68.00808
2689 0.0
2690 235.0
2691 31.334
2692 235.0
2693 219.0
2694 86.61055
2695 235.0
2696 236.134
2697 34.24389
2698 27.330532
2699 235.0
2700 126.01797
2701 267.76813
2702 438.1007
2703 381.72003
2704 333.08765
2705 315.0
2706 315.0
2707 315.0
2708 315.0
2709 315.0
2710 315.0
2711 315.0
2712 315.0
2713 315.0
2714 312.63037
2715 295.96924
2716 293.57452
2717 292.05078
2718 290.7623
2719 288.75656
2720 276.0
2721 274.10068
2722 270.07355
2723 269.45697
2724 269.32767
2725 268.30133
2726 267.92535
2727 267.76813
2728 266.57904
2729 261.27637
2730 261.17633
2731 260.44238
2732 258.1294
2733 257.98874
2734 257.93033
2735 257.93033
2736 254.93112
2737 254.42256
2738 252.75696
2739 252.43678
2740 247.30365
2741 247.13083
2742 237.268
2743 236.134
2744 236.134
2745 236.134
2746 236.134
2747 236.134
2748 236.134
2749 236.134
2750 236.134
2751 236.134
2752 236.134
2753 507.0
2754 235.0
2755 30.866
2756 118.33305
2757 235.0
2758 35.15252
2759 235.0
2760 235.0
2761 414.40967
2762 235.0
2763 235.0
2764 152.72893
2765 235.0
2766 39.215767
2767 25.624775
2768 219.0
2769 95.06721
2770 187.98259
2771 387.8342
2772 219.0
2773 236.134
2774 235.0
2775 252.75696
2776 214.80322
2777 235.0
2778 219.0
2779 20.149265
2780 236.134
2781 173.94029
2782 235.0
2783 235.0
2784 219.0
2785 220.134
2786 219.0
2787 315.0
2788 315.0
2789 235.0
2790 201.51163
2791 236.134
2792 242.81387
2793 108.31103
2794 218.69325
2795 134.37508
2796 235.0
2797 159.76768
2798 316.134
2799 316.134
2800 192.17085
2801 155.99782
2802 507.0
2803 507.0
2804 438.1007
2805 414.40967
2806 387.8342
2807 381.72003
2808 333.08765
2809 316.134
2810 316.134
2811 315.0
2812 315.0
2813 315.0
2814 315.0
2815 315.0
2816 315.0
2817 315.0
2818 315.0
2819 315.0
2820 315.0
2821 315.0
2822 312.63037
2823 295.96924
2824 293.57452
2825 292.05078
2826 290.7623
2827 288.75656
2828 276.0
2829 274.10068
2830 270.07355
2831 269.45697
2832 269.32767
2833 268.30133
2834 267.92535
2835 267.76813
2836 266.57904
2837 261.27637
2838 261.17633
2839 260.44238
2840 258.1294
2841 257.98874
2842 257.93033
2843 257.93033
2844 254.93112
2845 254.42256
2846 252.75696
2847 252.75696
2848 252.43678
2849 247.30365
2850 247.13083
2851 242.81387
2852 237.268
2853 135.43053
2854 235.0
2855 175.20514
2856 219.0
2857 351.09445
2858 235.0
2859 235.0
2860 219.0
2861 235.0
2862 22.98566
2863 236.134
2864 219.0
2865 169.64705
2866 38.48827
2867 219.0
2868 219.0
2869 236.134
2870 219.0
2871 219.0
2872 259.99176
2873 158.297
2874 3.5764947
2875 316.134
2876 236.134
2877 0.0
2878 83.43398
2879 263.19305
2880 217.72856
2881 219.0
2882 236.134
2883 235.0
2884 86.41713
2885 315.0
2886 181.88597
2887 103.760315
2888 235.0
2889 235.0
2890 159.52283
2891 159.31076
2892 219.0
2893 219.0
2894 31.4
2895 219.0
2896 0.0
2897 235.0
2898 235.0
2899 217.91692
2900 0.0
2901 253.89096
2902 315.0
2903 507.0
2904 438.1007
2905 414.40967
2906 387.8342
2907 381.72003
2908 351.09445
2909 333.08765
2910 316.134
2911 316.134
2912 316.134
2913 315.0
2914 315.0
2915 315.0
2916 315.0
2917 315.0
2918 315.0
2919 315.0
2920 315.0
2921 315.0
2922 315.0
2923 315.0
2924 315.0
2925 315.0
2926 312.63037
2927 295.96924
2928 293.57452
2929 292.05078
2930 290.7623
2931 288.75656
2932 276.0
2933 274.10068
2934 270.07355
2935 269.45697
2936 269.32767
2937 268.30133
2938 267.92535
2939 267.76813
2940 266.57904
2941 263.19305
2942 261.27637
2943 261.17633
2944 260.44238
2945 259.99176
2946 258.1294
2947 257.98874
2948 257.93033
2949 257.93033
2950 254.93112
2951 254.42256
2952 253.89096
2953 217.24141
2954 219.0
2955 156.45738
2956 219.0
2957 267.7733
2958 234.63406
2959 236.134
2960 320.32593
2961 235.0
2962 75.784485
2963 128.95395
2964 236.134
2965 219.0
2966 235.0
2967 236.134
2968 219.0
2969 219.0
2970 235.0
2971 219.0
2972 52.296722
2973 219.0
2974 235.0
2975 236.134
2976 219.0
2977 219.0
2978 14.480605
2979 189.8541
2980 236.134
2981 315.0
2982 114.2383
2983 219.0
2984 159.2892
2985 235.0
2986 235.0
2987 235.0
2988 219.0
2989 486.24542
2990 236.134
2991 219.0
2992 131.27573
2993 181.88597
2994 316.134
2995 269.2284
2996 187.86
2997 219.0
2998 128.99207
2999 235.0
3000 235.0
3001 219.0
3002 219.0
3003 507.0
3004 486.24542
3005 438.1007
3006 414.40967
3007 387.8342
3008 381.72003
3009 351.09445
3010 333.08765
3011 320.32593
3012 316.134
3013 316.134
3014 316.134
3015 316.134
3016 315.0
3017 315.0
3018 315.0
3019 315.0
3020 315.0
3021 315.0
3022 315.0
3023 315.0
3024 315.0
3025 315.0
3026 315.0
3027 315.0
3028 315.0
3029 315.0
3030 312.63037
3031 295.96924
3032 293.57452
3033 292.05078
3034 290.7623
3035 288.75656
3036 276.0
3037 274.10068
3038 270.07355
3039 269.45697
3040 269.32767
3041 269.2284
3042 268.30133
3043 267.92535
3044 267.7733
3045 267.76813
3046 266.57904
3047 263.19305
3048 261.27637
3049 261.17633
3050 260.44238
3051 259.99176
3052 258.1294
3053 235.0
3054 343.56024
3055 219.0
3056 150.12428
3057 23.117367
3058 219.0
3059 235.0
3060 235.0
3061 216.19691
3062 235.0
3063 219.0
3064 83.891335
3065 252.75696
3066 159.38284
3067 235.0
3068 207.73953
3069 315.0
3070 264.99615
3071 236.134
3072 25.553652
3073 65.65694
3074 235.0
3075 63.091938
3076 219.0
3077 287.239
3078 219.0
3079 219.0
3080 235.0
3081 219.0
3082 235.0
3083 219.0
3084 236.134
3085 60.730415
3086 64.559746
3087 219.0
3088 202.27158
3089 236.134
3090 246.93697
3091 235.0
3092 163.0723
3093 151.80577
3094 345.1009
3095 219.0
3096 315.0
3097 144.99236
3098 147.19276
3099 236.134
3100 219.0
3101 249.11748
3102 217.866
3103 507.0
3104 486.24542
3105 438.1007
3106 414.40967
3107 387.8342
3108 381.72003
3109 351.09445
3110 345.1009
3111 343.56024
3112 333.08765
3113 320.32593
3114 316.134
3115 316.134
3116 316.134
3117 316.134
3118 315.0
3119 315.0
3120 315.0
3121 315.0
3122 315.0
3123 315.0
3124 315.0
3125 315.0
3126 315.0
3127 315.0
3128 315.0
3129 315.0
3130 315.0
3131 315.0
3132 315.0
3133 315.0
3134 312.63037
3135 295.96924
3136 293.57452
3137 292.05078
3138 290.7623
3139 288.75656
3140 287.239
3141 276.0
3142 274.10068
3143 270.07355
3144 269.45697
3145 269.32767
3146 269.2284
3147 268.30133
3148 267.92535
3149 267.7733
3150 267.76813
3151 266.57904
3152 264.99615
3153 315.0
3154 58.346355
3155 157.38092
3156 235.0
3157 235.0
3158 53.02001
3159 113.649734
3160 235.0
3161 281.10367
3162 315.0
3163 235.0
3164 96.62881
3165 220.134
3166 235.0
3167 235.0
3168 235.0
3169 219.0
3170 219.0
3171 234.5546
3172 219.0
3173 219.0
3174 159.06064
3175 219.0
3176 315.0
3177 235.0
3178 403.84818
3179 219.0
3180 139.03885
3181 252.2861
3182 316.134
3183 231.1296
3184 40.88263
3185 285.10446
3186 14.299883
3187 219.0
3188 236.134
3189 95.90021
3190 16.64433
3191 151.56213
3192 177.92712
3193 237.268
3194 219.0
3195 235.0
3196 219.0
3197 315.0
3198 128.19191
3199 62.51525
3200 249.63374
3201 157.56012
3202 219.0
3203 507.0
3204 486.24542
3205 438.1007
3206 414.40967
3207 403.84818
3208 387.8342
3209 381.72003
3210 351.09445
3211 345.1009
3212 343.56024
3213 333.08765
3214 320.32593
3215 316.134
3216 316.134
3217 316.134
3218 316.134
3219 316.134
3220 315.0
3221 315.0
3222 315.0
3223 315.0
3224 315.0
3225 315.0
3226 315.0
3227 315.0
3228 315.0
3229 315.0
3230 315.0
3231 315.0
3232 315.0
3233 315.0
3234 315.0
3235 315.0
3236 315.0
3237 315.0
3238 315.0
3239 315.0
3240 312.63037
3241 295.96924
3242 293.57452
3243 292.05078
3244 290.7623
3245 288.75656
3246 287.239
3247 285.10446
3248 281.10367
3249 276.0
3250 274.10068
3251 270.07355
3252 269.45697
3253 288.04404
3254 315.0
3255 219.0
3256 171.70781
3257 379.35736
3258 23.117367
3259 235.0
3260 225.89655
3261 235.0
3262 525.89105
3263 26.326258
3264 235.0
3265 235.0
3266 165.84232
3267 128.48688
3268 283.35663
3269 235.0
3270 236.134
3271 219.0
3272 219.0
