1 207.81645
2 0.0
3 108.46472
4 36.064484
5 14.2736635
6 20.439537
7 33.428406
8 52.753662
9 0.0
10 4.287477
11 39.262897
12 0.0
13 0.0
14 0.0
15 61.137657
16 14.453368
17 23.80564
18 26.922737
19 0.0
20 38.676983
21 31.933998
22 0.0
23 125.23597
24 0.0
25 26.102839
26 144.53925
27 31.813253
28 47.732697
29 27.119366
30 29.731998
31 153.30252
32 39.74863
33 0.0
34 28.721783
35 0.0
36 30.932
37 42.069344
38 0.0
39 84.39673
40 0.0
41 0.0
42 36.386753
43 39.863373
44 36.076195
45 2.334
46 0.0
47 33.2
48 6.233007
49 75.1649
50 38.398956
