1 50.95233
2 0.0
3 39.36179
4 66.66785
5 36.88063
6 66.66785
7 50.95233
8 76.64795
9 46.043686
10 122.60768
11 122.60768
12 76.64795
13 32.6
14 32.0
15 26.519365
16 122.60768
17 76.64795
18 45.188545
19 42.97266
20 32.0
21 122.60768
22 76.64795
23 43.95874
24 90.94484
25 29.069517
26 122.60768
27 90.94484
28 88.90155
29 189.44403
30 152.3952
31 189.44403
32 152.3952
33 218.37576
34 152.3313
35 235.0
36 235.0
37 218.37576
38 52.537792
39 219.0
40 38.70893
41 235.0
42 219.0
43 99.52694
44 174.98973
45 60.432487
46 235.0
47 219.0
48 38.61463
49 31.309765
50 8.930078
51 235.0
52 219.0
53 70.384384
54 229.31435
55 216.19878
56 235.0
57 229.31435
58 87.90381
59 219.0
60 73.465225
61 235.0
62 229.31435
63 235.0
64 158.47845
65 62.632507
66 235.0
67 235.0
68 42.46453
69 6.133176
70 49.44229
71 235.0
72 235.0
73 133.65166
74 38.849632
75 39.74863
76 235.0
77 235.0
78 77.3888
79 32.000004
80 117.784134
81 235.0
82 235.0
83 35.23128
84 46.508316
85 0.0
86 235.0
87 235.0
88 89.01573
89 219.0
90 71.517555
91 235.0
92 235.0
93 219.0
94 63.88559
95 84.36853
96 235.0
97 235.0
98 0.0
99 170.9635
100 219.0
101 235.0
102 235.0
103 122.81111
104 84.34795
105 134.03036
106 235.0
107 235.0
108 219.0
109 67.88945
110 219.0
111 235.0
112 235.0
113 219.0
114 60.382233
115 54.254234
116 235.0
117 235.0
118 54.856945
119 106.52839
120 0.0
121 235.0
122 235.0
123 116.46356
124 84.09381
125 59.59253
126 235.0
127 235.0
128 5.701011
129 57.451664
130 43.935543
131 235.0
132 235.0
133 58.78774
134 22.62683
135 0.0
136 235.0
137 235.0
138 73.75757
139 177.94304
140 54.700665
141 235.0
142 235.0
143 60.519524
144 90.27215
145 25.319366
146 235.0
147 235.0
148 52.83002
149 165.40775
150 33.134
151 235.0
152 235.0
153 212.49014
154 147.32289
155 219.0
156 235.0
157 235.0
158 65.64087
159 40.934906
160 32.0
161 235.0
162 235.0
163 72.41389
164 137.00478
165 76.71285
166 235.0
167 235.0
168 110.62282
169 36.8415
170 33.134
171 235.0
172 235.0
173 78.068375
174 89.86362
175 71.33322
176 235.0
177 235.0
178 65.6884
179 0.0
180 64.570114
181 235.0
182 235.0
183 35.0415
184 32.15133
185 131.97498
186 235.0
187 235.0
188 176.22372
189 0.0
190 93.85818
191 235.0
192 235.0
193 166.24542
194 77.977554
195 39.74863
196 235.0
197 235.0
198 68.223045
199 219.0
200 144.33073
201 235.0
202 235.0
203 61.48901
204 219.0
205 34.38628
206 235.0
207 235.0
208 35.401997
209 39.68263
210 67.04386
211 235.0
212 235.0
213 105.29387
214 49.619152
215 38.850822
216 235.0
217 235.0
218 83.16257
219 26.033646
220 30.204704
221 235.0
222 235.0
223 65.86479
224 64.14811
225 50.419865
226 235.0
227 235.0
228 0.0
229 136.39781
230 0.0
231 235.0
232 235.0
233 72.922005
234 54.895638
235 0.0
236 235.0
237 235.0
238 38.61463
239 65.99463
240 65.70857
241 235.0
242 235.0
243 73.78242
244 55.023678
245 159.48993
246 235.0
247 235.0
248 219.0
249 219.0
250 219.0
251 235.0
252 235.0
253 226.10439
254 6.6146307
255 55.128025
256 235.0
257 235.0
258 44.18644
259 219.0
260 34.94825
261 235.0
262 235.0
263 55.073586
264 0.0
265 47.384087
266 235.0
267 235.0
268 93.05398
269 15.025904
270 29.322393
271 235.0
272 235.0
273 64.591835
274 78.18559
275 0.0
276 235.0
277 235.0
278 31.074394
279 90.41512
280 38.850822
281 235.0
282 235.0
283 67.14772
284 219.0
285 54.07669
286 235.0
287 235.0
288 60.145138
289 219.0
290 89.14077
291 235.0
292 235.0
293 219.0
294 89.78069
295 0.0
296 235.0
297 235.0
298 44.1451
299 235.0
300 74.653915
301 235.0
302 235.0
303 53.140266
304 235.0
305 33.068542
306 235.0
307 235.0
308 0.0
309 128.66266
310 24.129435
311 235.0
312 235.0
313 15.021391
314 235.0
315 0.0
316 235.0
317 235.0
318 92.21581
319 0.0
320 0.666
321 235.0
322 235.0
323 130.61987
324 53.824326
325 35.21852
326 235.0
327 235.0
328 59.76028
329 121.38045
330 156.12189
331 235.0
332 235.0
333 219.0
334 163.41533
335 235.0
336 235.0
337 235.0
338 38.850822
339 30.866
340 28.781479
341 235.0
342 235.0
343 147.6049
344 129.57661
345 64.459206
346 235.0
347 235.0
348 52.02499
349 235.0
350 159.59035
351 235.0
352 235.0
353 102.69546
354 235.0
355 32.186745
356 235.0
357 235.0
358 25.350868
359 235.0
360 74.62758
361 235.0
362 235.0
363 23.013132
364 38.61463
365 190.73416
366 235.0
367 235.0
368 54.939587
369 158.60443
370 44.303658
371 235.0
372 235.0
373 46.835644
374 79.335144
375 66.48544
376 235.0
377 235.0
378 233.866
379 138.01909
380 219.0
381 235.0
382 235.0
383 44.095264
384 59.388966
385 219.0
386 235.0
387 235.0
388 43.988956
389 25.766579
390 49.520634
391 235.0
392 235.0
393 37.486523
394 56.757355
395 0.0
396 235.0
397 235.0
398 79.02336
399 52.534832
400 63.7007
401 235.0
402 235.0
403 40.58482
404 64.45563
405 243.02036
406 243.02036
407 235.0
408 207.01627
409 29.889156
410 33.134
411 243.02036
412 235.0
413 33.134
414 79.23738
415 29.79074
416 243.02036
417 235.0
418 235.0
419 78.078865
420 83.42132
421 243.02036
422 235.0
423 119.52042
424 88.87675
425 205.71277
426 243.02036
427 235.0
428 45.87114
429 39.489555
430 20.108023
431 243.02036
432 235.0
433 219.0
434 44.05496
435 48.15213
436 243.02036
437 235.0
438 30.924738
439 192.53137
440 88.678986
441 243.02036
442 235.0
443 229.61357
444 74.053566
445 53.577892
446 243.02036
447 235.0
448 235.0
449 87.47557
450 196.9391
451 243.02036
452 235.0
453 77.88791
454 183.22296
455 37.48063
456 243.02036
457 235.0
458 315.0
459 148.93114
460 7.557355
461 315.0
462 243.02036
463 90.60177
464 219.0
465 52.937847
466 315.0
467 243.02036
468 45.28946
469 33.733997
470 26.959063
471 315.0
472 243.02036
473 79.22049
474 36.57968
475 101.84653
476 315.0
477 243.02036
478 228.38538
479 219.0
480 49.66415
481 315.0
482 243.02036
483 120.18776
484 17.884504
485 43.36094
486 315.0
487 243.02036
488 90.263176
489 219.0
490 49.674656
491 315.0
492 243.02036
493 219.0
494 32.05874
495 5.4137816
496 315.0
497 243.02036
498 196.7032
499 42.25613
500 219.0
501 315.0
502 243.02036
503 66.03499
504 36.40537
505 30.92474
506 315.0
507 243.02036
508 235.0
509 38.61463
510 252.75696
511 315.0
512 252.75696
513 43.169662
514 220.134
515 32.0
516 315.0
517 252.75696
518 170.36353
519 219.0
520 339.78778
521 339.78778
522 315.0
523 213.03963
524 235.0
525 100.77628
526 339.78778
527 315.0
528 202.0705
529 22.737844
530 219.0
531 339.78778
532 315.0
533 232.99515
534 219.0
535 235.0
536 339.78778
537 315.0
538 235.0
539 115.75206
540 207.52344
541 339.78778
542 315.0
543 207.65186
544 219.0
545 219.0
546 339.78778
547 315.0
548 235.0
549 219.0
550 198.631
551 339.78778
552 315.0
553 219.0
554 219.0
555 219.0
556 339.78778
557 315.0
558 193.7306
559 219.0
560 114.17036
561 339.78778
562 315.0
563 208.86926
564 75.42864
565 235.0
566 339.78778
567 315.0
568 219.0
569 13.8427725
570 200.28545
571 339.78778
572 315.0
573 485.28384
574 235.0
575 235.0
576 485.28384
577 485.28384
578 339.78778
579 235.0
580 235.0
581 204.85622
582 485.28384
583 339.78778
584 332.75705
585 332.75705
586 235.0
587 485.28384
588 339.78778
589 69.389694
590 316.134
591 72.11218
592 485.28384
593 339.78778
594 235.0
595 66.433044
596 315.0
597 485.28384
598 339.78778
599 212.2344
600 180.2631
601 219.0
602 485.28384
603 339.78778
604 235.0
605 132.21054
606 219.0
607 485.28384
608 339.78778
609 235.0
610 219.0
611 303.31696
612 485.28384
613 339.78778
614 235.0
615 235.0
616 159.7729
617 485.28384
618 339.78778
619 219.0
620 178.6411
621 219.0
622 485.28384
623 339.78778
624 219.0
625 168.53366
626 343.29688
627 485.28384
628 343.29688
629 0.0
630 219.0
631 4.703404
632 485.28384
633 343.29688
634 235.0
635 45.4509
636 235.0
637 485.28384
638 343.29688
639 170.8356
640 315.0
641 104.18198
642 485.28384
643 343.29688
644 339.1715
645 219.84372
646 315.0
647 485.28384
648 343.29688
649 210.1134
650 219.0
651 235.0
652 485.28384
653 343.29688
654 315.0
655 219.0
656 245.1301
657 485.28384
658 343.29688
659 235.0
660 219.0
661 56.906185
662 485.28384
663 343.29688
664 235.0
665 235.0
666 235.0
667 485.28384
668 343.29688
669 507.0
670 235.1593
671 235.0
672 507.0
673 507.0
674 485.28384
675 315.0
676 235.0
677 235.0
678 507.0
679 485.28384
680 235.0
681 235.0
682 219.0
683 507.0
684 485.28384
685 235.0
686 315.0
687 235.0
688 507.0
689 485.28384
690 235.0
691 219.0
692 235.0
693 507.0
694 485.28384
695 274.10068
696 219.0
697 219.0
698 507.0
699 485.28384
700 270.49356
701 212.38538
702 507.0
703 507.0
704 507.0
705 219.0
706 235.0
707 165.5795
708 507.0
709 507.0
710 235.0
711 315.0
712 235.0
713 507.0
714 507.0
715 235.0
716 235.0
717 235.0
718 507.0
719 507.0
720 39.74863
721 219.0
722 293.181
723 507.0
724 507.0
725 154.3658
726 217.62794
727 175.15239
728 507.0
729 507.0
730 235.0
731 235.0
732 235.0
733 507.0
734 507.0
735 109.714294
736 235.0
737 235.0
738 507.0
739 507.0
740 300.3575
741 235.0
742 212.38538
743 507.0
744 507.0
745 235.0
746 235.0
747 315.0
748 507.0
749 507.0
750 208.98273
751 235.0
752 83.02346
753 507.0
754 507.0
755 507.0
756 219.0
757 316.134
758 507.0
759 507.0
760 235.0
761 315.0
762 69.74736
763 507.0
764 507.0
765 219.0
766 283.83374
767 153.72566
768 507.0
769 507.0
770 235.0
771 219.0
772 235.0
773 507.0
774 507.0
775 235.0
776 235.0
777 160.65544
778 507.0
779 507.0
780 308.77557
781 285.26065
782 219.0
783 507.0
784 507.0
785 315.0
786 269.67004
787 235.0
788 507.0
789 507.0
790 583.17456
791 219.80927
792 235.0
793 583.17456
794 583.17456
795 507.0
796 402.30362
797 235.0
798 200.23349
799 583.17456
800 507.0
801 569.15405
802 164.86528
803 219.0
804 583.17456
805 569.15405
806 297.54904
807 235.0
808 83.39149
809 583.17456
810 569.15405
811 316.134
812 219.0
813 235.0
814 583.17456
815 569.15405
816 409.3063
817 235.0
818 219.0
819 583.17456
820 569.15405
821 235.0
822 235.0
823 219.0
824 583.17456
825 569.15405
826 490.18558
827 235.0
828 235.0
829 583.17456
830 569.15405
831 235.0
832 119.93745
833 219.0
834 583.17456
835 569.15405
836 211.06992
837 214.63748
838 193.81337
839 583.17456
840 569.15405
841 507.0
842 202.9218
843 214.27596
844 583.17456
845 569.15405
846 332.6192
847 194.97754
848 315.0
849 583.17456
850 569.15405
851 235.0
852 123.43171
853 235.0
854 583.17456
855 569.15405
856 428.69287
857 235.0
858 235.0
859 583.17456
860 569.15405
861 507.0
862 193.16618
863 219.0
864 583.17456
865 569.15405
866 297.71405
867 219.0
868 315.0
869 583.17456
870 569.15405
871 235.0
872 219.0
873 101.571106
874 583.17456
875 569.15405
876 235.0
877 235.0
878 197.67433
879 583.17456
880 569.15405
881 345.60782
882 219.0
883 340.19882
884 583.17456
885 569.15405
886 209.78429
887 235.0
888 187.53407
889 583.17456
890 569.15405
891 235.0
892 193.41727
893 235.0
894 583.17456
895 569.15405
896 507.0
897 235.0
898 235.0
899 583.17456
900 569.15405
901 235.0
902 235.0
903 503.9782
904 583.17456
905 569.15405
906 235.0
907 507.0
908 235.0
909 583.17456
910 569.15405
911 200.97513
912 235.0
913 219.0
914 583.17456
915 569.15405
916 235.0
917 235.0
918 235.0
919 583.17456
920 569.15405
921 235.0
922 235.0
923 315.0
924 583.17456
925 569.15405
926 235.0
927 190.21255
928 37.135994
929 583.17456
930 569.15405
931 332.75705
932 340.24036
933 219.0
934 583.17456
935 569.15405
936 235.0
937 235.0
938 235.0
939 583.17456
940 569.15405
941 507.0
942 139.41501
943 315.0
944 583.17456
945 569.15405
946 408.47528
947 219.0
948 332.39774
949 583.17456
950 569.15405
951 315.0
952 235.0
953 281.10367
954 583.17456
955 569.15405
956 415.7737
957 507.14597
958 235.0
959 583.17456
960 569.15405
961 316.134
962 452.0
963 315.0
964 583.17456
965 569.15405
966 235.0
967 235.0
968 235.0
969 583.17456
970 569.15405
971 219.0
972 219.0
973 332.75705
974 583.17456
975 569.15405
976 217.30222
977 507.0
978 235.0
979 583.17456
980 569.15405
981 235.0
982 235.0
983 205.99876
984 583.17456
985 569.15405
986 507.0
987 505.78625
988 591.09515
989 591.09515
990 591.09515
991 583.17456
992 235.0
993 219.0
994 235.0
995 591.09515
996 583.17456
997 219.0
998 315.0
999 117.82203
1000 591.09515
1001 583.17456
1002 507.0
1003 235.0
1004 294.319
1005 591.09515
1006 583.17456
1007 235.0
1008 235.0
1009 507.0
1010 591.09515
1011 583.17456
1012 235.0
1013 315.0
1014 315.0
1015 591.09515
1016 583.17456
1017 603.0
1018 321.61462
1019 315.0
1020 603.0
1021 603.0
1022 591.09515
1023 315.0
1024 269.1182
1025 320.549
1026 603.0
1027 591.09515
1028 132.52766
1029 596.3854
1030 34.09824
1031 603.0
1032 596.3854
1033 235.0
1034 122.16173
1035 95.57085
1036 603.0
1037 596.3854
1038 125.72183
1039 219.0
1040 235.0
1041 603.0
1042 596.3854
1043 235.0
1044 219.0
1045 93.80434
1046 603.0
1047 596.3854
1048 219.0
1049 219.0
1050 235.0
1051 603.0
1052 596.3854
1053 119.58338
1054 235.0
1055 235.0
1056 603.0
1057 596.3854
1058 315.0
1059 603.0
1060 315.0
1061 603.0
1062 603.0
1063 142.95801
1064 235.0
1065 315.0
1066 603.0
1067 603.0
1068 118.933136
1069 235.0
1070 109.921684
1071 603.0
1072 603.0
1073 219.0
1074 216.94525
1075 219.0
1076 603.0
1077 603.0
1078 219.0
1079 315.0
1080 219.0
1081 603.0
1082 603.0
1083 124.08212
1084 219.0
1085 219.0
1086 603.0
1087 603.0
1088 507.0
1089 235.0
1090 235.0
1091 603.0
1092 603.0
1093 142.43564
1094 219.0
1095 136.68462
1096 603.0
1097 603.0
1098 307.6193
1099 507.0
1100 315.0
1101 603.0
1102 603.0
1103 315.0
1104 216.69936
1105 235.0
1106 603.0
1107 603.0
1108 316.134
1109 219.0
1110 235.0
1111 603.0
1112 603.0
1113 315.0
1114 315.0
1115 235.0
1116 603.0
1117 603.0
1118 219.0
1119 469.55206
1120 235.0
1121 603.0
1122 603.0
1123 219.0
1124 699.0
1125 219.0
1126 699.0
1127 699.0
1128 603.0
1129 235.0
1130 235.0
1131 235.0
1132 699.0
1133 603.0
1134 315.0
1135 219.0
1136 507.0
1137 699.0
1138 603.0
1139 219.0
1140 507.0
1141 235.0
1142 699.0
1143 603.0
1144 219.0
1145 103.96924
1146 235.0
1147 699.0
1148 603.0
1149 219.0
1150 507.0
1151 315.0
1152 699.0
1153 603.0
1154 490.6509
1155 235.0
1156 315.0
1157 699.0
1158 603.0
1159 235.0
1160 136.70375
1161 235.0
1162 699.0
1163 603.0
1164 315.0
1165 235.0
1166 604.134
1167 699.0
1168 604.134
1169 315.0
1170 315.0
1171 219.0
1172 699.0
1173 604.134
1174 219.0
1175 219.0
1176 219.0
1177 699.0
1178 604.134
1179 219.0
1180 507.0
1181 219.0
1182 699.0
1183 604.134
1184 235.0
1185 315.0
1186 507.0
1187 699.0
1188 604.134
1189 219.0
1190 235.0
1191 219.0
1192 699.0
1193 604.134
1194 315.0
1195 219.0
1196 219.0
1197 699.0
1198 604.134
1199 219.0
1200 235.0
1201 315.0
1202 699.0
1203 604.134
1204 110.15425
1205 507.0
1206 110.3098
1207 699.0
1208 604.134
1209 141.33586
1210 219.0
1211 315.0
1212 699.0
1213 604.134
1214 507.0
1215 219.0
1216 235.0
1217 699.0
1218 604.134
1219 219.0
1220 235.0
1221 235.0
1222 699.0
1223 604.134
1224 235.0
1225 235.0
1226 235.0
1227 699.0
1228 604.134
1229 507.0
1230 235.0
1231 326.30692
1232 699.0
1233 604.134
1234 315.0
1235 315.0
1236 30.866
1237 699.0
1238 604.134
1239 111.30416
1240 235.0
1241 120.28818
1242 699.0
1243 604.134
1244 235.0
1245 315.0
1246 507.0
1247 699.0
1248 604.134
1249 235.0
1250 235.0
1251 210.36241
1252 699.0
1253 604.134
1254 315.0
1255 507.0
1256 235.0
1257 699.0
1258 604.134
1259 235.0
1260 219.0
1261 219.0
1262 699.0
1263 604.134
1264 315.0
1265 235.0
1266 507.0
1267 699.0
1268 604.134
1269 315.0
1270 235.0
1271 315.0
1272 699.0
1273 604.134
1274 235.0
1275 235.0
1276 315.0
1277 699.0
1278 604.134
1279 235.68248
1280 235.0
1281 235.0
1282 699.0
1283 604.134
1284 228.30618
1285 235.0
1286 235.0
1287 699.0
1288 604.134
1289 235.0
1290 127.623146
1291 219.0
1292 699.0
1293 604.134
1294 235.0
1295 139.47131
1296 219.0
1297 699.0
1298 604.134
1299 235.0
1300 315.0
1301 219.0
1302 699.0
1303 604.134
1304 315.0
1305 235.0
1306 235.0
1307 699.0
1308 604.134
1309 219.0
1310 219.0
1311 235.0
1312 699.0
1313 604.134
1314 235.0
1315 315.0
1316 315.0
1317 699.0
1318 604.134
1319 235.0
1320 235.0
1321 219.0
1322 699.0
1323 604.134
1324 507.0
1325 235.0
1326 483.38965
1327 699.0
1328 604.134
1329 327.03806
1330 235.0
1331 219.0
1332 699.0
1333 604.134
1334 235.0
1335 507.0
1336 507.0
1337 699.0
1338 604.134
1339 62.990383
1340 315.0
1341 95.168
1342 699.0
1343 604.134
1344 699.0
1345 603.0
1346 235.0
1347 699.0
1348 699.0
1349 219.0
1350 603.0
1351 315.0
1352 699.0
1353 699.0
1354 315.0
1355 235.0
1356 235.0
1357 699.0
1358 699.0
1359 507.0
1360 219.0
1361 218.57588
1362 699.0
1363 699.0
1364 603.0
1365 507.87326
1366 38.54863
1367 699.0
1368 699.0
1369 306.7299
1370 235.0
1371 219.0
1372 699.0
1373 699.0
1374 603.0
1375 507.0
1376 315.0
1377 699.0
1378 699.0
1379 507.0
1380 34.173695
1381 315.0
1382 699.0
1383 699.0
1384 123.18814
1385 603.0
1386 201.65471
1387 699.0
1388 699.0
1389 316.134
1390 235.0
1391 315.0
1392 699.0
1393 699.0
1394 315.0
1395 235.0
1396 235.0
1397 699.0
1398 699.0
1399 315.0
1400 235.0
1401 315.0
1402 699.0
1403 699.0
1404 121.3307
1405 315.0
1406 235.0
1407 699.0
1408 699.0
1409 235.0
1410 315.0
1411 235.0
1412 699.0
1413 699.0
1414 235.0
1415 235.0
1416 219.0
1417 699.0
1418 699.0
1419 235.0
1420 235.0
1421 316.134
1422 699.0
1423 699.0
1424 37.41463
1425 235.0
1426 235.0
1427 699.0
1428 699.0
1429 315.0
1430 235.0
1431 235.0
1432 699.0
1433 699.0
1434 315.0
1435 235.0
1436 699.0
1437 699.0
1438 699.0
1439 235.0
1440 507.0
1441 219.0
1442 699.0
1443 699.0
1444 219.0
1445 332.13742
1446 220.134
1447 699.0
1448 699.0
1449 315.0
1450 235.0
1451 235.0
1452 699.0
1453 699.0
1454 507.0
1455 507.0
1456 219.0
1457 699.0
1458 699.0
1459 220.134
1460 235.0
1461 315.0
1462 699.0
1463 699.0
1464 507.0
1465 219.0
1466 219.0
1467 699.0
1468 699.0
1469 219.0
1470 235.0
1471 219.0
1472 699.0
1473 699.0
1474 207.46167
1475 235.0
1476 235.0
1477 699.0
1478 699.0
1479 315.0
1480 219.0
1481 315.0
1482 699.0
1483 699.0
1484 315.0
1485 1276.134
1486 219.0
