1 195.06984
2 195.06984
3 195.06984
4 195.06984
5 195.06984
6 0.0
7 0.0
8 0.0
9 0.0
10 0.0
11 0.0
12 0.0
13 0.0
14 0.0
15 0.0
16 16.100683
17 16.100683
18 16.100683
19 16.100683
20 16.100683
21 14.36935
22 0.0
23 0.0
24 0.0
25 0.0
26 0.0
27 0.0
28 0.0
29 0.0
30 0.0
31 0.0
32 0.0
33 0.0
34 0.0
35 0.0
36 94.594795
37 94.594795
38 94.594795
39 94.594795
40 94.594795
41 12.522806
42 12.522806
43 12.522806
44 12.522806
45 12.522806
46 8.975541
47 8.975541
48 8.975541
49 8.975541
50 8.975541
51 188.57942
52 188.57942
53 188.57942
54 188.57942
55 188.57942
56 75.07012
57 75.07012
58 75.07012
59 75.07012
60 75.07012
61 27.84859
62 27.84859
63 27.84859
64 27.84859
65 27.84859
66 10.662802
67 10.662802
68 10.662802
69 10.662802
70 10.662802
71 185.92876
72 185.92876
73 185.92876
74 185.92876
75 185.92876
76 254.00932
77 254.00932
78 254.00932
79 254.00932
80 254.00932
81 122.75673
82 122.75673
83 122.75673
84 122.75673
85 122.75673
86 0.0
87 0.0
88 0.0
89 0.0
90 0.0
91 203.0
92 203.0
93 203.0
94 203.0
95 203.0
96 73.91483
97 73.91483
98 73.91483
99 73.91483
100 73.91483
101 0.0
102 0.0
103 0.0
104 0.0
105 0.0
106 109.09289
107 109.09289
108 109.09289
109 109.09289
110 109.09289
111 14.451838
112 14.451838
113 14.451838
114 14.451838
115 14.451838
116 0.0
117 0.0
118 0.0
119 0.0
120 0.0
121 0.0
122 0.0
123 0.0
124 0.0
125 0.0
126 25.24571
127 25.24571
128 25.24571
129 25.24571
130 25.24571
131 1.7340001
132 1.7340001
133 1.7340001
134 1.7340001
135 1.7340001
136 0.0
137 0.0
138 0.0
139 0.0
140 0.0
141 0.0
142 0.0
143 0.0
144 0.0
145 0.0
146 254.50397
147 254.50397
148 254.50397
149 254.50397
150 254.50397
151 97.92458
152 97.92458
153 97.92458
154 97.92458
155 97.92458
156 132.67789
157 132.67789
158 132.67789
159 132.67789
160 132.67789
161 191.75247
162 191.75247
163 191.75247
164 191.75247
165 191.75247
166 38.343586
167 38.343586
168 38.343586
169 38.343586
170 38.343586
171 114.326836
172 114.326836
173 114.326836
174 114.326836
175 114.326836
176 42.420464
177 42.420464
178 42.420464
179 42.420464
180 42.420464
181 48.3907
182 48.3907
183 48.3907
184 48.3907
185 48.3907
186 11.938773
187 11.938773
188 11.938773
189 11.938773
190 11.938773
191 0.0
192 0.0
193 0.0
194 0.0
195 0.0
196 0.0
197 0.0
198 0.0
199 0.0
200 0.0
201 0.0
202 0.0
203 0.0
204 0.0
205 0.0
206 140.2552
207 140.2552
208 140.2552
209 140.2552
210 140.2552
211 15.878571
212 15.878571
213 15.878571
214 15.878571
215 15.878571
216 1.1340001
217 1.1340001
218 1.1340001
219 1.1340001
220 1.1340001
221 0.0
222 0.0
223 0.0
224 0.0
225 0.0
226 31.9597
227 31.9597
228 31.9597
229 31.9597
230 31.9597
231 4.8118253
232 4.8118253
233 4.8118253
234 4.8118253
235 4.8118253
236 101.00748
237 101.00748
238 101.00748
239 101.00748
240 101.00748
241 66.305
242 66.305
243 66.305
244 66.305
245 66.305
246 1.0899866
247 1.0899866
248 1.0899866
249 1.0899866
250 1.0899866
251 50.112312
252 50.112312
253 50.112312
254 50.112312
255 50.112312
256 0.0
257 0.0
258 0.0
259 0.0
260 0.0
261 0.6
262 0.6
263 0.6
264 0.6
265 0.6
266 28.78052
267 28.78052
268 28.78052
269 28.78052
270 28.78052
271 69.984924
272 69.984924
273 69.984924
274 69.984924
275 69.984924
276 201.01689
277 201.01689
278 201.01689
279 201.01689
280 201.01689
281 30.664742
282 30.664742
283 30.664742
284 30.664742
285 30.664742
286 26.322542
287 26.322542
288 26.322542
289 26.322542
290 26.322542
291 313.40045
292 313.40045
293 313.40045
294 313.40045
295 313.40045
296 108.434746
297 108.434746
298 108.434746
299 108.434746
300 108.434746
301 219.0
302 219.0
303 219.0
304 219.0
305 219.0
306 49.90709
307 49.90709
308 49.90709
309 49.90709
310 49.90709
311 212.42229
312 212.42229
313 212.42229
314 212.42229
315 212.42229
316 133.04965
317 133.04965
318 133.04965
319 133.04965
320 133.04965
321 52.100803
322 91.28246
323 91.28246
324 91.28246
325 91.28246
326 15.293022
327 15.293022
328 15.293022
329 15.293022
330 15.293022
331 128.39447
332 128.39447
333 128.39447
334 128.39447
335 128.39447
336 132.23946
337 132.23946
338 132.23946
339 132.23946
340 132.23946
341 152.51501
342 152.51501
343 152.51501
344 152.51501
345 152.51501
346 155.0
347 184.97202
348 155.0
349 184.97202
350 155.0
351 105.39901
352 105.39901
353 105.39901
354 105.39901
355 105.39901
356 27.956108
357 27.956108
358 27.956108
359 27.956108
360 27.956108
361 5.047311
362 5.047311
363 5.047311
364 5.047311
365 5.047311
366 363.6
367 363.6
368 363.6
369 363.6
370 363.6
371 0.0
372 0.0
373 0.0
374 0.0
375 0.0
376 190.88882
377 190.88882
378 190.88882
379 190.88882
380 190.88882
381 109.33213
382 109.33213
383 109.33213
384 109.33213
385 109.33213
386 155.0
387 155.0
388 155.0
389 155.0
390 155.0
391 155.0
392 155.0
393 155.0
394 155.0
395 155.0
396 0.0
397 0.0
398 0.0
399 0.0
400 0.0
401 119.21672
402 119.21672
403 119.21672
404 119.21672
405 119.21672
406 0.0
407 0.0
408 0.0
409 0.0
410 0.0
411 0.96496725
412 0.96496725
413 0.96496725
414 0.96496725
415 0.96496725
416 187.0
417 187.0
418 187.0
419 187.0
420 187.0
421 219.0
422 219.0
423 219.0
424 219.0
425 219.0
426 183.65674
427 183.65674
428 183.65674
429 183.65674
430 183.65674
431 219.0
432 219.0
433 219.0
434 219.0
435 219.0
436 244.0
437 244.0
438 244.0
439 244.0
440 244.0
441 155.0
442 155.0
443 155.0
444 155.0
445 155.0
446 28.544725
447 28.544725
448 28.544725
449 28.544725
450 28.544725
451 7.941743
452 7.941743
453 7.941743
454 7.941743
455 7.941743
456 4.064483
457 4.064483
458 4.064483
459 4.064483
460 4.064483
461 0.0
462 0.0
463 0.0
464 0.0
465 0.0
466 126.44022
467 126.44022
468 126.44022
469 126.44022
470 126.44022
471 155.0
472 155.0
473 155.0
474 155.0
475 155.0
476 164.0
477 164.0
478 164.0
479 164.0
480 164.0
481 3.2633522
482 3.2633522
483 3.2633522
484 3.2633522
485 3.2633522
486 27.691282
487 27.691282
488 27.691282
489 27.691282
490 27.691282
491 150.76367
492 150.76367
493 150.76367
494 150.76367
495 150.76367
496 41.57707
497 41.57707
498 41.57707
499 41.57707
500 41.57707
501 21.652252
502 21.652252
503 21.652252
504 21.652252
505 21.652252
506 53.388496
507 53.388496
508 53.388496
509 53.388496
510 53.388496
511 347.0
512 347.0
513 347.0
514 347.0
515 347.0
516 64.06682
517 64.06682
518 64.06682
519 64.06682
520 64.06682
521 13.004929
522 13.004929
523 13.004929
524 13.004929
525 13.004929
526 29.554384
527 29.554384
528 29.554384
529 29.554384
530 29.554384
531 155.0
532 155.0
533 155.0
534 155.0
535 155.0
536 135.17368
537 135.17368
538 135.17368
539 135.17368
540 135.17368
541 0.0
542 0.0
543 0.0
544 0.0
545 0.0
546 0.0
547 0.0
548 0.0
549 0.0
550 0.0
551 160.95833
552 160.95833
553 160.95833
554 160.95833
555 160.95833
556 123.19783
557 123.19783
558 123.19783
559 123.19783
560 123.19783
561 0.0
562 0.0
563 0.0
564 0.0
565 0.0
566 0.63822764
567 0.63822764
568 0.63822764
569 0.63822764
570 0.63822764
571 155.0
572 155.0
573 155.0
574 155.0
575 155.0
576 14.368393
577 14.368393
578 14.368393
579 14.368393
580 14.368393
581 76.80611
582 76.80611
583 76.80611
584 76.80611
585 76.80611
586 0.0
587 0.0
588 0.0
589 0.0
590 0.0
591 171.16223
592 171.16223
593 171.16223
594 171.16223
595 171.16223
596 8.570867
597 8.570867
598 8.570867
599 8.570867
600 8.570867
601 260.13815
602 260.13815
603 260.13815
604 260.13815
605 260.13815
606 348.9418
607 348.9418
608 348.9418
609 348.9418
610 348.9418
611 175.64879
612 175.64879
613 175.64879
614 175.64879
615 175.64879
616 267.6
617 267.6
618 267.6
619 267.6
620 267.6
621 231.30107
622 231.30107
623 231.30107
624 231.30107
625 231.30107
626 437.42673
627 437.42673
628 437.42673
629 437.42673
630 437.42673
631 387.6673
632 387.6673
633 387.6673
634 387.6673
635 387.6673
636 379.9898
637 379.9898
638 379.9898
639 379.9898
640 379.9898
641 439.0972
642 439.0972
643 439.0972
644 439.0972
645 439.0972
646 60.632755
647 60.632755
648 60.632755
649 60.632755
650 60.632755
651 217.57565
652 217.57565
653 217.57565
654 217.57565
655 217.57565
656 0.0
657 0.0
658 0.0
659 0.0
660 0.0
661 17.285864
662 17.285864
663 17.285864
664 17.285864
665 17.285864
666 58.154224
667 58.154224
668 58.154224
669 58.154224
670 58.154224
671 37.556442
672 37.556442
673 37.556442
674 37.556442
675 37.556442
676 28.862736
677 28.862736
678 28.862736
679 28.862736
680 28.862736
681 0.0
682 0.0
683 0.0
684 0.0
685 0.0
686 30.866
687 30.866
688 30.866
689 30.866
690 30.866
691 48.33617
692 48.33617
693 48.33617
694 48.33617
695 48.33617
696 64.29342
697 42.697056
698 42.697056
699 42.697056
700 42.697056
701 396.72845
702 396.72845
703 396.72845
704 396.72845
705 396.72845
706 0.0
707 0.0
708 0.0
709 0.0
710 0.0
711 323.5391
712 323.5391
713 323.5391
714 323.5391
715 323.5391
716 155.614
717 155.614
718 155.614
719 155.614
720 155.614
721 302.40137
722 302.40137
723 302.40137
724 302.40137
725 302.40137
726 216.41457
727 216.41457
728 216.41457
729 216.41457
730 216.41457
731 267.0
732 267.0
733 267.0
734 267.0
735 267.0
736 424.57324
737 424.57324
738 424.57324
739 424.57324
740 424.57324
741 0.0
742 0.0
743 0.0
744 0.0
745 0.0
746 302.74832
747 302.74832
748 302.74832
749 302.74832
750 302.74832
751 267.0
752 267.0
753 267.0
754 267.0
755 267.0
756 238.0833
757 238.0833
758 238.0833
759 238.0833
760 238.0833
761 374.09793
762 374.09793
763 374.09793
764 374.09793
765 374.09793
766 0.0
767 0.0
768 0.0
769 0.0
770 0.0
771 386.7513
772 386.7513
773 386.7513
774 386.7513
775 386.7513
776 267.0
777 267.0
778 267.0
779 267.0
780 267.0
781 27.12972
782 27.12972
783 27.12972
784 27.12972
785 27.12972
786 76.779305
787 76.779305
788 76.779305
789 76.779305
790 76.779305
791 302.1613
792 302.1613
793 302.1613
794 302.1613
795 302.1613
796 492.37155
797 492.37155
798 492.37155
799 492.37155
800 492.37155
801 243.06763
802 243.06763
803 243.06763
804 243.06763
805 243.06763
806 267.6
807 267.6
808 267.6
809 267.6
810 267.6
811 16.057383
812 16.057383
813 16.057383
814 16.057383
815 16.057383
816 407.11813
817 407.11813
818 407.11813
819 407.11813
820 407.11813
821 14.368393
822 14.368393
823 14.368393
824 14.368393
825 14.368393
826 0.0
827 0.0
828 0.0
829 0.0
830 0.0
831 267.6
832 267.6
833 267.6
834 267.6
835 267.6
836 395.0408
837 395.0408
838 395.0408
839 395.0408
840 395.0408
841 377.30823
842 377.30823
843 377.30823
844 377.30823
845 377.30823
846 29.849674
847 1.7881393E-7
848 1.7881393E-7
849 1.7881393E-7
850 1.7881393E-7
851 379.13144
852 379.13144
853 379.13144
854 379.13144
855 379.13144
856 267.0
857 267.0
858 267.0
859 267.0
860 267.0
861 16.317633
862 16.317633
863 16.317633
864 16.317633
865 16.317633
866 0.0
867 0.0
868 0.0
869 0.0
870 0.0
871 284.36145
872 284.36145
873 284.36145
874 284.36145
875 284.36145
876 253.57208
877 253.57208
878 253.57208
879 253.57208
880 253.57208
881 0.0
882 0.0
883 0.0
884 0.0
885 0.0
886 126.533676
887 126.533676
888 126.533676
889 126.533676
890 126.533676
891 166.44775
892 166.44775
893 166.44775
894 166.44775
895 166.44775
896 87.73671
897 87.73671
898 87.73671
899 87.73671
900 87.73671
901 247.25468
902 247.25468
903 247.25468
904 247.25468
905 247.25468
906 63.08775
907 63.08775
908 63.08775
909 63.08775
910 63.08775
911 462.527
912 462.527
913 462.527
914 462.527
915 462.527
916 230.74065
917 230.74065
918 230.74065
919 230.74065
920 230.74065
921 223.86667
922 223.86667
923 223.86667
924 223.86667
925 223.86667
926 162.56386
927 162.56386
928 162.56386
929 162.56386
930 162.56386
931 250.02959
932 250.02959
933 250.02959
934 250.02959
935 250.02959
936 243.86505
937 243.86505
938 243.86505
939 243.86505
940 243.86505
941 247.82904
942 247.82904
943 247.82904
944 247.82904
945 247.82904
946 114.7507
947 114.7507
948 114.7507
949 114.7507
950 114.7507
951 212.94066
952 212.94066
953 212.94066
954 212.94066
955 212.94066
956 51.526237
957 51.526237
958 51.526237
959 51.526237
960 51.526237
961 36.424976
962 36.424976
963 36.424976
964 36.424976
965 36.424976
966 16.763672
967 16.763672
968 16.763672
969 16.763672
970 16.763672
971 74.057304
972 74.057304
973 74.057304
974 74.057304
975 74.057304
976 134.98375
977 134.98375
978 134.98375
979 134.98375
980 134.98375
981 30.876238
982 30.876238
983 30.876238
984 30.876238
985 30.876238
986 121.42941
987 121.42941
988 121.42941
989 121.42941
990 121.42941
991 124.725876
992 124.725876
993 124.725876
994 124.725876
995 124.725876
996 217.11809
997 217.11809
998 217.11809
999 217.11809
1000 217.11809
1001 0.0
1002 0.0
1003 0.0
1004 0.0
1005 0.0
1006 143.60336
1007 143.60336
1008 143.60336
1009 143.60336
1010 143.60336
1011 142.31813
1012 142.31813
1013 142.31813
1014 142.31813
1015 142.31813
1016 117.64597
1017 117.64597
1018 117.64597
1019 117.64597
1020 117.64597
1021 156.90744
1022 156.90744
1023 156.90744
1024 156.90744
1025 156.90744
1026 161.57027
1027 161.57027
1028 161.57027
1029 161.57027
1030 161.57027
1031 99.45514
1032 99.45514
1033 99.45514
1034 99.45514
1035 99.45514
1036 237.95412
1037 237.95412
1038 237.95412
1039 237.95412
1040 237.95412
1041 88.464584
1042 136.25241
1043 88.464584
1044 136.25241
1045 88.464584
1046 474.87408
1047 474.87408
1048 474.87408
1049 474.87408
1050 474.87408
1051 103.68251
1052 103.68251
1053 103.68251
1054 103.68251
1055 103.68251
1056 419.02814
1057 419.02814
1058 419.02814
1059 419.02814
1060 419.02814
1061 105.35968
1062 105.35968
1063 105.35968
1064 105.35968
1065 105.35968
1066 0.0
1067 0.0
1068 0.0
1069 0.0
1070 0.0
1071 138.88045
1072 138.88045
1073 138.88045
1074 138.88045
1075 138.88045
1076 99.813705
1077 99.813705
1078 99.813705
1079 99.813705
1080 99.813705
1081 16.647188
1082 16.647188
1083 16.647188
1084 16.647188
1085 16.647188
1086 251.0
1087 251.0
1088 251.0
1089 251.0
1090 251.0
1091 63.049126
1092 63.049126
1093 63.049126
1094 63.049126
1095 63.049126
1096 153.05005
1097 153.05005
1098 153.05005
1099 153.05005
1100 153.05005
1101 90.33055
1102 90.33055
1103 90.33055
1104 90.33055
1105 90.33055
1106 163.34608
1107 163.34608
1108 163.34608
1109 163.34608
1110 163.34608
1111 181.35954
1112 181.35954
1113 181.35954
1114 181.35954
1115 181.35954
1116 223.8052
1117 223.8052
1118 223.8052
1119 223.8052
1120 223.8052
1121 0.0
1122 0.0
1123 0.0
1124 0.0
1125 0.0
1126 234.80199
1127 234.80199
1128 234.80199
1129 234.80199
1130 234.80199
1131 49.03788
1132 49.03788
1133 49.03788
1134 49.03788
1135 49.03788
1136 69.73456
1137 69.73456
1138 69.73456
1139 69.73456
1140 69.73456
1141 0.0
1142 0.0
1143 0.0
1144 0.0
1145 0.0
1146 124.88792
1147 124.88792
1148 124.88792
1149 124.88792
1150 124.88792
1151 234.4425
1152 234.4425
1153 234.4425
1154 234.4425
1155 234.4425
1156 68.965645
1157 68.965645
1158 68.965645
1159 68.965645
1160 68.965645
1161 148.5627
1162 148.5627
1163 148.5627
1164 148.5627
1165 148.5627
1166 33.117485
1167 33.117485
1168 33.117485
1169 33.117485
1170 33.117485
1171 83.7191
1172 83.7191
1173 83.7191
1174 83.7191
1175 83.7191
1176 213.66624
1177 213.66624
1178 213.66624
1179 213.66624
1180 213.66624
1181 92.19893
1182 92.19893
1183 92.19893
1184 92.19893
1185 92.19893
1186 0.9451838
1187 0.9451838
1188 0.9451838
1189 0.9451838
1190 0.9451838
1191 241.54564
1192 241.54564
1193 241.54564
1194 241.54564
1195 241.54564
1196 0.0
1197 0.0
1198 0.0
1199 0.0
1200 0.0
1201 162.17572
1202 162.17572
1203 162.17572
1204 162.17572
1205 162.17572
1206 294.76465
1207 294.76465
1208 294.76465
1209 294.76465
1210 294.76465
1211 278.09927
1212 278.09927
1213 278.09927
1214 278.09927
1215 278.09927
1216 139.17223
1217 139.17223
1218 139.17223
1219 139.17223
1220 139.17223
1221 132.61438
1222 132.61438
1223 132.61438
1224 132.61438
1225 132.61438
1226 204.134
1227 204.134
1228 204.134
1229 204.134
1230 204.134
1231 97.16343
1232 97.16343
1233 97.16343
1234 97.16343
1235 97.16343
1236 176.94354
1237 176.94354
1238 176.94354
1239 176.94354
1240 176.94354
1241 139.36536
1242 139.36536
1243 139.36536
1244 139.36536
1245 139.36536
1246 115.99808
1247 115.99808
1248 115.99808
1249 115.99808
1250 115.99808
1251 235.6
1252 235.6
1253 235.6
1254 235.6
1255 235.6
1256 0.6
1257 0.6
1258 0.6
1259 0.6
1260 0.6
1261 105.45072
1262 105.45072
1263 105.45072
1264 105.45072
1265 105.45072
1266 3.579019
1267 3.579019
1268 3.579019
1269 3.579019
1270 3.579019
1271 419.02863
1272 419.02863
1273 419.02863
1274 419.02863
1275 419.02863
1276 103.87785
1277 103.46859
1278 103.46859
1279 103.46859
1280 103.46859
1281 79.62206
1282 79.62206
1283 79.62206
1284 79.62206
1285 79.62206
1286 247.63536
1287 247.63536
1288 247.63536
1289 247.63536
1290 247.63536
1291 198.97684
1292 198.97684
1293 198.97684
1294 198.97684
1295 198.97684
1296 113.16326
1297 113.16326
1298 113.16326
1299 113.16326
1300 113.16326
1301 256.69778
1302 256.69778
1303 256.69778
1304 256.69778
1305 256.69778
1306 389.2242
1307 389.2242
1308 389.2242
1309 389.2242
1310 389.2242
1311 104.499794
1312 104.499794
1313 104.499794
1314 104.499794
1315 104.499794
1316 249.93268
1317 249.93268
1318 249.93268
1319 249.93268
1320 249.93268
1321 120.92034
1322 120.92034
1323 120.92034
1324 120.92034
1325 120.92034
1326 6.316826
1327 6.316826
1328 6.316826
1329 6.316826
1330 6.316826
1331 66.22719
1332 66.22719
1333 66.22719
1334 66.22719
1335 66.22719
1336 0.0
1337 0.0
1338 0.0
1339 0.0
1340 0.0
1341 0.0
1342 0.0
1343 0.0
1344 0.0
1345 0.0
1346 196.15845
1347 196.15845
1348 196.15845
1349 196.15845
1350 196.15845
1351 0.53400004
1352 0.53400004
1353 0.53400004
1354 0.53400004
1355 0.53400004
1356 315.0
1357 315.0
1358 315.0
1359 315.0
1360 315.0
1361 100.85838
1362 100.85838
1363 100.85838
1364 100.85838
1365 100.85838
1366 411.446
1367 411.446
1368 411.446
1369 411.446
1370 411.446
1371 228.94035
1372 228.94035
1373 228.94035
1374 228.94035
1375 228.94035
1376 263.712
1377 263.712
1378 263.712
1379 263.712
1380 263.712
1381 86.82717
1382 86.82717
1383 86.82717
1384 86.82717
1385 86.82717
1386 315.0
1387 315.0
1388 315.0
1389 315.0
1390 315.0
1391 203.0
1392 203.0
1393 203.0
1394 203.0
1395 203.0
1396 125.5081
1397 125.5081
1398 125.5081
1399 125.5081
1400 125.5081
1401 72.64525
1402 72.64525
1403 72.64525
1404 72.64525
1405 72.64525
1406 203.0
1407 203.0
1408 203.0
1409 203.0
1410 203.0
1411 35.41357
1412 35.41357
1413 35.41357
1414 35.41357
1415 35.41357
1416 427.0
1417 427.0
1418 427.0
1419 427.0
1420 427.0
1421 0.0
1422 0.0
1423 0.0
1424 0.0
1425 0.0
1426 231.75816
1427 231.75816
1428 231.75816
1429 231.75816
1430 231.75816
1431 203.0
1432 203.0
1433 203.0
1434 203.0
1435 203.0
1436 94.54302
1437 94.54302
1438 94.54302
1439 94.54302
1440 94.54302
1441 90.69649
1442 90.69649
1443 90.69649
1444 90.69649
1445 90.69649
1446 203.0
1447 203.0
1448 203.0
1449 203.0
1450 203.0
1451 151.84512
1452 151.84512
1453 151.84512
1454 151.84512
1455 151.84512
1456 100.11891
1457 100.11891
1458 100.11891
1459 100.11891
1460 100.11891
1461 0.6
1462 0.6
1463 0.6
1464 0.6
1465 0.6
1466 140.72206
1467 140.72206
1468 140.72206
1469 140.72206
1470 140.72206
1471 203.0
1472 203.0
1473 203.0
1474 203.0
1475 203.0
1476 315.0
1477 315.0
1478 315.0
1479 315.0
1480 315.0
1481 24.438671
1482 24.438671
1483 24.438671
1484 24.438671
1485 24.438671
1486 70.24118
1487 70.24118
1488 70.24118
1489 70.24118
1490 70.24118
1491 16.07619
1492 16.07619
1493 16.07619
1494 16.07619
1495 16.07619
1496 173.93951
1497 173.93951
1498 173.93951
1499 173.93951
1500 173.93951
1501 171.0
1502 171.0
1503 171.0
1504 171.0
1505 171.0
1506 346.7069
1507 346.7069
1508 346.7069
1509 346.7069
1510 346.7069
1511 185.4936
1512 185.4936
1513 185.4936
1514 185.4936
1515 185.4936
1516 363.0
1517 363.0
1518 363.0
1519 363.0
1520 363.0
1521 171.0
1522 348.43533
1523 348.43533
1524 348.43533
1525 348.43533
1526 363.0
1527 363.0
1528 363.0
1529 363.0
1530 363.0
1531 235.0
1532 235.0
1533 235.0
1534 235.0
1535 235.0
1536 169.64517
1537 169.64517
1538 169.64517
1539 169.64517
1540 169.64517
1541 345.72232
1542 345.72232
1543 345.72232
1544 345.72232
1545 345.72232
1546 144.87338
1547 144.87338
1548 144.87338
1549 144.87338
1550 144.87338
1551 103.89362
1552 34.636543
1553 34.636543
1554 34.636543
1555 34.636543
1556 123.763435
1557 123.763435
1558 123.763435
1559 123.763435
1560 123.763435
1561 159.52078
1562 159.52078
1563 159.52078
1564 159.52078
1565 159.52078
1566 393.5296
1567 393.5296
1568 393.5296
1569 393.5296
1570 393.5296
1571 120.534256
1572 120.534256
1573 120.534256
1574 120.534256
1575 120.534256
1576 144.31026
1577 144.31026
1578 144.31026
1579 144.31026
1580 144.31026
1581 136.56778
1582 136.56778
1583 136.56778
1584 136.56778
1585 136.56778
1586 347.04175
1587 347.04175
1588 347.04175
1589 347.04175
1590 347.04175
1591 186.25148
1592 186.25148
1593 186.25148
1594 186.25148
1595 186.25148
1596 58.92994
1597 58.92994
1598 58.92994
1599 58.92994
1600 58.92994
1601 235.0
1602 235.0
1603 235.0
1604 235.0
1605 235.0
1606 52.51722
1607 52.51722
1608 52.51722
1609 52.51722
1610 52.51722
1611 40.041676
1612 40.041676
1613 40.041676
1614 40.041676
1615 40.041676
1616 369.9899
1617 369.9899
1618 369.9899
1619 369.9899
1620 369.9899
1621 235.0
1622 235.0
1623 235.0
1624 235.0
1625 235.0
1626 236.134
1627 236.134
1628 236.134
1629 236.134
1630 236.134
1631 5.3755016
1632 5.3755016
1633 5.3755016
1634 5.3755016
1635 5.3755016
1636 0.0
1637 0.0
1638 0.0
1639 0.0
1640 0.0
1641 171.0
1642 171.0
1643 171.0
1644 171.0
1645 171.0
1646 363.0
1647 363.0
1648 363.0
1649 363.0
1650 363.0
1651 179.88852
1652 179.88852
1653 179.88852
1654 179.88852
1655 179.88852
1656 130.26917
1657 130.26917
1658 130.26917
1659 130.26917
1660 130.26917
1661 158.39099
1662 203.0
1663 158.39099
1664 203.0
1665 158.39099
1666 188.35956
1667 188.35956
1668 188.35956
1669 188.35956
1670 188.35956
1671 357.07822
1672 357.07822
1673 357.07822
1674 357.07822
1675 357.07822
1676 17.27763
1677 17.27763
1678 17.27763
1679 17.27763
1680 17.27763
1681 124.74831
1682 124.74831
1683 124.74831
1684 124.74831
1685 124.74831
1686 149.95773
1687 149.95773
1688 149.95773
1689 149.95773
1690 149.95773
1691 339.91483
1692 339.91483
1693 339.91483
1694 339.91483
1695 339.91483
1696 168.9155
1697 171.05396
1698 168.9155
1699 171.05396
1700 168.9155
1701 174.2275
1702 174.2275
1703 174.2275
1704 174.2275
1705 174.2275
1706 125.03102
1707 125.03102
1708 125.03102
1709 125.03102
1710 125.03102
1711 165.52888
1712 165.52888
1713 165.52888
1714 165.52888
1715 165.52888
1716 164.17342
1717 164.17342
1718 164.17342
1719 164.17342
1720 164.17342
1721 172.134
1722 172.134
1723 172.134
1724 172.134
1725 172.134
1726 202.81062
1727 202.81062
1728 202.81062
1729 202.81062
1730 202.81062
1731 64.198395
1732 64.198395
1733 64.198395
1734 64.198395
1735 64.198395
1736 131.71571
1737 131.71571
1738 131.71571
1739 131.71571
1740 131.71571
1741 171.0
1742 171.0
1743 171.0
1744 171.0
1745 171.0
1746 93.59614
1747 93.59614
1748 93.59614
1749 93.59614
1750 93.59614
1751 1.2
1752 1.2
1753 1.2
1754 1.2
1755 1.2
1756 89.42222
1757 89.42222
1758 89.42222
1759 89.42222
1760 89.42222
1761 362.466
1762 362.466
1763 362.466
1764 362.466
1765 362.466
1766 154.14041
1767 154.14041
1768 154.14041
1769 154.14041
1770 154.14041
1771 295.38342
1772 295.38342
1773 295.38342
1774 295.38342
1775 295.38342
1776 172.134
1777 172.134
1778 172.134
1779 172.134
1780 172.134
1781 209.61462
1782 209.61462
1783 209.61462
1784 209.61462
1785 209.61462
1786 171.0
1787 169.73734
1788 169.73734
1789 169.73734
1790 169.73734
1791 171.0
1792 171.0
1793 171.0
1794 171.0
1795 171.0
1796 22.70459
1797 22.70459
1798 22.70459
1799 22.70459
1800 22.70459
1801 180.81084
1802 180.81084
1803 180.81084
1804 180.81084
1805 180.81084
1806 211.84193
1807 211.84193
1808 211.84193
1809 211.84193
1810 211.84193
1811 219.0
1812 219.0
1813 219.0
1814 219.0
1815 219.0
1816 188.0954
1817 188.0954
1818 188.0954
1819 188.0954
1820 188.0954
1821 219.0
1822 219.0
1823 219.0
1824 219.0
1825 219.0
1826 310.54758
1827 310.54758
1828 310.54758
1829 310.54758
1830 310.54758
1831 213.51253
1832 213.51253
1833 213.51253
1834 213.51253
1835 213.51253
1836 312.65656
1837 312.65656
1838 312.65656
1839 312.65656
1840 312.65656
1841 208.84831
1842 208.84831
1843 208.84831
1844 208.84831
1845 208.84831
1846 459.0
1847 459.0
1848 459.0
1849 459.0
1850 459.0
1851 5.3755016
1852 5.3755016
1853 5.3755016
1854 5.3755016
1855 5.3755016
1856 219.0
1857 219.0
1858 219.0
1859 219.0
1860 219.0
1861 98.37942
1862 98.37942
1863 98.37942
1864 98.37942
1865 98.37942
1866 309.14655
1867 309.14655
1868 309.14655
1869 309.14655
1870 309.14655
1871 0.0
1872 0.0
1873 0.0
1874 0.0
1875 0.0
1876 168.26488
1877 168.26488
1878 168.26488
1879 168.26488
1880 168.26488
1881 219.0
1882 219.0
1883 219.0
1884 219.0
1885 219.0
1886 214.29471
1887 214.29471
1888 214.29471
1889 214.29471
1890 214.29471
1891 122.62069
1892 122.62069
1893 122.62069
1894 122.62069
1895 122.62069
1896 196.68648
1897 196.68648
1898 196.68648
1899 196.68648
1900 196.68648
1901 315.0
1902 315.0
1903 315.0
1904 315.0
1905 315.0
1906 87.45988
1907 87.45988
1908 87.45988
1909 87.45988
1910 87.45988
1911 215.5254
1912 215.5254
1913 215.5254
1914 215.5254
1915 215.5254
1916 156.22345
1917 156.22345
1918 156.22345
1919 156.22345
1920 156.22345
1921 151.57236
1922 151.57236
1923 151.57236
1924 151.57236
1925 151.57236
1926 66.666214
1927 66.666214
1928 66.666214
1929 66.666214
1930 66.666214
1931 301.6456
1932 301.6456
1933 301.6456
1934 301.6456
1935 301.6456
1936 324.2093
1937 324.2093
1938 324.2093
1939 324.2093
1940 324.2093
1941 149.16559
1942 149.16559
1943 149.16559
1944 149.16559
1945 149.16559
1946 219.0
1947 219.0
1948 219.0
1949 219.0
1950 219.0
1951 219.0
1952 219.0
1953 219.0
1954 219.0
1955 219.0
1956 166.36809
1957 166.36809
1958 166.36809
1959 166.36809
1960 166.36809
1961 219.0
1962 219.0
1963 219.0
1964 219.0
1965 219.0
1966 311.79315
1967 311.79315
1968 311.79315
1969 311.79315
1970 311.79315
1971 94.99862
1972 94.99862
1973 94.99862
1974 94.99862
1975 94.99862
1976 215.24832
1977 215.24832
1978 215.24832
1979 215.24832
1980 215.24832
1981 181.41711
1982 181.41711
1983 181.41711
1984 181.41711
1985 181.41711
1986 97.57759
1987 97.57759
1988 97.57759
1989 97.57759
1990 97.57759
1991 283.15192
1992 220.134
1993 220.134
1994 220.134
1995 220.134
1996 219.0
1997 219.0
1998 219.0
1999 219.0
2000 219.0
2001 0.0
2002 0.0
2003 0.0
2004 0.0
2005 0.0
2006 315.0
2007 315.0
2008 315.0
2009 315.0
2010 315.0
2011 219.0
2012 219.0
2013 219.0
2014 219.0
2015 219.0
2016 2.8361406
2017 2.8361406
2018 2.8361406
2019 2.8361406
2020 2.8361406
2021 166.82394
2022 166.82394
2023 166.82394
2024 166.82394
2025 166.82394
2026 0.0
2027 0.0
2028 0.0
2029 0.0
2030 0.0
2031 264.9501
2032 264.9501
2033 264.9501
2034 264.9501
2035 264.9501
2036 0.0
2037 0.0
2038 0.0
2039 0.0
2040 0.0
2041 219.0
2042 219.0
2043 219.0
2044 219.0
2045 219.0
2046 41.881943
2047 41.881943
2048 41.881943
2049 41.881943
2050 41.881943
2051 164.44595
2052 164.44595
2053 164.44595
2054 164.44595
2055 164.44595
2056 309.3657
2057 309.3657
2058 309.3657
2059 309.3657
2060 309.3657
2061 92.17984
2062 92.17984
2063 92.17984
2064 92.17984
2065 92.17984
2066 0.0
2067 0.0
2068 0.0
2069 0.0
2070 0.0
2071 59.93766
2072 56.652565
2073 56.652565
2074 56.652565
2075 56.652565
2076 219.0
2077 219.0
2078 219.0
2079 219.0
2080 219.0
2081 219.0
2082 219.0
2083 219.0
2084 219.0
2085 219.0
2086 150.10246
2087 150.10246
2088 150.10246
2089 150.10246
2090 150.10246
2091 112.56424
2092 95.54064
2093 95.54064
2094 95.54064
2095 95.54064
2096 63.415226
2097 63.415226
2098 63.415226
2099 63.415226
2100 63.415226
2101 594.338
2102 594.338
2103 594.338
2104 594.338
2105 594.338
2106 173.18555
2107 173.18555
2108 173.18555
2109 173.18555
2110 173.18555
2111 245.43582
2112 245.43582
2113 245.43582
2114 245.43582
2115 245.43582
2116 231.35686
2117 231.35686
2118 231.35686
2119 231.35686
2120 231.35686
2121 135.9726
2122 135.9726
2123 135.9726
2124 135.9726
2125 135.9726
2126 110.10426
2127 110.10426
2128 110.10426
2129 110.10426
2130 110.10426
2131 249.52834
2132 249.52834
2133 249.52834
2134 249.52834
2135 249.52834
2136 36.9108
2137 36.9108
2138 36.9108
2139 36.9108
2140 36.9108
2141 247.29858
2142 247.29858
2143 247.29858
2144 247.29858
2145 247.29858
2146 240.54001
2147 240.54001
2148 240.54001
2149 240.54001
2150 240.54001
2151 203.0
2152 203.0
2153 203.0
2154 203.0
2155 203.0
2156 204.134
2157 204.134
2158 204.134
2159 204.134
2160 204.134
2161 236.73373
2162 236.73373
2163 236.73373
2164 236.73373
2165 236.73373
2166 208.87943
2167 208.87943
2168 208.87943
2169 208.87943
2170 208.87943
2171 110.76447
2172 110.76447
2173 110.76447
2174 110.76447
2175 110.76447
2176 246.76335
2177 246.76335
2178 246.76335
2179 246.76335
2180 246.76335
2181 267.6
2182 267.6
2183 267.6
2184 267.6
2185 267.6
2186 203.0
2187 203.0
2188 203.0
2189 203.0
2190 203.0
2191 106.49287
2192 106.49287
2193 106.49287
2194 106.49287
2195 106.49287
2196 68.04345
2197 68.04345
2198 68.04345
2199 68.04345
2200 68.04345
2201 101.65804
2202 101.65804
2203 101.65804
2204 101.65804
2205 101.65804
2206 69.203835
2207 106.55273
2208 69.203835
2209 106.55273
2210 69.203835
2211 164.03244
2212 164.03244
2213 164.03244
2214 164.03244
2215 164.03244
2216 157.48552
2217 157.48552
2218 157.48552
2219 157.48552
2220 157.48552
2221 117.479385
2222 117.479385
2223 117.479385
2224 117.479385
2225 117.479385
2226 32.534
2227 32.534
2228 32.534
2229 32.534
2230 32.534
2231 258.42572
2232 258.42572
2233 258.42572
2234 258.42572
2235 258.42572
2236 203.0
2237 203.0
2238 203.0
2239 203.0
2240 203.0
2241 203.0
2242 203.0
2243 203.0
2244 203.0
2245 203.0
2246 15.581571
2247 15.581571
