1 219.0
2 0.0
3 49.285866
4 235.0
5 0.0
6 25.385366
7 38.61463
8 32.0
9 163.93513
10 219.0
11 32.0
12 25.385368
13 25.385368
14 32.0
15 0.0
16 20.01105
17 30.866
18 32.0
19 32.0
20 32.0
21 158.44577
22 38.61463
23 219.0
24 219.0
25 6.6146307
26 0.0
27 0.0
28 219.0
29 25.385368
30 87.6954
31 0.0
32 219.0
33 98.682686
34 25.385368
35 93.37531
36 219.0
37 175.2052
38 163.97629
39 0.0
40 25.385368
41 0.0
42 0.0
43 158.85446
44 32.0
45 25.385368
46 32.0
47 0.0
48 167.00606
49 147.72139
50 158.85448
51 0.0
52 32.0
53 0.0
54 43.988956
55 25.385368
56 32.0
57 32.0
58 0.0
59 180.3962
60 0.0
61 158.85448
62 25.385368
63 25.385368
64 0.0
65 147.72139
66 0.0
67 0.0
68 32.0
69 153.2265
70 32.0
71 104.07178
72 32.0
73 32.0
74 169.6173
75 219.0
76 30.866
77 38.61463
78 1.1340001
79 32.0
80 93.29257
81 0.0
82 219.0
83 158.85448
84 32.0
85 0.6
86 33.134
87 0.0
88 93.37531
89 0.0
90 32.0
91 0.0
92 219.0
93 32.0
94 32.0
95 219.0
96 0.0
97 0.0
98 30.866
99 82.17816
100 33.134
101 235.0
102 219.0
103 219.0
104 219.0
105 219.0
106 219.0
107 219.0
108 219.0
109 219.0
110 219.0
111 219.0
112 219.0
113 180.3962
114 175.2052
115 169.6173
116 167.00606
117 163.97629
118 163.93513
119 158.85448
120 158.85448
121 158.85448
122 158.85446
123 158.44577
124 153.2265
125 147.72139
126 147.72139
127 104.07178
128 98.682686
129 93.37531
130 93.37531
131 93.29257
132 87.6954
133 82.17816
134 49.285866
135 43.988956
136 38.61463
137 38.61463
138 38.61463
139 33.134
140 33.134
141 32.0
142 32.0
143 32.0
144 32.0
145 32.0
146 32.0
147 32.0
148 32.0
149 32.0
150 32.0
151 169.58069
152 30.8
153 0.0
154 219.0
155 32.0
156 93.29257
157 82.17816
158 38.61463
159 33.134
160 0.0
161 32.0
162 219.0
163 169.6173
164 219.0
165 169.6173
166 98.682686
167 32.0
168 38.61463
169 0.0
170 87.6954
171 219.0
172 32.0
173 0.0
174 87.59094
175 93.37531
176 0.0
177 104.07178
178 33.134
179 0.0
180 93.37531
181 33.134
182 0.0
183 32.0
184 32.0
185 98.682686
186 150.75775
187 32.0
188 191.2551
189 25.385368
190 219.0
191 0.0
192 33.134
193 0.0
194 33.134
195 32.0
196 32.0
197 163.97629
198 0.0
199 32.0
200 0.0
201 235.0
202 219.0
203 219.0
204 219.0
205 219.0
206 219.0
207 219.0
208 219.0
209 219.0
210 219.0
211 219.0
212 219.0
213 219.0
214 219.0
215 219.0
216 219.0
217 219.0
218 191.2551
219 180.3962
220 175.2052
221 169.6173
222 169.6173
223 169.6173
224 169.58069
225 167.00606
226 163.97629
227 163.97629
228 163.93513
229 158.85448
230 158.85448
231 158.85448
232 158.85446
233 158.44577
234 153.2265
235 150.75775
236 147.72139
237 147.72139
238 104.07178
239 104.07178
240 98.682686
241 98.682686
242 98.682686
243 93.37531
244 93.37531
245 93.37531
246 93.37531
247 93.29257
248 93.29257
249 87.6954
250 87.6954
251 32.0
252 0.0
253 38.61463
254 219.0
255 219.0
256 220.134
257 6.6146307
258 169.6173
259 1.1340001
260 315.0
261 38.61463
262 33.134
263 32.0
264 25.385368
265 25.385368
266 93.20983
267 0.0
268 158.85448
269 219.0
270 33.134
271 169.6173
272 0.6
273 38.61463
274 923.0
275 32.0
276 32.0
277 219.0
278 98.60904
279 32.0
280 32.0
281 32.0
282 147.72139
283 32.0
284 235.0
285 38.61463
286 19.844534
287 219.0
288 104.07178
289 0.0
290 30.866
291 219.0
292 220.134
293 158.85448
294 25.385368
295 32.0
296 103.940704
297 38.850822
298 103.940704
299 92.964134
300 93.20983
