1 34.4
2 41.184822
3 220.134
4 131.92725
5 18.67965
6 0.0
7 52.35559
8 65.579285
9 33.734
10 0.0
11 48.812077
12 0.0
13 34.39274
14 83.80401
15 49.664013
16 0.0
17 41.891132
18 25.385368
19 91.304375
20 0.0
21 56.147556
22 90.111115
23 30.813719
24 43.818356
25 23.176107
26 129.65973
27 14.714138
28 37.198483
29 30.734
30 48.85773
31 108.77726
32 60.193256
33 57.595222
34 0.0
35 49.911728
36 209.31761
37 16.257395
38 60.37475
39 0.0
40 86.385345
41 20.385296
42 37.375496
43 4.7175717
44 105.11421
45 0.0
46 96.65163
47 0.0
48 24.716995
49 0.0
50 0.0
51 37.619938
52 25.163235
53 37.28989
54 219.0
55 57.473125
56 49.555855
57 0.0
58 150.24965
59 33.2
60 32.897808
61 26.283175
62 0.0
63 0.0
64 34.640938
65 0.0
66 14.556927
67 0.0
68 40.86065
69 42.792927
70 49.4421
71 28.079666
72 34.267998
73 32.065998
74 36.80646
75 37.451443
76 33.068
77 0.0
78 82.65571
79 21.56267
80 123.19069
81 210.18738
82 0.0
83 0.0
84 53.978737
85 15.16926
86 0.0
87 127.79435
88 65.76692
89 35.530483
90 86.21155
91 0.0
92 43.39061
93 182.09482
94 56.933884
95 79.2411
96 6.2656565
97 38.15325
98 23.048038
99 32.066
100 25.38537
101 220.134
102 219.0
103 210.18738
104 209.31761
105 182.09482
106 150.24965
107 131.92725
108 129.65973
109 127.79435
110 123.19069
111 108.77726
112 105.11421
113 96.65163
114 91.304375
115 90.111115
116 86.385345
117 86.21155
118 83.80401
119 82.65571
120 79.2411
121 65.76692
122 65.579285
123 60.37475
124 60.193256
125 57.595222
126 57.473125
127 56.933884
128 56.147556
129 53.978737
130 52.35559
131 49.911728
132 49.664013
133 49.555855
134 49.4421
135 48.85773
136 48.812077
137 43.818356
138 43.39061
139 42.792927
140 41.891132
141 41.184822
142 40.86065
143 38.15325
144 37.619938
145 37.451443
146 37.375496
147 37.28989
148 37.198483
149 36.80646
150 35.530483
151 32.23297
152 151.62184
153 41.89652
154 44.970688
155 175.65565
156 218.77742
157 3.7329376
158 191.97284
159 0.0
160 4.4869766
161 54.773582
162 84.366165
163 35.74663
164 37.985443
165 14.298214
166 8.855411
167 235.0
168 46.80321
169 43.37235
170 28.833757
171 41.09298
172 44.113136
173 45.20526
174 0.0
175 0.0
176 102.4633
177 53.70597
178 40.945118
179 0.0
180 9.447889
181 35.6415
182 44.13501
183 1.1340001
184 0.0
185 51.78913
186 7.6532435
187 38.4189
188 60.395424
189 0.0
190 47.97861
191 124.66291
192 33.321228
193 30.866
194 115.10559
195 73.80985
196 24.015173
197 6.3711753
198 39.283855
199 219.0
200 36.002
201 235.0
202 220.134
203 219.0
204 219.0
205 218.77742
206 210.18738
207 209.31761
208 191.97284
209 182.09482
210 175.65565
211 151.62184
212 150.24965
213 131.92725
214 129.65973
215 127.79435
216 124.66291
217 123.19069
218 115.10559
219 108.77726
220 105.11421
221 102.4633
222 96.65163
223 91.304375
224 90.111115
225 86.385345
226 86.21155
227 84.366165
228 83.80401
229 82.65571
230 79.2411
231 73.80985
232 65.76692
233 65.579285
234 60.395424
235 60.37475
236 60.193256
237 57.595222
238 57.473125
239 56.933884
240 56.147556
241 54.773582
242 53.978737
243 53.70597
244 52.35559
245 51.78913
246 49.911728
247 49.664013
248 49.555855
249 49.4421
250 48.85773
251 63.153812
252 207.516
253 220.134
254 235.0
255 0.0
256 235.0
257 161.75612
258 148.64342
259 0.0
260 219.0
261 71.48957
262 150.05733
263 0.0
264 25.900513
265 0.0
266 0.0
267 34.809258
268 41.720955
269 85.18939
270 59.05904
271 72.74422
272 0.0
273 0.0
274 127.96257
275 48.27084
276 38.080627
277 39.40982
278 54.743114
279 0.0
280 0.0
281 30.265999
282 60.611282
283 117.48996
284 69.14121
285 121.9144
286 43.84075
287 15.385378
288 120.50616
289 32.052277
290 0.0
291 21.562672
292 53.47787
293 32.809826
294 0.0
295 73.81958
296 14.391196
297 0.0
298 0.0
299 35.29369
300 15.346564
301 235.0
302 235.0
303 235.0
304 220.134
305 220.134
306 219.0
307 219.0
308 219.0
309 218.77742
310 210.18738
311 209.31761
312 207.516
313 191.97284
314 182.09482
315 175.65565
316 161.75612
317 151.62184
318 150.24965
319 150.05733
320 148.64342
321 131.92725
322 129.65973
323 127.96257
324 127.79435
325 124.66291
326 123.19069
327 121.9144
328 120.50616
329 117.48996
330 115.10559
331 108.77726
332 105.11421
333 102.4633
334 96.65163
335 91.304375
336 90.111115
337 86.385345
338 86.21155
339 85.18939
340 84.366165
341 83.80401
342 82.65571
343 79.2411
344 73.81958
345 73.80985
346 72.74422
347 71.48957
348 69.14121
349 65.76692
350 65.579285
351 35.015823
352 54.887524
353 44.054543
354 178.21329
355 220.134
356 179.58026
357 236.134
358 219.0
359 23.501951
360 172.14508
361 20.14927
362 196.91417
363 35.772484
364 25.56115
365 31.4
366 50.59879
367 190.44577
368 219.0
369 61.137657
370 70.137344
371 0.0
372 39.489555
373 61.732224
374 19.367714
375 0.0
376 0.0
377 33.134
378 61.137657
379 32.0
380 33.10388
381 0.0
382 50.368214
383 0.0
384 55.51774
385 12.196859
386 47.178326
387 28.912418
388 129.68036
389 107.18849
390 64.56066
391 141.53477
392 27.931997
393 18.699995
394 49.568645
395 24.185368
396 49.54249
397 93.06713
398 78.195335
399 33.068
400 219.0
401 236.134
402 235.0
403 235.0
404 235.0
405 220.134
406 220.134
407 220.134
408 219.0
409 219.0
410 219.0
411 219.0
412 219.0
413 219.0
414 218.77742
415 210.18738
416 209.31761
417 207.516
418 196.91417
419 191.97284
420 190.44577
421 182.09482
422 179.58026
423 178.21329
424 175.65565
425 172.14508
426 161.75612
427 151.62184
428 150.24965
429 150.05733
430 148.64342
431 141.53477
432 131.92725
433 129.68036
434 129.65973
435 127.96257
436 127.79435
437 124.66291
438 123.19069
439 121.9144
440 120.50616
441 117.48996
442 115.10559
443 108.77726
444 107.18849
445 105.11421
446 102.4633
447 96.65163
448 93.06713
449 91.304375
450 90.111115
451 172.21013
452 250.82904
453 17.565996
454 235.0
455 24.251366
456 111.14647
457 97.76269
458 187.69812
459 37.650826
460 199.59018
461 235.0
462 32.674698
463 235.0
464 90.03322
465 157.84415
466 0.0
467 16.610506
468 159.60034
469 0.0
470 143.53654
471 205.62486
472 37.48652
473 219.0
474 0.0
475 0.0
476 0.0
477 0.0
478 184.74335
479 0.0
480 0.0
481 38.020523
482 33.726738
483 219.0
484 111.18576
485 152.1184
486 61.68164
487 53.598
488 0.0
489 131.28049
490 46.067345
491 29.756018
492 99.48374
493 38.080627
494 219.0
495 50.063152
496 210.64052
497 70.20556
498 83.665535
499 30.602192
500 31.4
501 250.82904
502 236.134
503 235.0
504 235.0
505 235.0
506 235.0
507 235.0
508 235.0
509 220.134
510 220.134
511 220.134
512 219.0
513 219.0
514 219.0
515 219.0
516 219.0
517 219.0
518 219.0
519 219.0
520 219.0
521 218.77742
522 210.64052
523 210.18738
524 209.31761
525 207.516
526 205.62486
527 199.59018
528 196.91417
529 191.97284
530 190.44577
531 187.69812
532 184.74335
533 182.09482
534 179.58026
535 178.21329
536 175.65565
537 172.21013
538 172.14508
539 161.75612
540 159.60034
541 157.84415
542 152.1184
543 151.62184
544 150.24965
545 150.05733
546 148.64342
547 143.53654
548 141.53477
549 131.92725
550 131.28049
551 20.842339
552 219.0
553 0.0
554 204.05917
555 315.0
556 58.313816
557 219.0
558 133.68633
559 235.0
560 120.97988
561 219.0
562 65.896996
563 109.91723
564 215.20908
565 62.58816
566 161.62704
567 0.0
568 25.084024
569 131.71591
570 12.155465
571 199.42764
572 209.99791
573 23.582996
574 110.82702
575 118.37863
576 196.62613
577 219.0
578 145.46802
579 93.70605
580 163.03168
581 6.6146307
582 185.914
583 0.0
584 138.68944
585 103.89147
586 50.591915
587 177.49724
588 96.696335
589 29.599998
590 139.3242
591 133.51569
592 142.142
593 149.43164
594 109.09192
595 139.50732
596 20.181643
597 19.435545
598 49.3932
599 24.18655
600 46.302376
601 315.0
602 250.82904
603 236.134
604 235.0
605 235.0
606 235.0
607 235.0
608 235.0
609 235.0
610 235.0
611 220.134
612 220.134
613 220.134
614 219.0
615 219.0
616 219.0
617 219.0
618 219.0
619 219.0
620 219.0
621 219.0
622 219.0
623 219.0
624 219.0
625 219.0
626 219.0
627 218.77742
628 215.20908
629 210.64052
630 210.18738
631 209.99791
632 209.31761
633 207.516
634 205.62486
635 204.05917
636 199.59018
637 199.42764
638 196.91417
639 196.62613
640 191.97284
641 190.44577
642 187.69812
643 185.914
644 184.74335
645 182.09482
646 179.58026
647 178.21329
648 177.49724
649 175.65565
650 172.21013
651 231.08214
652 59.499367
653 212.76813
654 122.95108
655 137.39519
656 14.47278
657 123.81208
658 151.08565
659 219.0
660 67.35815
661 47.26734
662 138.38817
663 25.163235
664 191.31677
665 235.0
666 31.094913
667 235.0
668 121.31342
669 55.860027
670 49.5081
671 236.134
672 236.134
673 0.0
674 219.0
675 63.303684
676 0.0
677 146.18596
678 25.021126
679 104.26475
680 137.62984
681 125.98403
682 0.0
683 43.416595
684 33.666065
685 164.50803
686 115.83639
687 219.0
688 94.00509
689 26.519367
690 0.0
691 156.69907
692 178.61568
693 161.48103
694 145.51097
695 0.0
696 0.0
697 38.957638
698 219.0
699 219.0
700 255.14906
701 315.0
702 255.14906
703 250.82904
704 236.134
705 236.134
706 236.134
707 235.0
708 235.0
709 235.0
710 235.0
711 235.0
712 235.0
713 235.0
714 235.0
715 235.0
716 231.08214
717 220.134
718 220.134
719 220.134
720 219.0
721 219.0
722 219.0
723 219.0
724 219.0
725 219.0
726 219.0
727 219.0
728 219.0
729 219.0
730 219.0
731 219.0
732 219.0
733 219.0
734 219.0
735 219.0
736 219.0
737 219.0
738 218.77742
739 215.20908
740 212.76813
741 210.64052
742 210.18738
743 209.99791
744 209.31761
745 207.516
746 205.62486
747 204.05917
748 199.59018
749 199.42764
750 196.91417
751 146.40065
752 219.0
753 54.892365
754 31.240297
755 219.0
756 219.0
757 34.596676
758 219.0
759 213.57422
760 219.0
761 0.0
762 263.19305
763 170.3795
764 225.1039
765 116.13762
766 235.0
767 235.0
768 71.3237
769 86.79526
770 116.19003
771 219.0
772 235.0
773 97.07543
774 219.77542
775 315.0
776 235.0
777 235.1903
778 219.0
779 85.654
780 93.2552
781 220.134
782 196.56567
783 41.705097
784 235.0
785 227.67596
786 206.81882
787 30.274021
788 0.0
789 161.6757
790 219.0
791 214.09564
792 0.0
793 169.39941
794 0.0
795 178.63306
796 127.57705
797 63.951202
798 201.43231
799 219.0
800 184.25008
801 315.0
802 315.0
803 263.19305
804 255.14906
805 250.82904
806 236.134
807 236.134
808 236.134
809 235.1903
810 235.0
811 235.0
812 235.0
813 235.0
814 235.0
815 235.0
816 235.0
817 235.0
818 235.0
819 235.0
820 235.0
821 235.0
822 235.0
823 235.0
824 231.08214
825 227.67596
826 225.1039
827 220.134
828 220.134
829 220.134
830 220.134
831 219.77542
832 219.0
833 219.0
834 219.0
835 219.0
836 219.0
837 219.0
838 219.0
839 219.0
840 219.0
841 219.0
842 219.0
843 219.0
844 219.0
845 219.0
846 219.0
847 219.0
848 219.0
849 219.0
850 219.0
851 236.134
852 235.0
853 219.0
854 219.0
855 106.23493
856 219.0
857 235.0
858 219.0
859 235.0
860 133.30434
861 235.0
862 37.305893
863 171.09286
864 197.51144
865 206.92542
866 133.46384
867 245.9004
868 47.671867
869 168.2094
870 0.0
871 175.66982
872 219.0
873 217.68434
874 183.00847
875 6.6146307
876 166.18164
877 32.743736
878 168.46036
879 0.0
880 219.0
881 80.99081
882 235.0
883 215.0758
884 219.0
885 131.37053
886 0.0
887 121.39387
888 109.50562
889 85.46666
890 236.134
891 129.09335
892 0.0
893 235.0
894 33.844543
895 235.0
896 83.26737
897 160.74655
898 50.392902
899 220.134
900 219.0
901 315.0
902 315.0
903 263.19305
904 255.14906
905 250.82904
906 245.9004
907 236.134
908 236.134
909 236.134
910 236.134
911 236.134
912 235.1903
913 235.0
914 235.0
915 235.0
916 235.0
917 235.0
918 235.0
919 235.0
920 235.0
921 235.0
922 235.0
923 235.0
924 235.0
925 235.0
926 235.0
927 235.0
928 235.0
929 235.0
930 235.0
931 235.0
932 235.0
933 235.0
934 231.08214
935 227.67596
936 225.1039
937 220.134
938 220.134
939 220.134
940 220.134
941 220.134
942 219.77542
943 219.0
944 219.0
945 219.0
946 219.0
947 219.0
948 219.0
949 219.0
950 219.0
951 235.0
952 199.5234
953 219.0
954 219.0
955 211.13783
956 164.18748
957 235.0
958 217.44594
959 219.0
960 235.0
961 67.34602
962 61.174026
963 67.33391
964 235.0
965 219.0
966 57.455833
967 3.5231793
968 161.70583
969 0.0
970 219.0
971 219.0
972 160.29863
973 170.55162
974 100.56199
975 19.69634
976 236.134
977 43.003143
978 147.47408
979 49.550575
980 219.0
981 219.0
982 235.0
983 201.31194
984 219.0
985 199.0653
986 189.00876
987 235.0
988 60.708942
989 167.03407
990 0.0
991 169.6229
992 203.43282
993 199.71558
994 235.0
995 199.01779
996 115.7255
997 188.9646
998 81.25577
999 236.134
1000 159.82475
1001 315.0
1002 315.0
1003 263.19305
1004 255.14906
1005 250.82904
1006 245.9004
1007 236.134
1008 236.134
1009 236.134
1010 236.134
1011 236.134
1012 236.134
1013 236.134
1014 235.1903
1015 235.0
1016 235.0
1017 235.0
1018 235.0
1019 235.0
1020 235.0
1021 235.0
1022 235.0
1023 235.0
1024 235.0
1025 235.0
1026 235.0
1027 235.0
1028 235.0
1029 235.0
1030 235.0
1031 235.0
1032 235.0
1033 235.0
1034 235.0
1035 235.0
1036 235.0
1037 235.0
1038 235.0
1039 235.0
1040 235.0
1041 235.0
1042 235.0
1043 231.08214
1044 227.67596
1045 225.1039
1046 220.134
1047 220.134
1048 220.134
1049 220.134
1050 220.134
1051 235.0
1052 219.0
1053 219.0
1054 235.0
1055 99.09791
1056 235.0
1057 211.79092
1058 22.133587
1059 220.134
1060 219.0
1061 220.134
1062 219.0
1063 235.0
1064 68.98384
1065 219.0
1066 77.23494
1067 93.208244
1068 219.0
1069 217.41869
1070 185.78093
1071 220.134
1072 235.0
1073 253.15639
1074 76.5675
1075 219.0
1076 220.134
1077 140.84947
1078 173.89696
1079 235.0
1080 31.723902
1081 235.0
1082 235.0
1083 175.77345
1084 204.0876
1085 0.0
1086 235.0
1087 219.0
1088 235.0
1089 80.83766
1090 235.0
1091 165.14839
1092 204.75081
1093 144.18134
1094 7.456455
1095 93.95754
1096 0.0
1097 180.05954
1098 87.908134
1099 44.698486
1100 54.82198
1101 315.0
1102 315.0
1103 263.19305
1104 255.14906
1105 253.15639
1106 250.82904
1107 245.9004
1108 236.134
1109 236.134
1110 236.134
1111 236.134
1112 236.134
1113 236.134
1114 236.134
1115 235.1903
1116 235.0
1117 235.0
1118 235.0
1119 235.0
1120 235.0
1121 235.0
1122 235.0
1123 235.0
1124 235.0
1125 235.0
1126 235.0
1127 235.0
1128 235.0
1129 235.0
1130 235.0
1131 235.0
1132 235.0
1133 235.0
1134 235.0
1135 235.0
1136 235.0
1137 235.0
1138 235.0
1139 235.0
1140 235.0
1141 235.0
1142 235.0
1143 235.0
1144 235.0
1145 235.0
1146 235.0
1147 235.0
1148 235.0
1149 235.0
1150 235.0
1151 220.134
1152 235.0
1153 219.0
1154 66.3966
1155 235.0
1156 131.74355
1157 166.75539
1158 219.0
1159 162.69887
1160 0.0
1161 138.65723
1162 219.0
1163 219.0
1164 191.34627
1165 165.92921
1166 182.71014
1167 219.0
1168 219.0
1169 205.03773
1170 179.92818
1171 235.0
1172 236.134
1173 235.0
1174 235.0
1175 80.612495
1176 205.13211
1177 79.218254
1178 219.0
1179 315.0
1180 219.0
1181 205.28218
1182 219.0
1183 154.06708
1184 26.277723
1185 219.0
1186 212.14914
1187 180.36494
1188 0.0
1189 37.584824
1190 0.0
1191 191.53696
1192 235.0
1193 51.991444
1194 79.62911
1195 235.07658
1196 180.32797
1197 150.03572
1198 235.0
1199 207.76897
1200 235.0
1201 315.0
1202 315.0
1203 315.0
1204 263.19305
1205 255.14906
1206 253.15639
1207 250.82904
1208 245.9004
1209 236.134
1210 236.134
1211 236.134
1212 236.134
1213 236.134
1214 236.134
1215 236.134
1216 236.134
1217 235.1903
1218 235.07658
1219 235.0
1220 235.0
1221 235.0
1222 235.0
1223 235.0
1224 235.0
1225 235.0
1226 235.0
1227 235.0
1228 235.0
1229 235.0
1230 235.0
1231 235.0
1232 235.0
1233 235.0
1234 235.0
1235 235.0
1236 235.0
1237 235.0
1238 235.0
1239 235.0
1240 235.0
1241 235.0
1242 235.0
1243 235.0
1244 235.0
1245 235.0
1246 235.0
1247 235.0
1248 235.0
1249 235.0
1250 235.0
1251 235.0
1252 206.74216
1253 219.0
1254 190.10596
1255 201.61316
1256 219.0
1257 219.0
1258 219.0
1259 219.0
1260 235.0
1261 175.86359
1262 80.11036
1263 219.0
1264 200.19676
1265 235.0
1266 235.0
1267 30.577866
1268 152.01468
1269 140.4993
1270 109.484436
1271 235.0
1272 219.0
1273 96.757195
1274 150.10219
1275 219.0
1276 219.0
1277 252.75696
1278 190.12204
1279 196.70605
1280 169.61957
1281 104.10879
1282 220.134
1283 235.0
1284 103.772804
1285 219.0
1286 219.0
1287 235.0
1288 219.0
1289 8.939783
1290 120.128395
1291 147.17558
1292 230.69984
1293 157.58434
1294 117.74963
1295 47.705727
1296 174.59727
1297 164.70421
1298 315.0
1299 235.0
1300 112.323555
1301 315.0
1302 315.0
1303 315.0
1304 315.0
1305 263.19305
1306 255.14906
1307 253.15639
1308 252.75696
1309 250.82904
1310 245.9004
1311 236.134
1312 236.134
1313 236.134
1314 236.134
1315 236.134
1316 236.134
1317 236.134
1318 236.134
1319 235.1903
1320 235.07658
1321 235.0
1322 235.0
1323 235.0
1324 235.0
1325 235.0
1326 235.0
1327 235.0
1328 235.0
1329 235.0
1330 235.0
1331 235.0
1332 235.0
1333 235.0
1334 235.0
1335 235.0
1336 235.0
1337 235.0
1338 235.0
1339 235.0
1340 235.0
1341 235.0
1342 235.0
1343 235.0
1344 235.0
1345 235.0
1346 235.0
1347 235.0
1348 235.0
1349 235.0
1350 235.0
1351 289.74216
1352 235.0
1353 236.134
1354 42.871258
1355 121.998344
1356 220.134
1357 218.12785
1358 39.599075
1359 97.61635
1360 219.0
1361 235.0
1362 219.0
1363 195.71262
1364 43.498486
1365 176.25504
1366 235.0
1367 176.554
1368 219.0
1369 47.054436
1370 219.0
1371 217.58125
1372 207.74709
1373 235.0
1374 179.77895
1375 52.714935
1376 185.83524
1377 92.76562
1378 61.47453
1379 219.0
1380 184.66797
1381 219.0
1382 110.6088
1383 220.134
1384 235.0
1385 90.32065
1386 102.36905
1387 235.0
1388 103.28605
1389 149.96315
1390 107.95998
1391 219.0
1392 187.17427
1393 50.700874
1394 219.0
1395 219.0
1396 144.78078
1397 219.0
1398 220.134
1399 219.0
1400 183.54344
1401 315.0
1402 315.0
1403 315.0
1404 315.0
1405 289.74216
1406 263.19305
1407 255.14906
1408 253.15639
1409 252.75696
1410 250.82904
1411 245.9004
1412 236.134
1413 236.134
1414 236.134
1415 236.134
1416 236.134
1417 236.134
1418 236.134
1419 236.134
1420 236.134
1421 235.1903
1422 235.07658
1423 235.0
1424 235.0
1425 235.0
1426 235.0
1427 235.0
1428 235.0
1429 235.0
1430 235.0
1431 235.0
1432 235.0
1433 235.0
1434 235.0
1435 235.0
1436 235.0
1437 235.0
1438 235.0
1439 235.0
1440 235.0
1441 235.0
1442 235.0
1443 235.0
1444 235.0
1445 235.0
1446 235.0
1447 235.0
1448 235.0
1449 235.0
1450 235.0
1451 210.64803
1452 236.134
1453 145.26254
1454 182.83537
1455 171.463
1456 53.913704
1457 219.0
1458 219.0
1459 57.55191
1460 219.0
1461 176.75807
1462 115.38327
1463 235.0
1464 211.38484
1465 153.94458
1466 219.0
1467 219.0
1468 236.134
1469 236.134
1470 219.0
1471 190.69301
1472 60.396164
1473 117.90189
1474 220.134
1475 110.74507
1476 219.0
1477 267.46432
1478 168.33495
1479 139.32893
1480 235.0
1481 192.02806
1482 159.68993
1483 220.134
1484 235.0
1485 219.0
1486 30.734
1487 68.039856
1488 124.54294
1489 219.0
1490 89.26743
1491 49.72958
1492 235.0
1493 147.97177
1494 219.0
1495 236.134
1496 206.89484
1497 117.91998
1498 235.0
1499 235.0
1500 189.24104
1501 315.0
1502 315.0
1503 315.0
1504 315.0
1505 289.74216
1506 267.46432
1507 263.19305
1508 255.14906
1509 253.15639
1510 252.75696
1511 250.82904
1512 245.9004
1513 236.134
1514 236.134
1515 236.134
1516 236.134
1517 236.134
1518 236.134
1519 236.134
1520 236.134
1521 236.134
1522 236.134
1523 236.134
1524 236.134
1525 236.134
1526 235.1903
1527 235.07658
1528 235.0
1529 235.0
1530 235.0
1531 235.0
1532 235.0
1533 235.0
1534 235.0
1535 235.0
1536 235.0
1537 235.0
1538 235.0
1539 235.0
1540 235.0
1541 235.0
1542 235.0
1543 235.0
1544 235.0
1545 235.0
1546 235.0
