1 137.87248
2 81.355675
3 111.973045
4 26.86093
5 28.663998
6 84.73419
7 65.827515
8 14.723198
9 0.0
10 47.207478
11 14.606981
12 0.0
13 34.267998
14 0.0
15 116.02183
16 25.611471
17 0.0
18 50.267498
19 36.440933
20 43.716366
21 0.0
22 10.067131
23 0.0
24 9.921018
25 219.0
26 40.88263
27 185.76953
28 202.7352
29 47.017864
30 0.0
31 235.0
32 23.519367
33 17.222622
34 0.0
35 43.93354
36 0.0
37 86.37353
38 110.94885
39 25.451368
40 3.3549557
41 1.1340001
42 0.0
43 67.14634
44 27.712523
45 0.0
46 3.5453067
47 161.8927
48 0.0
49 34.743256
50 29.91548
51 40.75789
52 101.11176
53 0.0
54 25.74961
55 31.4
56 115.221924
57 47.381844
58 24.185368
59 18.934605
60 33.128113
61 16.132805
62 0.0
63 110.351715
64 36.602
65 110.559494
66 39.14863
67 219.0
68 88.11495
69 0.0
70 177.10837
71 14.671085
72 27.989313
73 0.0
74 0.0
75 145.7257
76 149.25687
77 0.0
78 69.853134
79 70.62839
80 0.0
81 39.931313
82 60.732613
83 0.0
84 79.91071
85 39.9285
86 0.0
87 45.910366
88 30.792652
89 153.89769
90 49.713276
91 60.512135
92 25.506708
93 44.771717
94 25.385368
95 30.872845
96 0.0
97 132.64374
98 11.975002
99 44.666634
100 0.0
101 235.0
102 219.0
103 219.0
104 202.7352
105 185.76953
106 177.10837
107 161.8927
108 153.89769
109 149.25687
110 145.7257
111 137.87248
112 132.64374
113 116.02183
114 115.221924
115 111.973045
116 110.94885
117 110.559494
118 110.351715
119 101.11176
120 88.11495
121 86.37353
122 84.73419
123 81.355675
124 79.91071
125 70.62839
126 69.853134
127 67.14634
128 65.827515
129 60.732613
130 60.512135
131 50.267498
132 49.713276
133 47.381844
134 47.207478
135 47.017864
136 45.910366
137 44.771717
138 44.666634
139 43.93354
140 43.716366
141 40.88263
142 40.75789
143 39.931313
144 39.9285
145 39.14863
146 36.602
147 36.440933
148 34.743256
149 34.267998
150 33.128113
151 26.103262
152 23.816023
153 23.64674
154 127.81236
155 30.696772
156 120.543976
157 6.6146307
158 108.443245
159 33.484524
160 0.0
161 16.635252
162 96.09667
163 24.182995
164 37.716824
165 84.51865
166 99.40728
167 128.26627
168 99.83361
169 86.814865
170 156.00183
171 38.61463
172 63.587723
173 27.467659
174 0.0
175 61.812363
176 41.020565
177 39.288357
178 38.739372
179 0.0
180 75.45152
181 10.163072
182 147.23152
183 73.27544
184 43.87731
185 33.134
186 26.060822
187 33.2
188 21.765625
189 49.687145
190 95.190445
191 47.03843
192 73.58886
193 146.75745
194 43.988373
195 198.4025
196 25.378523
197 132.5856
198 42.95546
199 33.134
200 6.3146024
201 235.0
202 219.0
203 219.0
204 202.7352
205 198.4025
206 185.76953
207 177.10837
208 161.8927
209 156.00183
210 153.89769
211 149.25687
212 147.23152
213 146.75745
214 145.7257
215 137.87248
216 132.64374
217 132.5856
218 128.26627
219 127.81236
220 120.543976
221 116.02183
222 115.221924
223 111.973045
224 110.94885
225 110.559494
226 110.351715
227 108.443245
228 101.11176
229 99.83361
230 99.40728
231 96.09667
232 95.190445
233 88.11495
234 86.814865
235 86.37353
236 84.73419
237 84.51865
238 81.355675
239 79.91071
240 75.45152
241 73.58886
242 73.27544
243 70.62839
244 69.853134
245 67.14634
246 65.827515
247 63.587723
248 61.812363
249 60.732613
250 60.512135
251 173.67468
252 57.829483
253 39.62428
254 87.63509
255 23.526627
256 217.0145
257 52.43249
258 28.92165
259 44.178593
260 47.483288
261 32.176636
262 54.996918
263 19.833872
264 235.0
265 219.0
266 127.95009
267 54.922478
268 33.360703
269 120.243965
270 169.9827
271 32.6
272 174.74321
273 148.55232
274 0.0
275 235.0
276 45.245506
277 19.899607
278 52.443726
279 100.99255
280 20.871685
281 137.56439
282 157.4494
283 0.0
284 217.1381
285 72.62357
286 151.39342
287 62.75505
288 47.619446
289 20.845627
290 31.669847
291 133.93704
292 151.47304
293 32.10268
294 28.253365
295 23.727234
296 31.52474
297 109.263824
298 117.993706
299 0.0
300 14.613057
301 235.0
302 235.0
303 235.0
304 219.0
305 219.0
306 219.0
307 217.1381
308 217.0145
309 202.7352
310 198.4025
311 185.76953
312 177.10837
313 174.74321
314 173.67468
315 169.9827
316 161.8927
317 157.4494
318 156.00183
319 153.89769
320 151.47304
321 151.39342
322 149.25687
323 148.55232
324 147.23152
325 146.75745
326 145.7257
327 137.87248
328 137.56439
329 133.93704
330 132.64374
331 132.5856
332 128.26627
333 127.95009
334 127.81236
335 120.543976
336 120.243965
337 117.993706
338 116.02183
339 115.221924
340 111.973045
341 110.94885
342 110.559494
343 110.351715
344 109.263824
345 108.443245
346 101.11176
347 100.99255
348 99.83361
349 99.40728
350 96.09667
351 156.56667
352 204.87526
353 15.419318
354 24.251366
355 116.15176
356 38.61463
357 150.32838
358 195.21243
359 30.865997
360 171.59654
361 26.71011
362 25.385368
363 17.285864
364 27.43713
365 71.48957
366 208.4778
367 0.0
368 62.09753
369 36.946632
370 30.866
371 39.74863
372 196.8542
373 29.213661
374 90.39336
375 20.086796
376 143.344
377 181.0435
378 82.42143
379 109.44424
380 110.51575
381 129.04121
382 78.36944
383 0.0
384 136.72745
385 14.566809
386 55.188866
387 34.147625
388 27.46141
389 128.7697
390 77.14574
391 0.0
392 219.0
393 57.287327
394 30.8
395 0.0
396 55.951797
397 219.0
398 215.00468
399 26.60543
400 112.59655
401 235.0
402 235.0
403 235.0
404 219.0
405 219.0
406 219.0
407 219.0
408 219.0
409 217.1381
410 217.0145
411 215.00468
412 208.4778
413 204.87526
414 202.7352
415 198.4025
416 196.8542
417 195.21243
418 185.76953
419 181.0435
420 177.10837
421 174.74321
422 173.67468
423 171.59654
424 169.9827
425 161.8927
426 157.4494
427 156.56667
428 156.00183
429 153.89769
430 151.47304
431 151.39342
432 150.32838
433 149.25687
434 148.55232
435 147.23152
436 146.75745
437 145.7257
438 143.344
439 137.87248
440 137.56439
441 136.72745
442 133.93704
443 132.64374
444 132.5856
445 129.04121
446 128.7697
447 128.26627
448 127.95009
449 127.81236
450 120.543976
451 137.878
452 0.0
453 43.91708
454 7.811445
455 219.0
456 38.54863
457 45.70372
458 232.71588
459 0.0
460 29.121794
461 171.06885
462 219.0
463 137.51831
464 38.095737
465 32.947258
466 219.0
467 29.523468
