1 26.409046
2 0.0
3 67.12204
4 83.76155
5 252.28896
6 215.643
7 118.17062
8 0.0
9 48.61151
10 31.389898
11 49.051537
12 0.0
13 364.6451
14 90.39383
15 5.3755016
16 23.498287
17 1.1340001
18 0.0
19 0.0
20 1.2
21 107.314964
22 6.8508253
23 0.0
24 0.0
25 41.605114
26 50.86586
27 2.7432601
28 8.460087
29 48.818592
30 194.72299
31 250.54593
32 0.0
33 210.39052
34 98.98238
35 0.0
36 24.961033
37 0.0
38 145.17622
39 310.74615
40 254.60414
41 0.0
42 185.49713
43 154.36705
44 99.28688
45 0.0
46 0.0
47 116.74284
48 0.0
49 0.0
50 12.03535
51 0.0
52 111.58016
53 0.0
54 46.94269
55 0.0
56 54.717278
57 71.259514
58 205.334
59 32.456215
60 203.0
61 155.6
62 126.96883
63 293.751
64 531.31964
65 480.65485
66 50.100418
67 511.83987
68 52.331947
69 155.0
70 145.32368
71 219.6
72 155.0
73 0.0
74 54.582462
75 105.02789
76 0.0
77 0.0
78 142.42769
79 180.12009
80 110.96373
81 200.83438
82 55.69298
83 155.0
84 155.0
85 174.75128
86 0.0
87 0.0
88 1.8424065
89 164.0
90 188.60927
91 14.368393
92 149.00443
93 167.468
94 187.0
95 16.903751
96 40.175327
97 116.670845
98 129.90111
99 88.251144
100 236.28587
101 80.89132
102 490.2244
103 182.67146
104 155.0
105 110.679634
106 219.0
107 56.36412
108 0.0
109 129.0308
110 155.0
111 0.0
112 76.10507
113 219.0
114 6.6146307
115 41.113567
116 32.803165
117 155.6
118 155.6
119 147.717
120 219.0
121 25.748241
122 387.32254
123 307.78287
124 415.16708
125 437.52237
126 331.4451
127 156.71317
128 431.26135
129 454.4245
130 338.3792
131 265.866
132 54.908905
133 0.0
134 240.76915
135 252.12218
136 0.0
137 267.6
138 0.0
139 0.0
140 74.57476
141 376.05963
142 78.38472
143 42.128998
144 424.4298
145 267.0
146 85.01819
147 267.0
148 396.78253
149 145.69965
150 281.06555
151 378.4793
152 0.0
153 4.064483
154 262.04745
155 108.11627
156 0.0
157 267.0
158 130.71431
159 0.0
160 283.1588
161 63.20742
162 320.22214
163 18.13498
164 26.672897
165 7.1841965
166 240.96716
167 376.21112
168 316.8437
169 392.9098
170 117.83584
171 0.0
172 163.2942
173 0.0
174 244.8747
175 443.95102
176 0.0
177 300.06714
178 163.515
179 267.0
180 6.8859415
181 230.25282
182 134.91716
183 69.89341
184 180.46819
185 410.8215
186 62.78408
187 226.70242
188 0.0
189 408.77072
190 251.0
191 168.6253
192 170.08772
193 89.92326
194 152.05623
195 363.0
196 491.0
197 125.21817
198 97.23413
199 364.134
200 227.1449
201 0.0
202 0.0
203 71.40591
204 175.28229
205 179.09229
206 251.0
207 149.72272
208 176.64777
209 17.756989
210 165.9404
211 251.0
212 93.77024
213 25.086786
214 49.44551
215 249.34167
216 96.93184
217 76.55631
218 22.8529
219 51.872776
220 59.10421
221 0.0
222 411.72
223 229.49321
224 0.0
225 230.69391
226 240.88536
227 239.2675
228 87.1808
229 204.32916
230 242.85513
231 0.0
232 251.0
233 72.11958
234 184.85945
235 238.02193
236 34.938667
237 228.77669
238 40.581112
239 45.863388
240 233.21622
241 176.428
242 301.52676
243 203.0
244 147.54878
245 427.0
246 124.457184
247 203.0
248 203.0
249 204.134
250 427.0
251 279.65878
252 115.02788
253 111.437065
254 139.7866
255 117.48679
256 147.84071
257 11.766965
258 267.56107
259 42.327534
260 96.95439
261 115.22604
262 0.0
263 415.52866
264 203.0
265 302.04813
266 276.24295
267 203.0
268 158.57925
269 91.19319
270 295.2868
271 0.0
272 18.59437
273 184.43044
274 203.0
275 203.0
276 287.94785
277 24.672983
278 1.1340001
279 0.0
280 203.0
281 135.15929
282 410.06143
283 139.362
284 278.12216
285 427.0
286 204.134
287 137.10449
288 308.6451
289 294.82684
290 158.31519
291 411.9212
292 102.84349
293 124.035385
294 184.04495
295 203.0
296 201.43056
297 174.8
298 19.244888
299 220.28587
300 203.0
301 361.24567
302 172.2
303 288.7701
304 363.6
305 123.571106
306 144.59964
307 235.0
308 209.85086
309 363.0
310 94.51203
311 236.134
312 96.02707
313 363.0
314 363.0
315 396.55884
316 105.47727
317 143.12582
318 362.0254
319 156.33313
320 85.96264
321 235.0
322 405.41122
323 235.0
324 361.28482
325 235.0
326 140.94994
327 131.3295
328 171.0
329 110.80676
330 127.26433
331 171.0
332 235.0
333 171.0
334 216.78195
335 171.0
336 341.76175
337 171.0
338 131.90984
339 235.0
340 283.21277
341 147.81407
342 363.0
343 303.14542
344 221.75722
345 0.0
346 0.0
347 95.02776
348 363.0
349 75.43061
350 12.3036585
351 416.84662
352 167.7815
353 128.96744
354 363.0
355 171.0
356 235.0
357 169.46031
358 176.33917
359 363.0
360 396.4625
361 219.0
362 229.03566
363 219.0
364 218.74178
365 297.8418
366 220.134
367 315.0
368 258.10077
369 219.0
370 219.0
371 33.79274
372 134.496
373 309.37323
374 219.0
375 310.05832
376 219.0
377 303.87274
378 288.84824
379 196.95122
380 212.38538
381 219.0
382 219.0
383 234.9444
384 219.0
385 219.0
386 79.04188
387 72.97331
388 144.42207
389 0.0
390 87.443306
391 219.0
392 219.0
393 95.13342
394 299.18237
395 113.87363
396 64.88159
397 294.27676
398 219.0
399 219.0
400 85.288864
401 311.3971
402 450.03137
403 314.08905
404 219.0
405 215.55453
406 0.73485947
407 185.74245
408 166.75987
409 219.0
410 168.71268
411 10.685961
412 263.92554
413 0.0
414 219.0
415 247.19304
416 110.62481
417 219.0
418 0.0
419 84.963425
420 239.83995
421 267.0
422 267.09952
423 267.0
424 203.0
425 246.53525
426 267.0
427 267.0
428 237.2994
429 252.15015
430 315.0
431 203.0
432 254.89333
433 35.82244
434 203.0
435 241.76425
436 237.27266
437 191.46234
438 196.85286
439 242.30798
440 232.97736
441 32.037018
442 236.244
443 41.471855
444 53.246983
445 71.25449
446 243.39958
447 139.8196
448 267.0
449 205.83511
450 251.67458
451 245.16742
452 243.01279
453 64.447945
454 137.81949
455 315.6
456 95.05898
457 11.28311
458 230.63272
459 253.88387
460 0.0
461 194.50551
462 267.0
463 256.89246
464 0.0
465 589.24677
466 143.36497
467 0.16433579
468 245.31123
469 0.0
470 229.55501
471 38.62778
472 236.80255
473 64.59342
474 33.979263
475 3.0067143
476 0.0
477 347.0
478 165.2904
479 0.0
480 163.66092
481 544.9908
482 219.0
483 77.242546
484 71.31338
485 91.64957
486 128.85507
487 201.64471
488 180.19496
489 175.2118
490 60.141293
491 176.27664
492 88.734245
493 166.33075
494 198.57848
495 125.603874
496 219.0
497 95.78787
498 149.58136
499 249.31343
500 116.17977
501 219.0
502 231.36102
503 312.76297
504 41.77293
505 73.81649
506 46.334984
507 775.9366
508 61.36497
509 176.90796
510 164.0
511 379.33218
512 73.18399
513 536.76154
514 158.49187
515 114.881714
516 219.0
517 219.0
518 219.0
519 219.0
