1 6.083003
2 87.38129
3 0.0
4 185.71413
5 44.79235
6 115.737495
7 61.137657
8 47.348007
9 126.64107
10 0.0
11 0.0
12 54.795677
13 168.18875
14 175.77187
15 84.19138
16 0.0
17 55.405323
18 10.385053
19 55.66376
20 0.0
21 0.0
22 188.34378
23 10.751003
24 6.437998
25 0.0
26 178.23196
27 138.8761
28 1.2
29 0.0
30 152.10406
31 139.61499
32 0.0
33 333.66165
34 195.92552
35 203.0
36 13.377075
37 203.0
38 180.55989
39 0.0
40 0.0
41 253.53854
42 74.72743
43 0.0
44 252.68948
45 29.856377
46 203.0
47 27.630182
48 250.75461
49 3.6415017
50 198.82785
51 85.88437
52 403.77826
53 0.0
54 42.85596
55 53.10697
56 17.994343
57 21.531609
58 0.0
59 13.672774
60 0.0
61 1.4621977
62 64.46058
63 203.0
64 12.098487
65 0.0
66 0.0
67 57.63101
68 73.76104
69 0.0
70 0.6
71 18.373268
72 31.962776
73 0.0
74 169.10359
75 0.0
76 89.42989
77 71.99983
78 0.0
79 203.0
80 0.0
81 293.66138
82 0.0
83 63.466896
84 0.0
85 84.21373
86 0.5879735
87 63.762177
88 13.293931
89 34.444405
90 123.563
91 17.276094
92 147.27637
93 7.8146305
94 18.82295
95 67.83726
96 0.0
97 0.6
98 162.9689
99 29.856743
100 1.1340001
101 155.6
102 219.0
103 172.28587
104 113.5486
105 219.0
106 155.0
107 155.0
108 31.90782
109 155.0
110 210.38959
111 155.6
112 138.64583
113 432.88937
114 219.0
115 90.34306
116 98.897446
117 155.0
118 222.40903
119 93.825325
120 237.07039
121 201.25198
122 108.70531
123 61.195396
124 343.06317
125 173.38538
126 148.76057
127 218.4
128 25.254234
129 330.4169
130 187.0
131 0.0
132 187.9399
133 0.0
134 56.394146
135 0.0
136 148.133
137 219.0
138 38.51174
139 0.0
140 2.2680001
141 0.0
142 116.34421
143 76.93546
144 5.4874773
145 176.249
146 14.491468
147 155.6
148 10.527935
149 19.777493
150 137.24304
151 84.86935
152 0.0
153 24.547825
154 155.6
155 416.56284
156 77.843124
157 164.0
158 155.0
159 164.0
160 155.0
161 155.6
162 169.86601
163 284.2
164 37.356857
165 170.85086
166 0.0
167 9.927935
168 4.4409366
169 0.0
170 155.0
171 0.0
172 115.11005
173 48.724426
174 202.05984
175 316.0418
176 155.0
177 205.89096
178 0.0
179 0.0
180 0.0
181 0.0
182 79.04516
183 133.46529
184 134.02927
185 9.106299
186 0.0
187 0.0
188 1.1340001
189 0.0
190 0.0
191 3.5315962
192 31.830143
193 0.0
194 134.06569
195 143.34631
196 17.937014
197 11.812944
198 13.020342
199 323.02866
200 225.85086
201 396.04648
202 222.57278
203 271.88718
204 97.426216
205 320.0456
206 275.81845
207 0.0
208 379.3631
209 370.82312
210 420.86676
211 314.20554
212 267.0
213 381.0642
214 448.2014
215 115.19957
216 169.69998
217 170.173
218 141.78387
219 113.62967
220 252.01613
221 14.381116
222 55.10535
223 119.96808
224 242.281
225 206.54967
226 267.0
227 267.0
228 176.13403
229 173.5019
230 393.40952
231 225.65974
232 237.31865
233 380.1109
234 384.9304
235 3.4890513
236 226.97911
237 267.0
238 250.76848
239 308.47336
240 254.1146
241 282.38327
242 142.4978
243 129.73315
244 56.579277
245 158.69852
246 190.22638
247 324.0
248 231.17775
249 3.8238797
250 109.01221
251 278.9611
252 179.89514
253 118.85497
254 22.681644
255 322.4637
256 11.988956
257 144.38934
258 271.77597
259 91.66763
260 1.6032255
261 0.0
262 267.6
263 30.889593
264 47.128136
265 51.50929
266 387.36835
267 395.0469
268 375.08838
269 142.49582
270 31.053421
271 0.0
272 0.0
273 297.79633
274 363.49728
275 81.930534
276 173.21452
277 157.79257
278 262.9355
279 200.67389
280 90.9605
281 308.56384
282 56.27098
283 0.0
284 16.989578
285 57.335358
286 0.0
287 89.45464
288 39.897064
289 132.50134
290 413.706
291 82.88936
292 20.099545
293 31.577225
294 0.0
295 365.18164
296 267.0
297 118.29634
298 191.25728
299 0.0
300 248.31897
301 242.6029
302 251.0
303 248.8061
304 448.902
305 240.66736
306 247.71782
307 251.0
308 224.82574
309 12.4452915
310 235.86809
311 235.94566
312 218.76425
313 222.94861
314 103.62355
315 101.25062
316 163.51735
317 491.0
318 228.42395
319 127.368454
320 87.25263
321 237.1086
322 229.2583
323 238.07727
324 218.39963
325 126.48717
326 221.73077
327 229.02133
328 251.0
329 238.03377
330 236.01122
331 79.642654
332 1.1340001
333 167.3961
334 251.0
335 229.8046
336 242.15974
337 142.07896
338 251.0
339 145.13011
340 238.99814
341 141.20236
342 234.48804
343 76.71328
344 251.0
345 69.336655
346 244.74812
347 187.29907
348 73.0421
349 78.84716
350 179.57397
351 133.5048
352 0.0
353 171.8922
354 54.864384
355 156.3062
356 15.131962
357 0.0
358 61.365646
359 18.406479
360 184.69708
361 145.26874
362 32.28924
363 235.60115
364 82.5247
365 170.27763
366 251.0
367 242.36058
368 115.96199
369 82.43246
370 78.32466
371 222.77394
372 222.67632
373 44.892548
374 66.634346
375 225.94632
376 175.39156
377 75.07279
378 223.78412
379 228.2005
380 176.82437
381 494.09213
382 86.099625
383 175.32988
384 51.656803
385 57.36802
386 112.19511
387 160.34338
388 144.5189
389 46.183353
390 50.419865
391 136.60345
392 216.55544
393 244.4797
394 226.94016
395 238.26137
396 225.47026
397 235.28873
398 137.5645
399 126.471306
400 0.0
401 306.08017
402 427.0
403 421.21158
404 315.0
405 315.0
406 84.25931
407 150.51543
408 203.0
409 203.0
410 155.11734
411 157.53918
412 427.0
413 284.5749
414 102.43268
415 426.29504
416 203.0
417 173.69641
418 138.05988
419 101.27934
420 269.24307
421 427.6
422 204.134
423 176.23882
424 152.51965
425 178.64183
426 294.1747
427 203.0
428 427.1913
429 180.34381
430 171.27457
431 203.0
432 233.8
433 174.0575
434 45.76724
435 71.63108
436 276.67926
437 165.18776
438 185.36404
439 203.0
440 203.0
441 3.4680002
442 132.04944
443 285.25192
444 73.65673
445 85.92729
446 185.3064
447 203.0
448 216.90445
449 111.76605
450 191.46638
451 175.25255
452 203.0
453 203.0
454 193.02995
455 75.93211
456 203.0
457 191.04994
458 92.74486
459 46.42577
460 203.0
461 0.0
462 221.95903
463 100.05343
464 278.54108
465 190.95082
466 109.981766
467 181.03056
468 0.0
469 203.0
470 275.5971
471 203.0
472 203.0
473 203.0
474 203.0
475 46.031807
476 203.0
477 203.0
478 93.33856
479 142.77603
480 72.0603
481 104.62472
482 132.61087
483 203.0
484 37.328438
485 203.0
486 109.9778
487 60.203503
488 166.56094
489 203.0
490 92.69745
491 86.74664
492 203.0
493 204.134
494 236.03828
495 203.0
496 40.050316
497 64.582535
498 203.0
499 164.94942
500 203.0
501 213.2031
502 235.0
503 403.4081
504 182.10365
505 235.0
506 177.61462
507 159.77315
508 163.60674
509 146.33835
510 235.0
511 75.89026
512 207.60043
513 120.60517
514 136.7323
515 236.134
516 171.0
517 235.0
518 235.0
519 539.0
520 132.47935
521 172.134
522 171.0
523 103.14158
524 235.0
525 235.0
526 342.97266
527 210.77101
528 213.55226
529 361.45233
530 235.0
531 171.0
532 235.0
533 237.674
534 143.07744
535 51.566105
536 144.4712
537 208.23204
538 153.37602
539 235.0
540 363.0
541 393.25684
542 267.22797
543 167.70511
544 171.0
545 171.0
546 171.0
547 145.05908
548 171.0
549 240.25076
550 165.35182
551 169.866
552 171.0
553 115.99927
554 164.38538
555 236.134
556 96.161255
557 151.77231
558 169.866
559 171.0
560 363.0
561 105.14569
562 135.96198
563 33.240376
564 220.75696
565 39.688313
566 172.73401
567 235.0
568 355.72943
569 65.46564
570 214.98895
571 539.0
572 209.78572
573 176.68436
574 334.37915
575 115.685
576 79.80289
577 235.0
578 171.0
579 359.75928
580 363.0
581 172.134
582 172.134
583 104.83526
584 341.9943
585 167.83565
586 235.0
587 137.75642
588 1.1340001
589 128.16685
590 332.2864
591 356.78006
592 87.49146
593 7.984826
594 171.0
595 0.0
596 1.7340001
597 235.0
598 131.24454
599 171.0
600 170.934
601 602.7795
602 587.0
603 219.0
604 315.0
605 219.0
606 313.2229
607 133.59167
608 219.0
609 298.70218
610 219.0
611 219.0
612 171.54797
613 305.17065
614 219.0
615 209.46828
616 208.19554
617 219.0
618 217.24956
619 219.73824
620 295.63318
621 219.0
622 219.0
623 219.0
624 304.24368
625 219.0
626 311.35535
627 219.0
628 149.03465
629 135.09982
630 219.0
631 219.0
632 228.40956
633 164.13641
634 203.24551
635 165.01047
636 219.0
637 209.7866
638 435.06387
639 209.08571
640 245.83849
641 176.97227
642 204.94783
643 114.52429
644 219.0
645 219.0
646 219.0
647 219.0
648 207.02702
649 219.0
650 219.0
651 30.265999
652 287.885
653 459.0
654 167.88626
655 202.33232
656 219.0
657 53.608032
658 203.98824
659 183.56563
660 219.0
661 61.105286
662 165.91264
663 45.70257
664 622.6764
665 121.56566
666 34.454742
667 219.0
668 216.73274
669 180.27432
670 219.0
671 138.18425
672 225.85086
673 306.4287
674 212.98267
675 94.50395
676 219.0
677 220.134
678 171.59717
679 2.344955
680 219.0
681 307.38336
682 11.057022
683 128.04776
684 219.0
685 110.4943
686 219.0
687 212.14914
688 219.0
689 149.56882
690 300.9907
691 204.4581
692 305.37186
693 219.0
694 162.81758
695 57.6942
696 219.0
697 0.0
698 98.992165
699 219.0
700 0.0
701 622.6764
702 260.15674
703 267.0
704 267.0
705 248.80858
706 93.456894
707 259.56363
708 246.67845
709 240.05258
710 228.69815
711 204.21538
712 231.94144
713 237.79121
714 203.6
715 218.52681
716 218.67525
717 239.61168
718 267.0
719 259.10455
720 254.14297
721 249.91284
722 203.0
723 177.03186
724 36.338875
725 116.12026
726 53.639534
727 128.20665
728 196.96907
729 77.00016
730 96.08133
731 180.0
732 252.76138
733 244.4037
734 36.775898
735 221.2044
736 251.34451
737 131.1113
738 248.82018
739 244.24811
740 203.0
741 141.75049
742 262.6761
743 250.37415
744 236.75044
745 130.72092
746 245.82288
747 249.71402
748 498.60587
749 203.0
750 247.18977
751 132.10448
752 261.03873
753 47.710606
754 246.23563
755 173.99905
756 118.69529
757 244.85773
758 57.691032
759 135.2599
760 53.648098
761 169.71567
762 244.15787
763 255.6683
764 266.59073
765 240.46301
766 234.55766
767 265.27188
768 236.106
769 81.3281
770 79.323364
771 98.053116
772 240.30537
773 81.22339
774 203.6
775 238.64056
776 0.0
777 266.3243
778 252.05084
779 247.7605
780 182.73149
781 16.019243
782 239.00116
783 74.1781
784 247.94298
785 71.71156
786 174.56412
787 267.6
788 1019.0
789 122.16592
790 239.7828
791 234.50789
792 28.64497
793 155.46877
794 112.69182
795 185.82115
796 194.57353
797 267.0
798 165.56047
799 240.5172
800 246.51166
801 105.958626
