1 0.0
2 219.0
3 0.0
4 235.0
5 32.0
6 25.385368
7 0.0
8 44.155464
9 219.0
10 158.85448
11 175.2052
12 0.0
13 0.0
14 0.0
15 32.0
16 220.134
17 38.61463
18 0.0
19 0.0
20 38.61463
21 32.0
22 25.385368
23 32.0
24 103.940704
25 32.0
26 0.0
27 189.06651
28 19.844534
29 38.61463
30 93.37531
31 32.0
32 38.850822
33 32.0
34 0.0
35 219.0
36 25.385368
37 92.964134
38 0.0
39 25.385368
40 32.0
41 219.0
42 315.0
43 98.682686
44 0.0
45 38.61463
46 219.0
47 32.0
48 32.0
49 0.0
50 0.0
51 0.0
52 0.0
53 32.0
54 236.134
55 30.866
56 219.0
57 0.0
58 0.0
59 30.8
60 32.0
61 158.75076
62 0.0
63 0.0
64 158.85446
65 32.0
66 219.0
67 235.0
68 0.0
69 44.155464
70 158.85448
71 1.1340001
72 158.85448
73 93.37531
74 0.0
75 32.0
76 1.1340001
77 0.0
78 1.1340001
79 32.0
80 30.866
81 0.0
82 219.0
83 147.82523
84 32.0
85 32.0
86 158.77225
87 93.37531
88 0.0
89 25.385368
90 25.385368
91 0.0
92 33.134
93 32.0
94 93.37531
95 219.0
96 220.134
97 32.0
98 30.866
99 32.0
100 0.0
101 315.0
102 315.0
103 236.134
104 235.0
105 235.0
106 220.134
107 220.134
108 219.0
109 219.0
110 219.0
111 219.0
112 219.0
113 219.0
114 219.0
115 219.0
116 219.0
117 189.06651
118 175.2052
119 158.85448
120 158.85448
121 158.85448
122 158.85446
123 158.77225
124 158.75076
125 147.82523
126 103.940704
127 98.682686
128 93.37531
129 93.37531
130 93.37531
131 93.37531
132 92.964134
133 44.155464
134 44.155464
135 38.850822
136 38.61463
137 38.61463
138 38.61463
139 38.61463
140 33.134
141 32.0
142 32.0
143 32.0
144 32.0
145 32.0
146 32.0
147 32.0
148 32.0
149 32.0
150 32.0
151 32.0
152 0.0
153 32.0
154 32.0
155 197.9434
156 219.0
157 33.134
158 49.285866
159 219.0
160 219.0
161 1.1340001
162 169.70625
163 192.99916
164 219.0
165 0.0
166 32.0
167 0.0
168 98.682686
169 0.0
170 169.6173
171 169.5441
172 158.85446
173 158.77225
174 219.0
175 142.32672
176 220.134
177 103.940704
178 33.134
179 25.385368
180 158.85446
181 25.385368
182 0.0
183 6.6146307
184 32.0
185 32.0
186 14.714138
187 0.0
188 32.0
189 98.682686
190 33.134
191 30.866
192 38.61463
193 30.8
194 32.0
195 32.0
196 33.134
197 0.0
198 32.0
199 82.17816
200 25.385368
201 0.0
202 315.0
203 236.134
204 235.0
205 235.0
206 220.134
207 220.134
208 220.134
209 219.0
210 219.0
211 219.0
212 219.0
213 219.0
214 219.0
215 219.0
216 219.0
217 219.0
218 219.0
219 219.0
220 219.0
221 219.0
222 219.0
223 197.9434
224 192.99916
225 189.06651
226 175.2052
227 169.70625
228 169.6173
229 169.5441
230 158.85448
231 158.85448
232 158.85448
233 158.85446
234 158.85446
235 158.85446
236 158.77225
237 158.77225
238 158.75076
239 147.82523
240 142.32672
241 103.940704
242 103.940704
243 98.682686
244 98.682686
245 98.682686
246 93.37531
247 93.37531
248 93.37531
249 93.37531
250 92.964134
251 82.17816
252 236.134
253 219.0
254 0.0
255 93.29257
256 93.29257
257 0.0
258 220.134
259 0.0
260 219.0
261 32.0
262 192.81822
263 236.134
264 30.866
265 38.61463
266 0.0
267 32.0
268 25.385368
269 169.5441
270 0.0
271 0.0
272 38.850822
273 0.0
274 236.134
275 38.61463
276 0.0
277 219.0
278 32.0
279 32.0
280 32.0
281 158.85446
282 104.07178
283 169.5441
284 0.0
285 167.12273
286 49.285866
287 153.27272
288 169.6173
289 25.385368
290 142.32672
291 0.0
292 0.0
293 30.866
294 98.682686
295 82.17816
296 98.682686
297 159.37273
298 219.0
299 30.81372
300 104.00625
301 235.0
302 315.0
303 236.134
304 236.134
305 236.134
306 236.134
307 235.0
308 235.0
309 235.0
310 220.134
311 220.134
312 220.134
313 220.134
314 219.0
315 219.0
316 219.0
317 219.0
318 219.0
319 219.0
320 219.0
321 219.0
322 219.0
323 219.0
324 219.0
325 219.0
326 219.0
327 219.0
328 219.0
329 219.0
330 219.0
331 219.0
332 197.9434
333 192.99916
334 192.81822
335 189.06651
336 175.2052
337 169.70625
338 169.6173
339 169.6173
340 169.5441
341 169.5441
342 169.5441
343 167.12273
344 159.37273
345 158.85448
346 158.85448
347 158.85448
348 158.85446
349 158.85446
350 158.85446
351 158.85446
352 30.866
353 0.0
354 32.0
355 219.0
356 235.0
357 38.61463
358 32.0
359 33.134
360 25.149174
361 33.134
362 0.0
363 0.0
364 32.0
365 219.0
366 0.0
367 33.134
368 219.0
369 14.714138
370 32.0
371 219.0
372 25.385366
373 25.385368
374 235.0
375 33.134
376 104.07178
377 98.60904
378 219.0
379 0.0
380 235.0
381 32.0
382 30.866
383 30.866
384 219.0
385 0.0
386 235.0
387 38.61463
388 219.0
389 158.85446
390 32.0
391 169.6173
392 32.0
393 158.85446
394 0.0
395 0.0
396 25.385368
397 0.0
398 32.0
399 219.0
400 93.37531
401 93.37531
402 315.0
403 236.134
404 236.134
405 236.134
406 236.134
407 235.0
408 235.0
409 235.0
410 235.0
411 235.0
412 235.0
413 235.0
414 220.134
415 220.134
416 220.134
417 220.134
418 219.0
419 219.0
420 219.0
421 219.0
422 219.0
423 219.0
424 219.0
425 219.0
426 219.0
427 219.0
428 219.0
429 219.0
430 219.0
431 219.0
432 219.0
433 219.0
434 219.0
435 219.0
436 219.0
437 219.0
438 219.0
439 219.0
440 219.0
441 219.0
442 219.0
443 219.0
444 197.9434
445 192.99916
446 192.81822
447 189.06651
448 175.2052
449 169.70625
450 169.6173
451 169.6173
452 33.134
453 219.0
454 0.0
455 0.0
456 219.0
457 33.186275
458 219.0
459 93.37531
460 32.0
461 219.0
462 219.0
463 219.0
464 147.72139
465 38.61463
466 114.92915
467 0.0
468 219.0
469 38.61463
470 0.0
471 219.0
472 153.27272
473 219.0
474 219.0
475 219.0
476 219.0
477 0.0
478 30.866
479 315.0
480 30.866
481 219.0
482 0.0
483 32.0
484 32.0
485 0.0
486 236.134
487 0.0
488 219.0
489 219.0
490 189.79309
491 30.81372
492 104.07178
493 32.0
494 33.186275
495 1.1340001
496 33.134
497 0.0
498 32.0
499 33.134
500 38.61463
501 6.6146307
502 315.0
503 315.0
504 236.134
505 236.134
506 236.134
507 236.134
508 236.134
509 235.0
510 235.0
511 235.0
512 235.0
513 235.0
514 235.0
515 235.0
516 220.134
517 220.134
518 220.134
519 220.134
520 219.0
521 219.0
522 219.0
523 219.0
524 219.0
525 219.0
526 219.0
527 219.0
528 219.0
529 219.0
530 219.0
531 219.0
532 219.0
533 219.0
534 219.0
535 219.0
536 219.0
537 219.0
538 219.0
539 219.0
540 219.0
541 219.0
542 219.0
543 219.0
544 219.0
545 219.0
546 219.0
547 219.0
548 219.0
549 219.0
550 219.0
551 219.0
552 219.0
553 33.134
554 0.0
555 235.0
556 220.134
557 235.0
558 32.0
559 219.0
560 219.0
561 32.0
562 158.85446
563 219.0
564 25.385368
565 153.27272
566 0.0
567 104.00625
568 219.0
569 104.00625
570 0.0
571 219.0
572 219.0
573 220.134
574 219.0
575 219.0
576 219.0
577 207.39551
578 219.0
579 236.134
580 169.6173
581 219.0
582 93.37531
583 38.61463
584 32.0
585 32.0
586 219.0
587 235.0
588 104.00625
589 38.61463
590 98.682686
591 219.0
592 219.0
593 0.0
594 147.82523
595 235.0
596 236.134
597 235.0
598 38.61463
599 219.0
600 0.0
601 219.0
602 315.0
603 315.0
604 236.134
605 236.134
606 236.134
607 236.134
608 236.134
609 236.134
610 236.134
611 235.0
612 235.0
613 235.0
614 235.0
615 235.0
616 235.0
617 235.0
618 235.0
619 235.0
620 235.0
621 235.0
622 235.0
623 220.134
624 220.134
625 220.134
626 220.134
627 220.134
628 220.134
629 219.0
630 219.0
631 219.0
632 219.0
633 219.0
634 219.0
635 219.0
636 219.0
637 219.0
638 219.0
639 219.0
640 219.0
641 219.0
642 219.0
643 219.0
644 219.0
645 219.0
646 219.0
647 219.0
648 219.0
649 219.0
650 219.0
651 219.0
652 236.134
653 219.0
654 219.0
655 147.72139
656 189.06651
657 220.134
658 236.134
659 235.0
660 235.0
661 235.0
662 1.1340001
663 0.0
664 219.0
665 32.0
666 0.0
667 169.5441
668 236.134
669 32.0
670 315.0
671 0.0
672 38.61463
673 33.134
674 98.682686
675 220.134
676 235.0
677 33.134
678 236.134
679 30.866
680 0.0
681 32.0
682 219.0
683 1.1340001
684 219.0
685 38.61463
686 235.0
687 219.0
688 208.91522
689 235.0
690 30.866
691 192.99916
692 219.0
693 25.385368
694 0.0
695 219.0
696 0.0
697 0.0
698 19.844534
699 219.0
700 98.682686
701 235.0
702 315.0
703 315.0
704 315.0
705 236.134
706 236.134
707 236.134
708 236.134
709 236.134
710 236.134
711 236.134
712 236.134
713 236.134
714 236.134
715 236.134
716 235.0
717 235.0
718 235.0
719 235.0
720 235.0
721 235.0
722 235.0
723 235.0
724 235.0
725 235.0
726 235.0
727 235.0
728 235.0
729 235.0
730 235.0
731 235.0
732 235.0
733 235.0
734 235.0
735 220.134
736 220.134
737 220.134
738 220.134
739 220.134
740 220.134
741 220.134
742 220.134
743 219.0
744 219.0
745 219.0
746 219.0
747 219.0
748 219.0
749 219.0
750 219.0
751 219.0
752 315.0
753 315.0
754 25.385366
755 147.72139
756 219.0
757 220.134
758 219.0
759 25.385368
760 236.134
761 158.85446
762 235.0
763 219.0
764 220.134
765 219.0
766 235.0
767 219.0
768 236.134
769 180.3229
770 158.77225
771 163.9763
772 219.0
773 315.0
774 32.0
775 0.0
776 0.0
777 30.866
778 219.0
779 32.0
780 0.0
781 32.0
782 6.6146307
783 219.0
784 0.0
785 219.0
786 147.72139
787 236.134
788 219.0
789 219.0
790 219.0
791 163.9763
792 32.0
793 32.0
794 6.6146307
795 32.0
796 219.0
797 0.0
798 219.0
799 191.32262
800 219.0
801 219.0
802 315.0
803 315.0
804 315.0
805 315.0
806 315.0
807 315.0
808 236.134
809 236.134
810 236.134
811 236.134
812 236.134
813 236.134
814 236.134
815 236.134
816 236.134
817 236.134
818 236.134
819 236.134
820 236.134
821 236.134
822 235.0
823 235.0
824 235.0
825 235.0
826 235.0
827 235.0
828 235.0
829 235.0
830 235.0
831 235.0
832 235.0
833 235.0
834 235.0
835 235.0
836 235.0
837 235.0
838 235.0
839 235.0
840 235.0
841 235.0
842 235.0
843 220.134
844 220.134
845 220.134
846 220.134
847 220.134
848 220.134
849 220.134
850 220.134
851 220.134
852 32.0
853 38.61463
854 25.385368
855 235.0
856 0.0
857 32.0
858 153.2265
859 220.134
860 147.72139
861 219.0
862 235.0
863 219.0
864 236.134
865 0.0
866 235.0
867 147.72139
868 220.134
869 236.134
870 104.00625
871 235.0
872 0.0
873 219.0
874 6.6146307
875 1.1340001
876 315.0
877 93.37531
878 32.0
879 219.0
880 235.0
881 0.0
882 25.385366
883 32.0
884 174.73912
885 25.385368
886 0.0
887 30.866
888 147.72139
889 0.0
890 103.940704
891 1.1340001
892 236.134
893 32.0
894 93.29257
895 219.0
896 220.134
897 32.0
898 219.0
899 219.0
900 33.2
901 219.0
902 315.0
903 315.0
904 315.0
905 315.0
906 315.0
907 315.0
908 315.0
909 236.134
910 236.134
911 236.134
912 236.134
913 236.134
914 236.134
915 236.134
916 236.134
917 236.134
918 236.134
919 236.134
920 236.134
921 236.134
922 236.134
923 236.134
924 236.134
925 236.134
926 235.0
927 235.0
928 235.0
929 235.0
930 235.0
931 235.0
932 235.0
933 235.0
934 235.0
935 235.0
936 235.0
937 235.0
938 235.0
939 235.0
940 235.0
941 235.0
942 235.0
943 235.0
944 235.0
945 235.0
946 235.0
947 235.0
948 235.0
949 235.0
950 235.0
951 235.0
952 235.0
953 219.0
954 219.0
955 219.0
956 32.0
957 0.0
958 219.0
959 220.134
960 235.0
961 235.0
962 219.0
963 219.0
964 219.0
965 219.0
966 93.29257
967 219.0
968 236.134
969 219.0
970 219.0
971 219.0
972 235.0
973 236.134
974 235.0
975 219.0
976 235.0
977 236.134
978 235.0
979 219.0
980 219.0
981 0.0
982 235.0
983 32.0
984 32.0
985 163.93513
986 219.0
987 0.0
988 235.0
989 219.0
990 98.60904
991 169.58069
992 30.866
993 267.69638
994 219.0
995 219.0
996 38.61463
997 236.134
998 236.134
999 38.850822
1000 235.0
1001 236.134
1002 315.0
1003 315.0
1004 315.0
1005 315.0
1006 315.0
1007 315.0
1008 315.0
1009 267.69638
1010 236.134
1011 236.134
1012 236.134
1013 236.134
1014 236.134
1015 236.134
1016 236.134
1017 236.134
1018 236.134
1019 236.134
1020 236.134
1021 236.134
1022 236.134
1023 236.134
1024 236.134
1025 236.134
1026 236.134
1027 236.134
1028 236.134
1029 236.134
1030 236.134
1031 236.134
1032 236.134
1033 235.0
1034 235.0
1035 235.0
1036 235.0
1037 235.0
1038 235.0
1039 235.0
1040 235.0
1041 235.0
1042 235.0
1043 235.0
1044 235.0
1045 235.0
1046 235.0
1047 235.0
1048 235.0
1049 235.0
1050 235.0
1051 235.0
1052 219.0
1053 219.0
1054 30.866
1055 219.0
1056 219.0
1057 0.0
1058 219.0
1059 315.0
1060 219.0
1061 235.0
1062 219.0
1063 147.72139
1064 98.60904
1065 235.0
1066 219.0
1067 158.85446
1068 219.0
1069 219.0
1070 206.58368
1071 236.134
1072 235.0
1073 82.17816
1074 219.0
1075 0.0
1076 235.0
1077 30.866
1078 219.0
1079 219.0
1080 219.0
1081 219.0
1082 0.0
1083 235.0
1084 202.01268
1085 32.0
1086 32.0
1087 235.0
1088 0.0
1089 219.0
1090 219.0
1091 196.46931
1092 6.6146307
1093 235.0
1094 219.0
1095 219.0
1096 6.8508253
1097 197.80434
1098 214.53856
1099 93.37531
1100 220.134
1101 219.0
1102 315.0
1103 315.0
1104 315.0
1105 315.0
1106 315.0
1107 315.0
1108 315.0
1109 315.0
1110 267.69638
1111 236.134
1112 236.134
1113 236.134
1114 236.134
1115 236.134
1116 236.134
1117 236.134
1118 236.134
1119 236.134
1120 236.134
1121 236.134
1122 236.134
1123 236.134
1124 236.134
1125 236.134
1126 236.134
1127 236.134
1128 236.134
1129 236.134
1130 236.134
1131 236.134
1132 236.134
1133 236.134
1134 236.134
1135 235.0
1136 235.0
1137 235.0
1138 235.0
1139 235.0
1140 235.0
1141 235.0
1142 235.0
1143 235.0
1144 235.0
1145 235.0
1146 235.0
1147 235.0
1148 235.0
1149 235.0
1150 235.0
1151 235.0
1152 98.682686
1153 219.0
1154 235.0
1155 33.134
1156 235.0
1157 0.0
1158 219.0
1159 219.0
1160 199.96294
1161 0.0
1162 147.72139
1163 219.0
1164 236.134
1165 236.134
1166 235.0
1167 236.134
1168 235.0
1169 236.134
1170 25.385368
1171 220.134
1172 219.0
1173 235.0
1174 87.6954
1175 219.0
1176 32.0
1177 219.0
1178 219.0
1179 220.134
1180 219.0
1181 32.0
1182 219.0
1183 219.0
1184 219.0
1185 219.0
1186 219.0
1187 219.0
1188 236.134
1189 235.0
1190 32.0
1191 219.0
1192 38.61463
1193 219.0
1194 220.134
1195 32.0
1196 219.0
1197 38.61463
1198 235.0
1199 160.16124
1200 219.0
1201 219.0
1202 315.0
1203 315.0
1204 315.0
1205 315.0
1206 315.0
1207 315.0
1208 315.0
1209 315.0
1210 267.69638
1211 236.134
1212 236.134
1213 236.134
1214 236.134
1215 236.134
1216 236.134
1217 236.134
1218 236.134
1219 236.134
1220 236.134
1221 236.134
1222 236.134
1223 236.134
1224 236.134
1225 236.134
1226 236.134
1227 236.134
1228 236.134
1229 236.134
1230 236.134
1231 236.134
1232 236.134
1233 236.134
1234 236.134
1235 236.134
1236 236.134
1237 236.134
1238 236.134
1239 236.134
1240 235.0
1241 235.0
1242 235.0
1243 235.0
1244 235.0
1245 235.0
1246 235.0
1247 235.0
1248 235.0
1249 235.0
1250 235.0
1251 235.0
1252 219.0
1253 1.1340001
1254 32.0
1255 236.134
1256 219.0
1257 235.0
1258 103.940704
1259 219.0
1260 219.0
1261 235.0
1262 219.0
1263 0.0
1264 93.37531
1265 215.10936
1266 219.0
1267 219.0
1268 219.0
1269 219.0
1270 93.29257
1271 315.0
1272 219.0
1273 220.134
1274 219.0
1275 235.0
1276 219.0
1277 219.0
1278 104.07178
1279 163.93513
1280 219.0
1281 235.0
1282 25.385368
1283 219.0
1284 235.0
1285 235.0
1286 219.0
1287 0.0
1288 267.68005
1289 219.0
1290 0.0
1291 235.0
1292 219.0
1293 219.0
1294 219.0
1295 219.0
1296 32.0
1297 158.85446
1298 219.0
1299 316.134
1300 219.0
1301 236.134
1302 316.134
1303 316.134
1304 315.0
1305 315.0
1306 315.0
1307 315.0
1308 315.0
1309 315.0
1310 315.0
1311 315.0
1312 315.0
1313 267.69638
1314 267.68005
1315 236.134
1316 236.134
1317 236.134
1318 236.134
1319 236.134
1320 236.134
1321 236.134
1322 236.134
1323 236.134
1324 236.134
1325 236.134
1326 236.134
1327 236.134
1328 236.134
1329 236.134
1330 236.134
1331 236.134
1332 236.134
1333 236.134
1334 236.134
1335 236.134
1336 236.134
1337 236.134
1338 236.134
1339 236.134
1340 236.134
1341 236.134
1342 236.134
1343 236.134
1344 236.134
1345 236.134
1346 235.0
1347 235.0
1348 235.0
1349 235.0
1350 235.0
1351 235.0
1352 235.0
1353 219.0
1354 32.0
1355 235.0
1356 219.0
1357 93.37531
1358 0.0
1359 235.0
1360 236.134
1361 219.0
1362 0.0
1363 0.0
1364 219.0
1365 235.0
1366 219.0
1367 219.0
1368 33.134
1369 0.0
1370 219.0
1371 235.0
1372 236.134
1373 32.0
1374 235.0
1375 235.0
1376 38.61463
1377 219.0
1378 219.0
1379 219.0
1380 219.0
1381 236.134
1382 235.0
1383 0.0
1384 169.6173
1385 235.0
1386 219.0
1387 219.0
1388 235.0
1389 220.134
1390 87.59094
1391 219.0
1392 236.134
1393 219.0
1394 219.0
1395 219.0
1396 219.0
1397 235.0
1398 235.0
1399 30.8
1400 220.134
1401 235.0
1402 0.0
1403 316.134
1404 315.0
1405 315.0
1406 315.0
1407 315.0
1408 315.0
1409 315.0
1410 315.0
1411 315.0
1412 315.0
1413 267.69638
1414 267.68005
1415 236.134
1416 236.134
1417 236.134
1418 236.134
1419 236.134
1420 236.134
1421 236.134
1422 236.134
1423 236.134
1424 236.134
1425 236.134
1426 236.134
1427 236.134
1428 236.134
1429 236.134
1430 236.134
1431 236.134
1432 236.134
1433 236.134
1434 236.134
1435 236.134
1436 236.134
1437 236.134
1438 236.134
1439 236.134
1440 236.134
1441 236.134
1442 236.134
1443 236.134
1444 236.134
1445 236.134
1446 236.134
1447 236.134
1448 236.134
1449 236.134
1450 235.0
1451 235.0
1452 235.0
1453 236.134
1454 235.0
1455 169.5441
1456 316.134
1457 31.4
1458 32.0
1459 236.134
1460 219.0
1461 219.0
1462 32.0
1463 0.0
1464 30.866
1465 98.535385
1466 174.73912
1467 219.0
1468 219.0
1469 219.0
1470 32.0
1471 235.0
1472 158.85448
1473 33.134
1474 163.93513
1475 219.0
1476 0.0
1477 219.0
1478 93.37531
1479 235.0
1480 236.134
1481 219.0
1482 236.134
1483 236.134
1484 32.0
1485 104.00625
1486 236.134
1487 147.72139
1488 33.134
1489 104.00625
1490 219.0
1491 169.5441
1492 1.1340001
1493 219.0
1494 219.0
1495 236.134
1496 104.00625
1497 220.134
1498 219.0
1499 220.134
1500 235.0
1501 197.17192
1502 30.866
1503 316.134
1504 316.134
1505 315.0
1506 315.0
1507 315.0
1508 315.0
1509 315.0
1510 315.0
1511 315.0
1512 315.0
1513 315.0
1514 267.69638
1515 267.68005
1516 236.134
1517 236.134
1518 236.134
1519 236.134
1520 236.134
1521 236.134
1522 236.134
1523 236.134
1524 236.134
1525 236.134
1526 236.134
1527 236.134
1528 236.134
1529 236.134
1530 236.134
1531 236.134
1532 236.134
1533 236.134
1534 236.134
1535 236.134
1536 236.134
1537 236.134
1538 236.134
1539 236.134
1540 236.134
1541 236.134
1542 236.134
1543 236.134
1544 236.134
1545 236.134
1546 236.134
1547 236.134
1548 236.134
1549 236.134
1550 236.134
1551 236.134
1552 236.134
1553 219.0
1554 219.0
1555 0.0
1556 235.0
1557 93.29257
1558 0.0
1559 315.0
1560 235.0
1561 104.00625
1562 219.0
1563 315.0
1564 315.0
1565 235.0
1566 235.0
1567 219.0
1568 235.0
1569 98.60904
1570 219.0
1571 235.0
1572 236.134
1573 158.85448
1574 0.0
1575 219.0
1576 158.85448
1577 174.73912
1578 219.0
1579 235.0
1580 0.0
1581 236.134
1582 103.940704
1583 219.0
1584 219.0
1585 236.134
1586 0.0
1587 235.0
1588 219.0
1589 236.134
1590 0.0
1591 93.29257
1592 163.93513
1593 191.2551
1594 219.0
1595 236.134
1596 219.0
1597 169.5441
1598 32.0
1599 219.0
1600 219.0
1601 219.0
1602 235.0
1603 316.134
1604 316.134
1605 315.0
1606 315.0
1607 315.0
1608 315.0
1609 315.0
1610 315.0
1611 315.0
1612 315.0
1613 315.0
1614 315.0
1615 315.0
1616 315.0
1617 267.69638
1618 267.68005
1619 236.134
1620 236.134
1621 236.134
1622 236.134
1623 236.134
1624 236.134
1625 236.134
1626 236.134
1627 236.134
1628 236.134
1629 236.134
1630 236.134
1631 236.134
1632 236.134
1633 236.134
1634 236.134
1635 236.134
1636 236.134
1637 236.134
1638 236.134
1639 236.134
1640 236.134
1641 236.134
1642 236.134
1643 236.134
1644 236.134
1645 236.134
1646 236.134
1647 236.134
1648 236.134
1649 236.134
1650 236.134
1651 236.134
1652 236.134
1653 219.0
1654 33.134
1655 219.0
1656 32.0
1657 219.0
1658 235.0
1659 235.0
1660 87.6954
1661 33.134
1662 235.0
1663 315.0
1664 236.134
1665 219.0
1666 32.0
1667 158.85446
1668 32.0
1669 32.0
1670 219.0
1671 236.134
1672 180.3962
1673 236.134
1674 219.0
1675 32.0
1676 219.0
1677 235.0
1678 256.62057
1679 235.0
1680 236.134
1681 158.85448
1682 219.0
1683 219.0
1684 219.0
1685 219.0
1686 236.134
1687 235.0
1688 219.0
1689 236.134
1690 236.134
1691 219.0
1692 0.0
1693 236.134
1694 197.49786
1695 219.0
1696 219.0
1697 235.0
1698 219.0
1699 98.60904
1700 32.0
1701 219.0
1702 0.0
1703 316.134
1704 316.134
1705 315.0
1706 315.0
1707 315.0
1708 315.0
1709 315.0
1710 315.0
1711 315.0
1712 315.0
1713 315.0
1714 315.0
1715 315.0
1716 315.0
1717 315.0
1718 267.69638
1719 267.68005
1720 256.62057
1721 236.134
1722 236.134
1723 236.134
1724 236.134
1725 236.134
1726 236.134
1727 236.134
1728 236.134
1729 236.134
1730 236.134
1731 236.134
1732 236.134
1733 236.134
1734 236.134
1735 236.134
1736 236.134
1737 236.134
1738 236.134
1739 236.134
1740 236.134
1741 236.134
1742 236.134
1743 236.134
1744 236.134
1745 236.134
1746 236.134
1747 236.134
1748 236.134
1749 236.134
1750 236.134
1751 236.134
1752 236.134
1753 219.0
1754 219.0
1755 219.0
1756 191.5832
1757 315.0
1758 98.682686
1759 315.0
1760 235.0
1761 235.0
1762 220.134
1763 219.0
1764 235.0
1765 316.134
1766 272.9854
1767 219.0
1768 315.0
1769 219.0
1770 219.0
1771 219.0
1772 219.0
1773 0.0
1774 0.0
1775 219.0
1776 235.0
1777 219.0
1778 219.0
1779 236.134
1780 98.60904
1781 147.72139
1782 236.134
1783 219.0
1784 158.85448
1785 158.85448
1786 32.0
1787 236.134
1788 0.0
1789 235.0
1790 235.0
1791 220.134
1792 219.0
1793 109.468094
1794 32.0
1795 219.0
1796 163.93513
1797 219.0
1798 220.134
1799 93.37531
1800 222.99576
1801 219.0
1802 98.682686
1803 316.134
1804 316.134
1805 316.134
1806 315.0
1807 315.0
1808 315.0
1809 315.0
1810 315.0
1811 315.0
1812 315.0
1813 315.0
1814 315.0
1815 315.0
1816 315.0
1817 315.0
1818 315.0
1819 315.0
1820 315.0
1821 315.0
1822 272.9854
1823 267.69638
1824 267.68005
1825 256.62057
1826 236.134
1827 236.134
1828 236.134
1829 236.134
1830 236.134
1831 236.134
1832 236.134
1833 236.134
1834 236.134
1835 236.134
1836 236.134
1837 236.134
1838 236.134
1839 236.134
1840 236.134
1841 236.134
1842 236.134
1843 236.134
1844 236.134
1845 236.134
1846 236.134
1847 236.134
1848 236.134
1849 236.134
1850 236.134
1851 236.134
1852 236.134
1853 1.1340001
1854 235.0
1855 235.0
1856 219.0
1857 158.85446
1858 219.0
1859 158.85446
1860 207.39551
1861 93.37531
1862 219.0
1863 219.0
1864 219.0
1865 32.0
1866 32.0
1867 25.385368
1868 219.0
1869 0.0
1870 25.385368
1871 219.0
1872 219.0
1873 158.85446
1874 235.0
1875 235.0
1876 87.59094
1877 0.0
1878 241.07779
1879 158.85446
1880 236.134
1881 235.0
1882 219.0
1883 219.0
1884 235.0
1885 219.0
1886 235.0
1887 219.0
1888 32.0
1889 219.0
1890 158.85446
1891 219.0
1892 236.134
1893 6.6146307
1894 235.0
1895 0.0
1896 0.0
1897 219.0
1898 219.0
1899 236.134
1900 220.134
1901 236.134
1902 32.0
1903 316.134
1904 316.134
1905 316.134
1906 315.0
1907 315.0
1908 315.0
1909 315.0
1910 315.0
1911 315.0
1912 315.0
1913 315.0
1914 315.0
1915 315.0
1916 315.0
1917 315.0
1918 315.0
1919 315.0
1920 315.0
1921 315.0
1922 272.9854
1923 267.69638
1924 267.68005
1925 256.62057
1926 241.07779
1927 236.134
1928 236.134
1929 236.134
1930 236.134
1931 236.134
1932 236.134
1933 236.134
1934 236.134
1935 236.134
1936 236.134
1937 236.134
1938 236.134
1939 236.134
1940 236.134
1941 236.134
1942 236.134
1943 236.134
1944 236.134
1945 236.134
1946 236.134
1947 236.134
1948 236.134
1949 236.134
1950 236.134
1951 236.134
1952 236.134
1953 219.0
1954 220.134
1955 219.0
1956 219.0
1957 93.37531
1958 219.0
1959 219.0
1960 191.32262
1961 219.0
1962 98.682686
1963 315.0
1964 93.37531
1965 219.0
1966 0.0
1967 219.0
1968 219.0
1969 315.0
1970 235.0
1971 219.0
1972 103.940704
1973 235.0
1974 219.0
1975 315.0
1976 235.0
1977 219.0
1978 147.72139
1979 219.0
1980 235.0
1981 273.21307
1982 147.72139
1983 236.134
1984 220.134
1985 219.0
1986 32.0
1987 219.0
1988 236.134
1989 0.0
1990 174.73912
1991 219.0
1992 25.385368
1993 236.134
1994 32.0
1995 219.0
1996 25.385368
1997 219.0
1998 236.134
1999 219.0
2000 220.134
2001 219.0
2002 38.61463
2003 316.134
2004 316.134
2005 316.134
2006 315.0
2007 315.0
2008 315.0
2009 315.0
2010 315.0
2011 315.0
2012 315.0
2013 315.0
2014 315.0
2015 315.0
2016 315.0
2017 315.0
2018 315.0
2019 315.0
2020 315.0
2021 315.0
2022 315.0
2023 315.0
2024 315.0
2025 273.21307
2026 272.9854
2027 267.69638
2028 267.68005
2029 256.62057
2030 241.07779
2031 236.134
2032 236.134
2033 236.134
2034 236.134
2035 236.134
2036 236.134
2037 236.134
2038 236.134
2039 236.134
2040 236.134
2041 236.134
2042 236.134
2043 236.134
2044 236.134
2045 236.134
2046 236.134
2047 236.134
2048 236.134
2049 236.134
2050 236.134
2051 236.134
2052 236.134
2053 25.385366
2054 219.0
2055 235.0
2056 235.0
2057 219.0
2058 219.0
2059 219.0
2060 235.0
2061 219.0
2062 235.0
2063 235.0
2064 93.37531
2065 32.0
2066 93.37531
2067 219.0
2068 158.85446
2069 32.0
2070 32.0
2071 219.0
2072 235.0
2073 0.0
2074 220.134
2075 236.134
2076 315.0
2077 93.37531
2078 315.0
2079 219.0
2080 235.0
2081 219.0
2082 219.0
2083 219.0
2084 32.0
2085 32.0
2086 235.0
2087 158.85448
2088 236.134
2089 214.91109
2090 98.60904
2091 235.0
2092 219.0
2093 219.0
2094 235.0
2095 33.134
2096 220.134
2097 219.0
2098 158.85446
2099 32.0
2100 235.0
2101 235.0
2102 219.0
2103 316.134
2104 316.134
2105 316.134
2106 315.0
2107 315.0
2108 315.0
2109 315.0
2110 315.0
2111 315.0
2112 315.0
2113 315.0
2114 315.0
2115 315.0
2116 315.0
2117 315.0
2118 315.0
2119 315.0
2120 315.0
2121 315.0
2122 315.0
2123 315.0
2124 315.0
2125 315.0
2126 315.0
2127 273.21307
2128 272.9854
2129 267.69638
2130 267.68005
2131 256.62057
2132 241.07779
2133 236.134
2134 236.134
2135 236.134
2136 236.134
2137 236.134
2138 236.134
2139 236.134
2140 236.134
2141 236.134
2142 236.134
2143 236.134
2144 236.134
2145 236.134
2146 236.134
2147 236.134
2148 236.134
2149 236.134
2150 236.134
2151 236.134
2152 236.134
2153 220.134
2154 315.0
2155 219.0
2156 0.0
2157 263.19305
2158 315.0
2159 219.0
2160 32.0
2161 235.0
2162 147.72139
2163 219.0
2164 315.0
2165 32.0
2166 256.87003
2167 6.6146307
2168 220.134
2169 267.90787
2170 219.0
2171 219.0
2172 219.0
2173 235.0
2174 219.0
2175 25.385368
2176 220.134
2177 32.0
2178 93.37531
2179 0.0
2180 236.134
2181 316.134
2182 235.0
2183 219.0
2184 219.0
2185 219.0
2186 219.0
2187 104.00625
2188 0.0
2189 219.0
2190 219.0
2191 236.134
2192 33.134
2193 219.0
2194 236.134
2195 219.0
2196 219.0
2197 0.0
2198 180.29054
2199 32.0
2200 236.134
2201 219.0
2202 32.0
2203 316.134
2204 316.134
2205 316.134
2206 316.134
2207 315.0
2208 315.0
2209 315.0
2210 315.0
2211 315.0
2212 315.0
2213 315.0
2214 315.0
2215 315.0
2216 315.0
2217 315.0
2218 315.0
2219 315.0
2220 315.0
2221 315.0
2222 315.0
2223 315.0
2224 315.0
2225 315.0
2226 315.0
2227 315.0
2228 315.0
2229 315.0
2230 315.0
2231 273.21307
2232 272.9854
2233 267.90787
2234 267.69638
2235 267.68005
2236 263.19305
2237 256.87003
2238 256.62057
2239 241.07779
2240 236.134
2241 236.134
2242 236.134
2243 236.134
2244 236.134
2245 236.134
2246 236.134
2247 236.134
2248 236.134
2249 236.134
2250 236.134
2251 236.134
2252 236.134
2253 315.0
2254 33.134
2255 219.0
2256 262.35812
2257 219.0
2258 315.0
2259 32.0
2260 316.134
2261 315.0
2262 235.0
2263 235.0
2264 103.940704
2265 219.0
2266 32.0
2267 235.0
2268 315.0
2269 315.0
2270 93.37531
2271 315.0
2272 219.0
2273 315.0
2274 219.0
2275 219.0
2276 32.0
2277 219.0
2278 32.0
2279 255.10814
2280 219.0
2281 1.1340001
2282 315.0
2283 269.36066
2284 153.27272
2285 32.0
2286 235.0
2287 219.0
2288 219.0
2289 219.0
2290 235.0
2291 219.0
2292 236.134
2293 219.0
2294 32.0
2295 235.0
2296 1.1340001
2297 236.134
2298 219.0
2299 220.134
2300 82.17816
2301 169.6173
2302 93.37531
2303 316.134
2304 316.134
2305 316.134
2306 316.134
2307 316.134
2308 315.0
2309 315.0
2310 315.0
2311 315.0
2312 315.0
2313 315.0
2314 315.0
2315 315.0
2316 315.0
2317 315.0
2318 315.0
2319 315.0
2320 315.0
2321 315.0
2322 315.0
2323 315.0
2324 315.0
2325 315.0
2326 315.0
2327 315.0
2328 315.0
2329 315.0
2330 315.0
2331 315.0
2332 315.0
2333 315.0
2334 315.0
2335 315.0
2336 315.0
2337 315.0
2338 315.0
2339 315.0
2340 273.21307
2341 272.9854
2342 269.36066
2343 267.90787
2344 267.69638
2345 267.68005
2346 263.19305
2347 262.35812
2348 256.87003
2349 256.62057
2350 255.10814
2351 241.07779
2352 236.134
2353 219.0
2354 32.0
2355 169.5441
2356 235.0
2357 192.81822
2358 219.0
2359 235.0
2360 315.0
2361 93.37531
2362 315.0
2363 235.0
2364 192.81822
2365 235.0
2366 158.85446
2367 235.0
2368 220.134
2369 315.0
2370 236.134
2371 235.0
2372 235.0
2373 219.0
2374 93.37531
2375 235.0
2376 219.0
2377 219.0
2378 0.0
2379 315.0
2380 315.0
2381 30.866
2382 316.134
2383 315.0
2384 0.0
2385 315.0
2386 235.0
2387 235.0
2388 235.0
2389 236.134
2390 32.0
2391 109.40977
2392 235.0
2393 32.0
2394 256.94495
2395 315.0
2396 32.0
2397 219.0
2398 256.87003
2399 219.0
2400 30.866
2401 247.8367
2402 236.134
2403 316.134
2404 316.134
2405 316.134
2406 316.134
2407 316.134
2408 316.134
2409 315.0
2410 315.0
2411 315.0
2412 315.0
2413 315.0
2414 315.0
2415 315.0
2416 315.0
2417 315.0
2418 315.0
2419 315.0
2420 315.0
2421 315.0
2422 315.0
2423 315.0
2424 315.0
2425 315.0
2426 315.0
2427 315.0
2428 315.0
2429 315.0
2430 315.0
2431 315.0
2432 315.0
2433 315.0
2434 315.0
2435 315.0
2436 315.0
2437 315.0
2438 315.0
2439 315.0
2440 315.0
2441 315.0
2442 315.0
2443 315.0
2444 315.0
2445 315.0
2446 315.0
2447 315.0
2448 315.0
2449 273.21307
2450 272.9854
2451 269.36066
2452 267.90787
2453 219.0
2454 219.0
2455 219.0
2456 219.0
2457 219.0
2458 220.134
2459 219.0
2460 93.37531
2461 315.0
2462 267.4638
2463 235.0
2464 32.0
2465 315.0
2466 315.0
2467 315.0
2468 219.0
2469 235.0
2470 235.0
2471 0.0
2472 315.0
2473 219.0
2474 219.0
2475 93.37531
2476 219.0
2477 32.0
2478 316.134
2479 158.85448
2480 219.0
2481 315.0
2482 235.0
2483 219.0
2484 235.0
2485 93.37531
2486 316.134
2487 235.0
2488 220.134
2489 219.0
2490 315.0
2491 33.134
2492 269.35663
2493 219.0
2494 315.0
2495 315.0
2496 219.0
2497 32.0
2498 235.0
2499 235.0
2500 93.37531
2501 32.0
2502 219.0
2503 316.134
2504 316.134
2505 316.134
2506 316.134
2507 316.134
2508 316.134
2509 316.134
2510 316.134
2511 315.0
2512 315.0
2513 315.0
2514 315.0
2515 315.0
2516 315.0
2517 315.0
2518 315.0
2519 315.0
2520 315.0
2521 315.0
2522 315.0
2523 315.0
2524 315.0
2525 315.0
2526 315.0
2527 315.0
2528 315.0
2529 315.0
2530 315.0
2531 315.0
2532 315.0
2533 315.0
2534 315.0
2535 315.0
2536 315.0
2537 315.0
2538 315.0
2539 315.0
2540 315.0
2541 315.0
2542 315.0
2543 315.0
2544 315.0
2545 315.0
2546 315.0
2547 315.0
2548 315.0
2549 315.0
2550 315.0
2551 315.0
2552 315.0
2553 219.0
2554 219.0
2555 235.0
2556 315.0
2557 235.0
2558 316.134
2559 1.1340001
2560 219.0
2561 236.134
2562 315.0
2563 25.385368
2564 207.39551
2565 315.0
2566 236.134
2567 235.0
2568 220.134
2569 235.0
2570 219.0
2571 219.0
2572 273.11526
2573 315.0
2574 220.134
2575 98.682686
2576 235.0
2577 219.0
2578 219.0
2579 32.0
2580 219.0
2581 0.0
2582 219.0
2583 25.385368
2584 219.0
2585 219.0
2586 219.0
2587 93.37531
2588 219.0
2589 315.0
2590 98.682686
2591 235.0
2592 235.0
2593 93.37531
2594 219.0
2595 219.0
2596 219.0
2597 315.0
2598 235.0
2599 235.0
2600 219.0
2601 316.134
2602 315.0
2603 316.134
2604 316.134
2605 316.134
2606 316.134
2607 316.134
2608 316.134
2609 316.134
2610 316.134
2611 316.134
2612 316.134
2613 315.0
2614 315.0
2615 315.0
2616 315.0
2617 315.0
2618 315.0
2619 315.0
2620 315.0
2621 315.0
2622 315.0
2623 315.0
2624 315.0
2625 315.0
2626 315.0
2627 315.0
2628 315.0
2629 315.0
2630 315.0
2631 315.0
2632 315.0
2633 315.0
2634 315.0
2635 315.0
2636 315.0
2637 315.0
2638 315.0
2639 315.0
2640 315.0
2641 315.0
2642 315.0
2643 315.0
2644 315.0
2645 315.0
2646 315.0
2647 315.0
2648 315.0
2649 315.0
2650 315.0
2651 315.0
2652 315.0
2653 0.0
2654 219.0
2655 236.134
2656 219.0
2657 219.0
2658 235.0
2659 32.0
2660 251.58617
2661 219.0
2662 219.0
2663 315.0
2664 219.0
2665 235.0
2666 255.58435
2667 315.0
2668 163.9763
2669 25.385368
2670 219.0
2671 219.0
2672 315.0
2673 219.0
2674 315.0
2675 315.0
2676 219.0
2677 235.0
2678 220.134
2679 0.0
2680 235.0
2681 235.0
2682 273.38388
2683 235.0
2684 315.0
2685 315.0
2686 315.0
2687 315.0
2688 236.134
2689 274.6092
2690 219.0
2691 32.0
2692 0.0
2693 98.682686
2694 30.8
2695 219.0
2696 273.20804
2697 219.0
2698 219.0
2699 0.0
2700 219.0
2701 25.149174
2702 235.0
2703 316.134
2704 316.134
2705 316.134
2706 316.134
2707 316.134
2708 316.134
2709 316.134
2710 316.134
2711 316.134
2712 316.134
2713 315.0
2714 315.0
2715 315.0
2716 315.0
2717 315.0
2718 315.0
2719 315.0
2720 315.0
2721 315.0
2722 315.0
2723 315.0
2724 315.0
2725 315.0
2726 315.0
2727 315.0
2728 315.0
2729 315.0
2730 315.0
2731 315.0
2732 315.0
2733 315.0
2734 315.0
2735 315.0
2736 315.0
2737 315.0
2738 315.0
2739 315.0
2740 315.0
2741 315.0
2742 315.0
2743 315.0
2744 315.0
2745 315.0
2746 315.0
2747 315.0
2748 315.0
2749 315.0
2750 315.0
2751 315.0
2752 315.0
2753 220.134
2754 6.6146307
2755 219.0
2756 235.0
2757 236.134
2758 315.0
2759 220.134
2760 219.0
2761 219.0
2762 219.0
2763 158.85448
2764 235.0
2765 87.6954
2766 0.0
2767 219.0
2768 219.0
2769 219.0
2770 235.0
2771 219.0
2772 235.0
2773 235.0
2774 220.134
2775 219.0
2776 315.0
2777 219.0
2778 219.0
2779 315.0
2780 267.5044
2781 219.0
