1 147.66846
2 17.467234
3 61.94359
4 66.998795
5 42.604305
6 115.06642
7 0.0
8 53.35366
9 140.92136
10 45.86483
11 33.609257
12 19.244535
13 0.0
14 44.588955
15 34.267998
16 0.0
17 65.81373
18 34.267998
19 10.331568
20 26.660824
21 196.44019
22 124.78746
23 122.7317
24 125.10386
25 0.0
26 73.75757
27 147.24847
28 41.786263
29 40.86577
30 99.23767
31 42.92044
32 21.475965
33 58.829662
34 0.0
35 27.935516
36 106.950294
37 49.285866
38 141.32835
39 20.052694
40 31.934
41 138.09845
42 0.0
43 27.935995
44 0.0
45 14.381116
46 0.0
47 25.385366
48 95.09063
49 38.61463
50 60.684357
