1 256.01575
2 0.0
3 174.70306
4 22.406523
5 0.0
6 51.1218
7 1.7340001
8 186.85938
9 0.0
10 278.06757
11 0.0
12 250.4677
13 67.12506
14 15.191805
15 121.05145
16 0.0
17 7.941743
18 136.21687
19 23.599834
20 1.2
21 203.0
22 218.74536
23 20.735352
24 48.19939
25 277.134
26 0.0
27 0.0
28 43.91842
29 51.361088
30 167.67265
31 37.654106
32 56.430855
33 0.0
34 0.0
35 18.515461
36 46.700443
37 299.0
38 6.6865206
39 80.87145
40 97.18682
41 95.94523
42 0.6
43 17.9761
44 0.0
45 0.0
46 64.80676
47 74.568954
48 41.471893
49 203.0
50 0.0
51 250.59305
52 0.0
53 250.55463
54 81.85239
55 0.0
56 67.167305
57 22.129827
58 312.7811
59 163.27824
60 0.0
61 46.89515
62 116.42324
63 0.0
64 0.0
65 80.81523
66 0.0
67 92.488914
68 86.60876
69 44.10434
70 19.66124
71 41.71999
72 196.9095
73 132.81529
74 126.83991
75 0.0
76 0.6
77 0.0
78 299.0
79 14.835651
80 77.8552
81 147.40692
82 19.84132
83 35.299076
84 0.0
85 13.159698
86 115.48206
87 55.355186
88 0.0
89 39.24795
90 0.0
91 19.695082
92 182.24031
93 3.199652
94 1.7340001
95 220.75696
96 0.0
97 89.74291
98 0.0
99 15.568393
100 0.0
101 81.509415
102 186.0789
103 127.055664
104 418.0337
105 141.02126
106 219.0
107 219.0
108 144.69832
109 191.7095
110 155.6
111 309.62982
112 219.0
113 59.186413
114 155.0
115 3.3432603
116 219.0
117 155.0
118 155.0
119 476.80374
120 57.963455
121 78.02779
122 48.784298
123 164.0
124 153.13824
125 408.77603
126 219.0
127 6.931445
128 82.77568
129 203.99138
130 60.532227
131 68.637535
132 137.13028
133 176.35849
134 220.28056
135 29.609943
136 66.01426
137 9.594977
138 55.29118
139 51.534184
140 204.83852
141 108.94935
142 118.53646
143 33.224728
144 39.95867
145 88.63611
146 54.719234
147 155.0
148 32.49935
149 6.6865206
150 29.205402
151 5.173877
152 45.31228
153 1.1340001
154 0.0
155 0.0
156 219.0
157 219.0
158 324.23657
159 219.0
160 211.24738
161 155.0
162 8.9941435
163 19.253204
164 1.5389588
165 219.0
166 73.46745
167 0.0
168 155.0
169 0.0
170 120.76759
171 229.7992
172 0.0
173 323.7383
174 141.5623
175 8.511032
176 0.0
177 79.22178
178 53.976105
179 133.85341
180 187.0
181 55.452187
182 181.95828
183 219.0
184 406.00458
185 247.1063
186 28.747206
187 105.10269
188 0.0
189 155.0
190 0.0
191 331.0
192 363.6
193 225.61462
194 3.3432603
195 25.676802
196 1.1340001
197 8.348631
198 16.621515
199 67.71401
200 108.00038
201 388.54514
202 441.88095
203 378.06235
204 298.04242
205 267.0
206 389.5742
207 266.34128
208 266.60287
209 324.0
210 247.55812
211 263.78146
212 165.569
213 147.75894
214 368.6872
215 196.7459
216 227.85312
217 398.12366
218 428.1967
219 371.357
220 419.94443
221 265.866
222 447.86978
223 246.99059
