1 145.7515
2 0.0
3 190.06747
4 78.25093
5 129.88486
6 252.06992
7 129.06035
8 0.0
9 23.194376
10 14.703915
11 27.380726
12 78.12907
13 30.044441
14 173.36426
15 0.0
16 0.0
17 0.0
18 0.6
19 18.446268
20 47.000057
21 47.844666
22 18.159946
23 12.514614
24 46.208397
25 6.884072
26 164.76366
27 21.377506
28 43.22207
29 138.5623
30 0.0
31 0.0
32 59.43282
33 57.883656
34 37.102055
35 33.823494
36 47.99399
37 249.86731
38 34.334003
39 203.0
40 28.19263
41 0.0
42 333.07938
43 135.13391
44 0.0
45 132.86084
46 204.134
47 123.28246
48 299.0
49 26.874556
50 20.61353
51 203.0
52 0.0
53 0.0
54 1.7340001
55 35.176105
56 120.88173
57 87.1477
58 0.0
59 282.87708
60 203.0
61 0.0
62 0.0
63 75.59184
64 11.22489
65 73.38945
66 162.30556
67 82.25942
68 346.8786
69 0.0
70 0.0
71 1.8000001
72 1.2
73 1.2
74 21.957466
75 129.83377
76 205.74371
77 79.32938
78 92.95363
79 24.787739
80 143.28787
81 37.57419
82 43.758423
83 0.0
84 85.53037
85 0.6
86 34.14057
87 0.0
88 33.94131
89 70.27179
90 147.91325
91 188.22482
92 3.2185202
93 64.086365
94 7.6826315
95 82.86033
96 82.85181
97 78.63892
98 38.915077
99 76.0009
100 0.0
101 115.04818
102 13.199732
103 21.833975
104 110.26249
105 21.08469
106 88.085236
107 15.642045
108 98.19496
109 12.3036585
110 92.678406
111 0.0
112 256.19742
113 203.0
114 126.67091
115 100.18334
116 47.749268
117 68.252464
118 75.196846
119 0.0
120 49.662506
121 219.2901
122 57.32905
123 292.80127
124 255.7362
125 112.75904
126 204.134
127 217.71407
128 53.922775
129 31.427708
130 195.15955
131 149.26074
132 38.17119
133 82.75478
134 332.8385
135 253.34323
136 67.27413
137 0.0
138 12.903842
139 118.385
140 70.53273
141 6.159329
142 0.0
143 328.5854
144 134.76558
145 111.02987
146 0.0
147 251.01352
148 14.865702
149 0.6
150 31.4158
151 308.0
152 219.0
153 145.62563
154 219.0
155 142.94191
156 363.0
157 151.63434
158 126.186066
159 193.33385
160 219.0
161 184.49004
162 231.68036
163 173.0028
164 0.0
165 155.0
166 274.6507
167 155.0
168 30.286354
169 128.54568
170 485.87524
171 219.0
172 6.8694425
173 106.11563
174 219.0
175 350.87726
176 57.918407
177 155.0
178 126.054245
179 116.35251
180 28.693874
181 136.40654
182 219.0
183 100.6765
184 219.0
185 197.58
186 219.0
187 88.156364
188 219.0
189 219.0
190 33.068813
191 0.0
192 176.34398
193 44.734188
194 308.0
195 142.72723
196 170.8899
197 138.43433
198 184.31837
199 276.6
200 129.41475
201 78.43083
202 110.49851
203 67.83344
204 2.360642
205 193.28645
206 57.388695
207 143.12228
208 133.67122
209 98.60598
210 8.191569
211 118.30772
212 14.987052
213 102.55751
214 187.0
215 67.34576
216 0.0
217 30.022602
218 155.0
219 69.08258
220 155.0
221 169.15245
222 219.0
223 126.45368
224 0.0
225 116.618576
226 52.088905
227 25.000805
228 155.0
229 346.7864
230 3.3064506
231 4.617049
232 164.0
233 3.3432603
234 21.278177
235 155.07803
236 10.040534
237 112.00216
238 0.0
239 85.91533
240 53.680073
241 0.0
242 0.0
243 8.520956
244 0.0
245 0.0
246 0.0
247 0.0
248 4.064483
249 64.55262
250 0.0
251 132.41396
252 178.11305
253 25.385368
254 178.1172
255 295.03833
256 0.0
257 99.6416
258 68.153854
259 4.260607
260 0.0
261 7.871438
262 155.0
263 184.48988
264 59.28071
265 164.0
266 180.91615
267 108.21996
268 30.004208
269 212.37952
270 0.0
271 111.99578
272 415.3913
273 347.6
274 155.0
275 205.49081
276 13.055675
277 286.34326
278 13.186373
279 155.0
280 10.524093
281 155.0
282 219.0
283 336.249
284 6.6865206
285 13.005086
286 229.93066
287 5.363846
288 331.0
289 155.0
290 140.06017
291 55.613064
292 0.0
293 141.6977
294 440.47964
295 155.0
296 0.0
297 340.982
298 0.0
299 331.0
300 71.685646
301 54.832497
302 393.09314
303 267.3907
304 254.66913
305 144.39528
306 60.471508
307 208.31787
308 267.0
309 386.5808
310 297.9159
311 399.20123
312 116.357475
313 223.70628
314 124.63412
315 373.59412
316 110.70889
317 267.0
318 267.0
319 351.24817
320 319.26596
321 141.02007
322 267.0
323 112.66929
324 507.0
325 260.9483
326 267.6
327 379.79025
328 60.683865
329 267.0
330 183.50404
331 234.66266
332 51.443825
333 391.33063
334 114.75648
335 182.80344
336 267.0
337 56.685608
338 154.27148
339 369.01315
340 151.4044
341 267.6
342 187.4372
343 371.5556
344 286.78748
345 364.72906
346 35.511047
347 267.0
348 309.5026
349 239.04507
350 0.0
351 362.28052
352 164.01486
353 204.35394
354 282.50952
355 300.40326
356 325.2
357 182.1231
358 76.51083
359 376.548
360 280.89478
361 267.0
362 72.347855
363 244.50186
364 267.6
365 60.51878
366 238.94751
367 116.240265
368 29.591301
369 63.79841
370 40.357697
371 220.6466
372 37.451443
373 239.30711
374 292.0
375 116.32181
376 0.0
377 255.71835
378 0.0
379 78.03247
380 267.0
381 124.136826
382 38.850822
383 103.50047
384 0.0
385 56.035183
386 32.0
387 44.035152
388 267.0
389 50.971153
390 43.435154
391 61.27116
392 50.150238
393 58.766277
394 60.299614
395 0.0
396 66.08573
397 0.0
398 0.0
399 0.0
400 258.16116
401 6.8508253
402 392.7769
403 235.42833
404 171.63023
405 0.0
406 230.29004
407 7.1841965
408 363.59235
409 240.82301
410 31.330673
411 288.05588
412 330.72574
413 262.63907
414 261.80756
415 0.0
416 30.82499
417 0.0
418 33.159496
419 311.79382
420 0.0
421 441.90103
422 278.92773
423 436.27643
424 299.76962
425 202.06433
426 267.0
427 307.12778
428 336.6138
429 267.0
430 267.0
431 0.0
432 422.74896
433 393.446
434 381.3698
435 121.05542
436 366.06717
437 281.5637
438 447.05115
439 151.7374
440 322.06387
441 459.71646
442 268.134
443 212.36243
444 157.67949
445 379.98648
446 122.70728
447 426.3923
448 370.33957
449 178.64188
450 162.82951
451 79.84449
452 515.3609
453 82.282936
454 126.18421
455 243.81488
456 80.433464
457 363.0
458 231.70377
459 251.0
460 236.92424
461 466.17374
462 51.604435
463 251.0
464 473.07822
465 233.60042
466 251.0
467 8.469297
468 422.70752
469 157.8007
470 155.37503
471 0.0
472 38.184826
473 67.61615
474 452.3234
475 155.23643
476 239.21544
477 88.67194
478 81.17749
479 106.97865
480 153.89146
481 217.39204
482 42.328297
483 232.66214
484 159.66418
485 131.68324
486 101.43323
487 239.09308
488 118.29757
489 251.0
490 139.26372
491 229.43242
492 249.8
493 178.50876
494 0.0
495 27.927391
496 217.06537
497 251.0
498 108.84409
499 152.09105
500 147.718
501 80.81077
502 167.45988
503 72.22916
504 107.53992
505 216.06573
506 69.00026
507 152.1706
508 101.17291
509 219.31311
510 234.22083
511 149.4808
512 247.53201
513 0.0
514 232.05821
515 177.22125
516 4.8571153
517 7.984826
518 251.0
519 127.75026
520 238.24867
521 216.63051
522 128.85818
523 97.316696
524 192.81856
525 157.66702
526 127.38056
527 216.11385
528 94.87587
529 0.0
530 126.32521
531 92.376305
532 61.396996
533 81.76816
534 20.996487
535 163.22292
536 173.88039
537 222.23683
538 243.42055
539 87.46296
540 76.731186
541 25.82645
542 39.74863
543 55.26751
544 0.0
545 54.0701
546 53.215115
547 0.0
548 0.0
549 0.0
550 0.0
551 158.79808
552 0.0
553 90.27548
554 0.0
555 62.579178
556 153.33813
557 240.53918
558 121.21852
559 239.66096
560 187.84862
561 251.0416
562 224.64224
563 238.50142
564 174.90416
565 251.0
566 43.665115
567 166.21243
568 128.21114
569 244.98186
570 251.0
571 532.1254
572 81.21267
573 229.572
574 110.06259
575 226.65462
576 251.0
577 234.63353
578 22.920303
579 163.48302
580 0.0
581 430.46802
582 230.55855
583 251.0
584 251.0
585 251.0
586 166.32846
587 239.29683
588 218.75833
589 223.01735
590 251.7155
591 251.0
592 116.49961
593 6.6146307
594 49.921894
595 57.129227
596 17.662096
597 142.62535
598 425.69348
599 0.0
600 188.47838
601 201.30838
602 470.19873
603 161.43938
604 203.0
605 169.08722
606 203.0
607 427.0
608 427.0
609 379.40958
610 121.482574
611 133.4809
612 203.0
613 136.99112
614 132.55524
615 248.38326
616 203.0
617 110.744354
618 283.48953
619 315.0
620 427.0
621 98.12935
622 203.0
623 263.91727
624 410.07916
625 181.9468
626 141.35211
627 164.29494
628 427.0
629 185.92258
630 93.54324
631 157.02086
632 423.29422
633 77.98746
634 257.6705
635 204.134
636 203.0
637 235.0
638 296.66248
639 176.63374
640 406.22507
641 254.96608
642 292.60068
643 455.95703
644 204.134
645 523.0
646 127.025635
647 203.0
648 275.58615
649 203.0
650 190.84453
651 421.59467
652 406.71802
653 252.35245
654 203.0
655 196.91615
656 141.08679
657 315.0
658 124.93743
659 203.0
660 203.0
661 237.93181
662 111.61599
663 106.4651
664 66.88823
665 165.90527
666 147.65784
667 427.0
