1 35.39611
2 36.588284
3 0.0
4 29.665998
5 34.17959
6 13.506341
7 30.799997
8 25.916996
9 38.707573
10 163.69713
11 41.962074
12 38.61463
13 21.781548
14 104.301674
15 27.653366
16 19.852472
17 41.51915
18 98.25303
19 85.05535
20 147.57175
21 149.45363
22 0.0
23 65.79943
24 95.83627
25 44.30344
26 102.76127
27 30.990738
28 13.181115
29 3.4920301
30 17.576536
31 0.0
32 40.882633
33 0.0
34 61.621067
35 9.177902
36 0.0
37 0.0
38 0.0
39 60.522755
40 63.66572
41 30.866001
42 54.931633
43 0.0
44 35.343254
45 0.0
46 60.349445
47 38.75394
48 60.64003
49 10.60455
50 0.0
51 163.69713
52 149.45363
53 147.57175
54 104.301674
55 102.76127
56 98.25303
57 95.83627
58 85.05535
59 65.79943
60 63.66572
61 61.621067
62 60.64003
63 60.522755
64 60.349445
65 54.931633
66 44.30344
67 41.962074
68 41.51915
69 40.882633
70 38.75394
71 38.707573
72 38.61463
73 36.588284
74 35.39611
75 35.343254
76 235.0
77 122.719734
78 0.0
79 192.45265
80 0.0
81 235.0
82 107.30795
83 0.0
84 16.87002
85 165.67159
86 120.529175
87 35.6415
88 62.641884
89 76.99859
90 33.134
91 47.87959
92 0.0
93 49.46972
94 43.935543
95 60.467022
96 50.913277
97 153.20605
98 87.77857
99 0.0
100 34.07365
101 235.0
102 235.0
103 192.45265
104 165.67159
105 163.69713
106 153.20605
107 149.45363
108 147.57175
109 122.719734
110 120.529175
111 107.30795
112 104.301674
113 102.76127
114 98.25303
115 95.83627
116 87.77857
117 85.05535
118 76.99859
119 65.79943
120 63.66572
121 62.641884
122 61.621067
123 60.64003
124 60.522755
125 60.467022
126 27.054739
127 190.8463
128 159.8621
129 94.26285
130 235.0
131 36.30024
132 219.0
133 0.0
134 170.68318
135 219.0
136 48.303146
137 42.254314
138 107.18779
139 69.14066
140 183.04202
141 141.9888
142 54.940456
143 20.374153
144 23.648146
145 16.854973
146 27.89315
147 203.03326
148 58.180798
149 107.905136
150 27.64748
151 235.0
152 235.0
153 235.0
154 219.0
155 219.0
156 203.03326
157 192.45265
158 190.8463
159 183.04202
160 170.68318
161 165.67159
162 163.69713
163 159.8621
164 153.20605
165 149.45363
166 147.57175
167 141.9888
168 122.719734
169 120.529175
170 107.905136
171 107.30795
172 107.18779
173 104.301674
174 102.76127
175 98.25303
176 8.93337
177 154.55392
178 214.63199
179 186.8298
180 82.35662
181 87.97795
182 130.14157
183 158.68216
184 27.119364
185 0.0
186 36.536
187 167.5078
188 95.82274
189 139.37852
190 25.308226
191 0.0
192 58.321915
193 120.25959
194 87.51207
195 37.41463
196 134.8905
197 153.2771
198 75.99125
199 71.22128
200 235.0
201 235.0
202 235.0
203 235.0
204 235.0
205 219.0
206 219.0
207 214.63199
208 203.03326
209 192.45265
210 190.8463
211 186.8298
212 183.04202
213 170.68318
214 167.5078
215 165.67159
216 163.69713
217 159.8621
218 158.68216
219 154.55392
220 153.2771
221 153.20605
222 149.45363
223 147.57175
224 141.9888
225 139.37852
226 0.0
227 111.51059
228 112.64868
229 37.39175
230 220.134
231 79.20764
232 25.613903
233 169.13205
234 18.820322
235 42.920956
236 0.0
237 32.0
238 125.98613
239 88.35416
240 0.0
241 53.935177
242 198.37479
243 60.663223
244 235.0
245 96.890625
246 90.227325
247 0.0
248 31.524738
249 189.07658
250 101.52523
251 235.0
252 235.0
253 235.0
254 235.0
255 235.0
256 220.134
257 219.0
258 219.0
259 214.63199
260 203.03326
261 198.37479
262 192.45265
263 190.8463
264 189.07658
265 186.8298
266 183.04202
267 170.68318
268 169.13205
269 167.5078
270 165.67159
271 163.69713
272 159.8621
273 158.68216
274 154.55392
275 153.2771
276 95.05476
277 235.0
278 235.0
279 235.0
280 73.26753
281 30.456741
282 0.0
283 103.12198
284 112.82432
285 21.467749
286 200.74194
287 0.0
288 38.801373
289 137.63446
290 219.0
291 124.66899
292 73.93879
293 135.72716
294 169.73354
295 75.86083
296 132.39015
297 193.58142
298 47.364105
299 173.69635
300 26.02401
301 235.0
302 235.0
303 235.0
304 235.0
305 235.0
306 235.0
307 235.0
308 235.0
309 220.134
310 219.0
311 219.0
312 219.0
313 214.63199
314 203.03326
315 200.74194
316 198.37479
317 193.58142
318 192.45265
319 190.8463
320 189.07658
321 186.8298
322 183.04202
323 173.69635
324 170.68318
325 169.73354
326 47.634888
327 219.0
328 27.227354
329 204.08426
330 127.27239
331 37.116825
332 22.830088
333 39.918823
334 235.0
335 219.0
336 158.4053
337 3.69117
338 118.5893
339 111.86839
340 213.00923
341 174.09076
342 65.85753
343 122.04974
344 219.0
345 49.95776
346 157.37096
347 170.51163
348 219.72096
349 32.21349
350 59.07494
351 235.0
352 235.0
353 235.0
354 235.0
355 235.0
356 235.0
357 235.0
358 235.0
359 235.0
360 220.134
361 219.72096
362 219.0
363 219.0
364 219.0
365 219.0
366 219.0
367 219.0
368 214.63199
369 213.00923
370 204.08426
371 203.03326
372 200.74194
373 198.37479
374 193.58142
375 192.45265
376 162.10373
377 192.98575
378 26.339266
379 132.37946
380 22.343868
381 99.762985
382 33.2
383 39.74863
384 235.0
385 65.242134
386 206.56718
387 77.422455
388 143.26807
389 235.0
390 219.0
391 152.8574
392 219.0
393 181.71056
394 219.0
395 133.37158
396 60.00366
397 159.65364
398 173.28268
399 164.47784
400 63.58669
401 235.0
402 235.0
403 235.0
404 235.0
405 235.0
406 235.0
407 235.0
408 235.0
409 235.0
410 235.0
411 235.0
412 220.134
413 219.72096
414 219.0
415 219.0
416 219.0
417 219.0
418 219.0
419 219.0
420 219.0
421 219.0
422 219.0
423 214.63199
424 213.00923
425 206.56718
426 73.97082
427 190.41248
428 26.450998
429 163.51013
430 235.0
431 219.0
432 197.31354
433 14.2980995
434 24.785366
435 119.178314
436 39.661682
437 37.132015
438 104.31968
439 176.6017
440 219.0
441 194.81273
442 219.0
443 60.95069
444 219.0
445 219.0
446 219.0
447 0.0
448 235.0
449 156.24437
450 179.37921
451 235.0
452 235.0
453 235.0
454 235.0
455 235.0
456 235.0
457 235.0
458 235.0
459 235.0
460 235.0
461 235.0
462 235.0
463 235.0
464 220.134
465 219.72096
466 219.0
467 219.0
468 219.0
469 219.0
470 219.0
471 219.0
472 219.0
473 219.0
474 219.0
475 219.0
476 66.98417
477 155.7338
478 44.822372
479 186.02689
480 178.1735
481 143.8487
482 235.0
483 19.844534
484 131.53394
485 111.96743
486 220.134
487 105.14689
488 8.893782
489 106.6699
490 207.05402
491 76.40141
492 219.0
493 16.701633
494 220.134
495 143.19997
496 101.268715
497 219.0
498 152.67484
499 83.272354
500 20.74342
501 235.0
502 235.0
503 235.0
504 235.0
505 235.0
506 235.0
507 235.0
508 235.0
509 235.0
510 235.0
511 235.0
512 235.0
513 235.0
514 235.0
515 220.134
516 220.134
517 220.134
518 219.72096
519 219.0
520 219.0
521 219.0
522 219.0
523 219.0
524 219.0
525 219.0
526 25.3958
527 0.0
528 139.46474
529 235.0
530 186.76828
531 148.50015
532 235.0
533 21.442389
534 235.0
535 35.68339
536 124.27689
537 30.990738
538 194.9439
539 235.0
540 40.41918
541 219.0
542 101.467255
543 169.5325
544 25.246058
545 219.0
546 219.0
547 193.05524
548 70.117966
549 220.134
550 192.99748
551 235.0
552 235.0
553 235.0
554 235.0
555 235.0
556 235.0
557 235.0
558 235.0
559 235.0
560 235.0
561 235.0
562 235.0
563 235.0
564 235.0
565 235.0
566 235.0
567 235.0
568 235.0
569 220.134
570 220.134
571 220.134
572 220.134
573 219.72096
574 219.0
575 219.0
576 197.72977
577 206.61545
578 213.85599
579 82.37559
580 219.0
581 95.5608
582 243.35289
583 103.84019
584 137.44644
585 12.772235
586 235.0
587 29.731998
588 61.57646
589 235.0
590 219.0
591 219.0
592 219.0
593 201.66852
594 178.95613
595 235.0
596 40.619907
597 54.82988
598 28.571129
599 101.56184
600 219.0
601 243.35289
602 235.0
603 235.0
604 235.0
605 235.0
606 235.0
607 235.0
608 235.0
609 235.0
610 235.0
611 235.0
612 235.0
613 235.0
614 235.0
615 235.0
616 235.0
617 235.0
618 235.0
619 235.0
620 235.0
621 235.0
622 235.0
623 220.134
624 220.134
625 220.134
626 18.75879
627 135.71068
628 197.02919
629 62.088448
630 236.134
631 43.87783
632 32.02953
633 189.30309
634 235.0
635 41.65613
636 102.076324
637 235.0
638 219.0
639 185.37378
640 235.0
641 170.54514
642 27.935516
643 315.0
644 153.24948
645 50.571144
646 158.23128
647 235.0
648 217.69112
649 37.48063
650 31.4
651 315.0
652 243.35289
653 236.134
654 235.0
655 235.0
656 235.0
657 235.0
658 235.0
659 235.0
660 235.0
661 235.0
662 235.0
663 235.0
664 235.0
665 235.0
666 235.0
667 235.0
668 235.0
669 235.0
670 235.0
671 235.0
672 235.0
673 235.0
674 235.0
675 235.0
676 214.01881
677 38.647434
678 240.85028
679 235.0
680 235.0
681 235.0
682 24.605074
683 170.34747
684 38.57461
685 194.78015
686 42.421463
687 150.46812
688 68.189835
689 47.373985
690 10.052293
691 169.93883
692 218.57895
693 26.914059
694 194.96567
695 235.0
696 125.10768
697 235.0
698 235.0
699 39.23276
700 166.24564
701 315.0
702 243.35289
703 240.85028
704 236.134
705 235.0
706 235.0
707 235.0
708 235.0
709 235.0
710 235.0
711 235.0
712 235.0
713 235.0
714 235.0
715 235.0
716 235.0
717 235.0
718 235.0
719 235.0
720 235.0
721 235.0
722 235.0
723 235.0
724 235.0
725 235.0
726 132.63336
727 153.10518
728 236.134
729 206.863
730 235.0
731 219.0
732 111.478096
733 150.0257
734 65.84771
735 219.0
736 29.665998
737 142.05002
738 0.0
739 27.335516
740 219.0
741 219.0
742 38.517212
743 31.638098
744 33.02922
745 68.932495
746 167.023
747 117.483826
748 28.24864
749 205.66086
750 142.75826
751 315.0
752 243.35289
753 240.85028
754 236.134
755 236.134
756 235.0
757 235.0
758 235.0
759 235.0
760 235.0
761 235.0
762 235.0
763 235.0
764 235.0
765 235.0
766 235.0
767 235.0
768 235.0
769 235.0
770 235.0
771 235.0
772 235.0
773 235.0
774 235.0
775 235.0
776 86.77552
777 18.601734
778 171.81467
779 14.473831
780 67.6404
781 96.46096
782 235.0
783 27.338036
784 219.0
785 144.70776
786 171.79211
787 235.0
788 0.0
789 0.0
790 219.0
791 29.731998
792 190.10115
793 235.0
794 224.51343
795 219.0
796 71.31118
797 219.0
798 236.134
799 126.99183
800 235.0
801 315.0
802 243.35289
803 240.85028
804 236.134
805 236.134
806 236.134
807 235.0
808 235.0
809 235.0
810 235.0
811 235.0
812 235.0
813 235.0
814 235.0
815 235.0
816 235.0
817 235.0
818 235.0
819 235.0
820 235.0
821 235.0
822 235.0
823 235.0
824 235.0
825 235.0
826 21.685123
827 219.0
828 219.0
829 32.0
830 85.575874
831 219.0
832 199.39082
833 235.0
834 145.51627
835 0.0
836 0.0
837 219.0
838 29.665998
839 54.788593
840 94.51727
841 150.14178
842 236.134
843 219.0
844 219.0
845 235.0
846 219.0
847 74.83779
848 133.42094
849 219.0
850 193.19676
851 315.0
852 243.35289
853 240.85028
854 236.134
855 236.134
856 236.134
857 236.134
858 235.0
859 235.0
860 235.0
861 235.0
862 235.0
863 235.0
864 235.0
865 235.0
866 235.0
867 235.0
868 235.0
869 235.0
870 235.0
871 235.0
872 235.0
873 235.0
874 235.0
875 235.0
876 63.91658
877 219.0
878 45.316063
879 60.26347
880 219.0
881 219.0
882 48.741287
883 28.598001
884 219.0
885 117.13963
886 219.0
887 219.0
888 235.0
889 24.093775
890 219.0
891 177.42259
892 63.775066
893 19.813557
894 32.093666
895 236.134
896 176.89938
897 235.0
898 220.134
899 30.39074
900 235.0
901 315.0
902 243.35289
903 240.85028
904 236.134
905 236.134
906 236.134
907 236.134
908 236.134
909 235.0
910 235.0
911 235.0
912 235.0
913 235.0
914 235.0
915 235.0
916 235.0
917 235.0
918 235.0
919 235.0
920 235.0
921 235.0
922 235.0
923 235.0
924 235.0
925 235.0
926 220.134
927 46.354996
928 27.083803
929 32.6
930 114.8994
931 61.72439
932 236.134
933 235.0
934 315.0
935 235.0
936 0.0
937 177.94366
938 219.0
939 109.66172
940 219.0
941 219.0
942 219.0
943 21.920076
944 41.89136
945 112.60909
946 322.0463
947 220.134
948 33.964306
949 61.919617
950 219.0
951 322.0463
952 315.0
953 315.0
954 243.35289
955 240.85028
956 236.134
957 236.134
958 236.134
959 236.134
960 236.134
961 236.134
962 235.0
963 235.0
964 235.0
965 235.0
966 235.0
967 235.0
968 235.0
969 235.0
970 235.0
971 235.0
972 235.0
973 235.0
974 235.0
975 235.0
976 209.39134
977 61.5821
978 219.0
979 206.20837
980 236.134
981 207.17676
982 219.0
983 95.13604
984 175.51178
985 65.17416
986 256.19867
987 219.0
988 30.931997
989 53.8246
990 266.84082
991 174.89491
992 219.0
993 219.0
994 58.238647
995 221.56311
996 235.0
997 236.134
998 106.04531
999 235.0
1000 0.0
1001 322.0463
1002 315.0
1003 315.0
1004 266.84082
1005 256.19867
1006 243.35289
1007 240.85028
1008 236.134
1009 236.134
1010 236.134
1011 236.134
1012 236.134
1013 236.134
1014 236.134
1015 236.134
1016 235.0
1017 235.0
1018 235.0
1019 235.0
1020 235.0
1021 235.0
1022 235.0
1023 235.0
1024 235.0
1025 235.0
1026 235.0
1027 219.0
1028 104.94021
1029 38.506836
1030 219.0
1031 19.841015
1032 33.733997
1033 68.76436
1034 220.134
1035 57.913727
1036 219.0
1037 235.0
1038 236.134
1039 235.0
1040 27.083803
1041 0.0
1042 200.89685
1043 235.0
1044 219.0
1045 219.0
1046 219.0
1047 108.32339
1048 0.0
1049 185.61449
1050 293.94443
1051 322.0463
1052 315.0
1053 315.0
1054 293.94443
1055 266.84082
1056 256.19867
1057 243.35289
1058 240.85028
1059 236.134
1060 236.134
1061 236.134
1062 236.134
1063 236.134
1064 236.134
1065 236.134
1066 236.134
1067 236.134
1068 235.0
1069 235.0
1070 235.0
1071 235.0
1072 235.0
1073 235.0
1074 235.0
1075 235.0
1076 210.8499
1077 66.03772
1078 236.134
1079 60.482235
1080 236.134
1081 235.0
1082 174.85118
1083 43.169662
1084 79.4639
1085 235.0
1086 236.134
1087 91.41723
1088 219.0
1089 219.0
1090 30.866
1091 235.0
1092 219.0
1093 55.152542
1094 90.7316
1095 235.0
1096 108.303246
1097 235.0
1098 136.69133
1099 235.0
1100 249.47061
1101 322.0463
1102 315.0
1103 315.0
1104 293.94443
1105 266.84082
1106 256.19867
1107 249.47061
1108 243.35289
1109 240.85028
1110 236.134
1111 236.134
1112 236.134
1113 236.134
1114 236.134
1115 236.134
1116 236.134
1117 236.134
1118 236.134
1119 236.134
1120 236.134
1121 236.134
1122 235.0
1123 235.0
1124 235.0
1125 235.0
1126 138.03775
1127 31.861938
1128 14.657541
1129 31.934
1130 219.0
1131 232.25673
1132 204.98662
1133 38.61463
1134 45.20715
1135 60.068474
1136 100.93271
1137 219.0
1138 2.3045642
1139 219.0
1140 9.508972
1141 63.95214
1142 219.0
1143 235.0
1144 185.92542
1145 60.241325
1146 219.0
1147 114.160995
1148 0.0
1149 233.29526
1150 235.0
1151 322.0463
1152 315.0
1153 315.0
1154 293.94443
1155 266.84082
1156 256.19867
1157 249.47061
1158 243.35289
1159 240.85028
1160 236.134
1161 236.134
1162 236.134
1163 236.134
1164 236.134
1165 236.134
1166 236.134
1167 236.134
1168 236.134
1169 236.134
1170 236.134
1171 236.134
1172 235.0
1173 235.0
1174 235.0
1175 235.0
1176 99.51658
1177 219.0
1178 26.731998
1179 65.27447
1180 109.0758
1181 30.800001
1182 89.82274
1183 88.05858
1184 28.569569
1185 235.0
1186 149.35327
1187 236.134
1188 26.878454
1189 236.134
1190 219.0
1191 16.572254
1192 219.0
1193 219.0
1194 38.91682
1195 235.0
1196 219.0
1197 93.70628
1198 45.438328
1199 122.46831
1200 219.0
1201 322.0463
1202 315.0
1203 315.0
1204 293.94443
1205 266.84082
1206 256.19867
1207 249.47061
1208 243.35289
1209 240.85028
1210 236.134
1211 236.134
1212 236.134
1213 236.134
1214 236.134
1215 236.134
1216 236.134
1217 236.134
1218 236.134
1219 236.134
1220 236.134
1221 236.134
1222 236.134
1223 236.134
1224 235.0
1225 235.0
1226 219.0
1227 228.62363
1228 241.1578
1229 35.468
1230 219.0
1231 316.134
1232 61.157284
1233 28.74534
1234 219.0
1235 92.77237
1236 156.35138
1237 219.0
1238 235.0
1239 97.96768
1240 240.95186
1241 220.134
1242 263.33813
1243 159.68448
1244 219.0
1245 235.0
1246 236.134
1247 34.173695
1248 236.134
1249 154.42433
1250 122.13057
1251 322.0463
1252 316.134
1253 315.0
1254 315.0
1255 293.94443
1256 266.84082
1257 263.33813
1258 256.19867
1259 249.47061
1260 243.35289
1261 241.1578
1262 240.95186
1263 240.85028
1264 236.134
1265 236.134
1266 236.134
1267 236.134
1268 236.134
1269 236.134
1270 236.134
1271 236.134
1272 236.134
1273 236.134
1274 236.134
1275 236.134
1276 188.80367
1277 219.0
1278 163.30605
1279 50.32556
1280 117.62501
1281 219.0
1282 219.0
1283 235.0
1284 282.08588
1285 42.61663
1286 166.88557
1287 219.0
1288 35.468
1289 54.76385
1290 47.846092
1291 315.0
1292 219.0
1293 236.134
1294 107.86392
1295 101.174126
1296 219.0
1297 72.56762
1298 211.73158
1299 236.134
1300 236.134
1301 322.0463
1302 316.134
1303 315.0
1304 315.0
1305 315.0
1306 293.94443
1307 282.08588
1308 266.84082
1309 263.33813
1310 256.19867
1311 249.47061
1312 243.35289
1313 241.1578
1314 240.95186
1315 240.85028
1316 236.134
1317 236.134
1318 236.134
1319 236.134
1320 236.134
1321 236.134
1322 236.134
1323 236.134
1324 236.134
1325 236.134
1326 219.0
1327 235.0
1328 158.84723
1329 30.740025
1330 235.0
1331 58.09708
1332 273.47498
1333 236.134
1334 235.0
1335 233.85431
1336 235.0
1337 220.134
1338 189.73409
1339 235.0
1340 25.588762
1341 77.823814
1342 235.0
1343 23.651367
1344 261.39337
1345 235.0
1346 192.01541
1347 219.0
1348 219.0
1349 235.0
1350 215.69598
1351 322.0463
1352 316.134
1353 315.0
1354 315.0
1355 315.0
1356 293.94443
1357 282.08588
1358 273.47498
1359 266.84082
1360 263.33813
1361 261.39337
1362 256.19867
1363 249.47061
1364 243.35289
1365 241.1578
1366 240.95186
1367 240.85028
1368 236.134
1369 236.134
1370 236.134
1371 236.134
1372 236.134
1373 236.134
1374 236.134
1375 236.134
1376 206.70306
1377 236.134
1378 164.46729
1379 73.12981
1380 229.82854
1381 19.527462
1382 177.25946
1383 209.12483
1384 65.278046
1385 219.0
1386 315.0
1387 91.5629
1388 235.0
1389 177.47949
1390 219.0
1391 141.40645
1392 20.004581
1393 266.26422
1394 219.0
1395 29.607492
1396 219.0
1397 36.15017
1398 219.0
1399 219.0
1400 220.134
1401 322.0463
1402 316.134
1403 315.0
1404 315.0
1405 315.0
1406 315.0
1407 293.94443
1408 282.08588
1409 273.47498
1410 266.84082
1411 266.26422
1412 263.33813
1413 261.39337
1414 256.19867
1415 249.47061
1416 243.35289
1417 241.1578
1418 240.95186
1419 240.85028
1420 236.134
1421 236.134
1422 236.134
1423 236.134
1424 236.134
1425 236.134
1426 235.0
1427 316.134
1428 236.134
1429 168.3589
1430 42.451416
1431 236.134
1432 216.63437
1433 61.694717
1434 334.53766
1435 235.0
1436 219.0
1437 219.0
1438 81.19546
1439 219.0
1440 14.685303
1441 39.88794
1442 164.7256
1443 219.0
1444 219.0
1445 219.0
1446 235.0
1447 107.80609
1448 220.134
1449 236.134
1450 219.0
1451 334.53766
1452 322.0463
1453 316.134
1454 316.134
1455 315.0
1456 315.0
1457 315.0
1458 315.0
1459 293.94443
1460 282.08588
1461 273.47498
1462 266.84082
1463 266.26422
1464 263.33813
1465 261.39337
1466 256.19867
1467 249.47061
1468 243.35289
1469 241.1578
1470 240.95186
1471 240.85028
1472 236.134
1473 236.134
1474 236.134
1475 236.134
1476 168.63708
1477 235.0
1478 252.75696
1479 132.93367
1480 219.0
1481 236.134
1482 169.07689
1483 23.512056
1484 30.456741
1485 208.8237
1486 235.0
1487 235.0
1488 95.02368
1489 236.134
1490 16.448137
1491 275.576
1492 219.0
1493 29.665998
1494 172.39246
1495 105.76295
1496 55.02774
1497 219.0
1498 105.85171
1499 235.0
1500 20.159237
1501 334.53766
1502 322.0463
1503 316.134
1504 316.134
1505 315.0
