1 32.0
2 32.0
3 32.0
4 32.0
5 220.134
6 220.134
7 32.0
8 219.0
9 32.0
10 32.0
11 220.134
12 219.0
13 220.134
14 219.0
15 220.134
16 220.134
17 220.134
18 220.134
19 220.134
20 0.0
21 220.134
22 220.134
23 220.134
24 220.134
25 220.134
26 220.134
27 220.134
28 32.0
29 220.134
30 219.0
31 220.134
32 220.134
33 219.0
34 220.134
35 219.0
36 220.134
37 220.134
38 32.0
39 220.134
40 32.0
41 220.134
42 220.134
43 220.134
44 220.134
45 220.134
46 220.134
47 220.134
48 220.134
49 220.134
50 220.134
51 220.134
52 220.134
53 220.134
54 220.134
55 220.134
56 220.134
57 220.134
