1 209.21074
2 38.680634
3 109.547844
4 42.07954
5 0.13376981
6 69.13517
7 136.51952
8 220.134
9 0.0
10 0.0
11 6.447251
12 0.0
13 19.9574
14 0.0
15 135.64243
16 197.23642
17 80.96224
18 7.5959406
19 0.0
20 24.517134
21 51.14319
22 17.823193
23 54.99614
24 0.0
25 40.87836
26 27.944012
27 60.111797
28 0.0
29 44.037815
30 14.727481
31 30.866
32 17.479801
33 0.0
34 0.0
35 83.77089
36 79.410126
37 37.198483
38 46.55098
39 6.3448124
40 0.0
41 19.949026
42 27.522738
43 14.494997
44 34.934
45 32.708866
46 33.134
47 219.0
48 61.54827
49 49.319042
50 61.46089
