1 26.566168
2 191.39258
3 152.99112
4 0.0
5 93.37531
6 56.385963
7 153.14421
8 30.866
9 33.134
10 0.0
11 82.972885
12 0.0
13 31.4
14 187.25607
15 0.0
16 235.0
17 0.0
18 38.38572
19 38.850822
20 4.064483
21 235.0
22 219.0
23 30.866
24 219.66238
25 92.12105
26 0.0
27 0.0
28 0.0
29 164.78123
30 0.0
31 147.689
32 147.88316
33 235.0
34 1.1340001
35 0.0
36 6.6146307
37 6.6146307
38 32.0
39 303.4355
40 0.0
41 14.714136
42 0.0
43 142.00809
44 168.88423
45 194.30255
46 0.0
47 0.0
48 0.0
49 82.35664
50 0.0
51 0.0
52 207.72107
53 219.0
54 0.0
55 32.0
56 30.866
57 193.86775
58 76.73792
59 0.0
60 30.866
61 49.285866
62 161.03885
63 19.69634
64 17.744925
65 32.0
66 25.385368
67 0.0
68 49.04512
69 60.70555
70 219.0
71 219.0
72 0.0
73 26.519367
74 0.0
75 210.27649
76 24.015173
77 92.96954
78 0.0
79 184.73146
80 219.0
81 44.155464
82 93.37531
83 149.10757
84 40.88263
85 0.0
86 219.0
87 25.385368
88 32.0
89 0.0
90 0.0
91 191.44263
92 0.0
93 0.0
94 0.0
95 180.44997
96 0.0
97 0.0
98 0.0
99 19.78796
100 18.770737
