1 0.0
2 48.861507
3 20.123468
4 0.0
5 3.6310484
6 40.342014
7 26.729584
8 141.7752
9 299.0
10 83.38217
11 185.44516
12 22.12922
13 12.059357
14 87.04571
15 106.15742
16 28.713037
17 0.0
18 6.0838547
19 85.41925
20 139.6647
21 16.497532
22 0.0
23 131.7799
24 165.68358
25 90.54886
26 48.604954
27 7.6594563
28 96.69442
29 204.134
30 20.887657
31 86.14684
32 51.951508
33 299.0
34 203.0
35 150.39804
36 34.785248
37 8.35196
38 102.00585
39 8.793935
40 19.18658
41 358.2727
42 0.0
43 208.47987
44 1.1340001
45 42.176964
46 11.504868
47 11.873487
48 18.989975
49 1.4994102
50 251.33626
51 0.0
52 134.02614
53 1.2
54 4.1319175
55 55.41781
56 0.0
57 10.814338
58 9.843477
59 87.31379
60 0.0
61 70.04772
62 0.0
63 0.0
64 36.152847
65 37.091114
66 114.68021
67 0.0
68 23.602068
69 480.7708
70 136.69228
71 54.48132
72 2.7432601
73 19.436508
74 0.0
75 221.18423
76 257.02808
77 45.408756
78 26.318222
79 64.80302
80 16.388721
81 112.41303
82 0.0
83 0.0
84 135.40948
85 248.18484
86 199.72215
87 35.85658
88 95.009766
89 0.0
90 90.08521
91 102.882126
92 68.678116
93 294.46024
94 0.0
95 9.509602
96 13.116638
97 144.15038
98 14.821062
99 0.0
100 400.542
101 144.62866
102 196.54086
103 237.4551
104 37.66831
105 430.83765
106 145.52005
107 164.0
108 219.6
109 220.134
110 363.0
111 155.0
112 219.0
113 98.018394
114 100.279274
115 95.25017
116 219.0
117 66.67787
118 143.72531
119 13.185926
120 219.0
121 77.66809
122 127.89998
123 219.0
124 347.0
125 136.93614
126 46.986565
127 131.96338
128 35.356674
129 180.0
130 32.514847
131 140.2682
132 132.92195
133 78.77552
134 155.6
135 16.36153
136 198.53871
137 71.55531
138 164.0
139 80.00724
140 207.12875
141 155.6
142 0.0
143 18.989054
144 1.8217298
145 197.7647
146 0.0
147 8.237982
148 12.257099
149 155.0
150 12.982905
151 32.430843
152 209.00012
153 68.80156
154 0.0
155 0.0
156 95.547134
157 124.63869
158 219.0
159 155.0
160 184.07489
161 189.868
162 219.0
163 90.172676
164 219.0
165 148.38538
166 27.826265
167 155.0
168 65.039894
169 363.0
170 417.81238
171 86.20947
172 54.25277
173 219.0
174 0.0
175 294.74326
176 76.33107
177 182.04329
178 4.81739
179 0.0
180 0.0
181 84.24388
182 97.57345
183 28.004906
184 0.0
185 1.1340001
186 0.0
187 144.69751
188 212.14914
189 31.265589
190 218.40787
191 155.6
192 0.0
193 115.879105
194 155.6
195 8.99704
196 430.187
197 42.406574
198 0.0
199 0.0
200 25.802046
201 388.03845
202 378.67145
203 435.16168
204 453.67166
205 245.61519
206 386.04123
207 54.008865
208 244.53677
209 363.52524
210 272.4875
211 140.1733
212 416.2447
213 382.7797
214 303.21774
215 395.9187
216 117.72719
217 246.62004
218 327.61533
219 341.52164
220 212.0
221 259.43933
222 66.10682
223 54.401672
224 91.54851
225 340.28256
226 26.190409
227 305.55692
228 197.2808
229 50.519363
230 32.06927
231 335.17624
232 156.59224
233 24.935736
234 181.88513
235 174.44183
