1 206.5034
2 48.328743
3 46.830856
4 0.0
5 54.361805
6 350.19122
7 0.0
8 204.134
9 0.0
10 30.232876
11 0.0
12 354.68176
13 6.6146307
14 76.90661
15 154.22282
16 0.0
17 99.623795
18 4.28652
19 0.0
20 0.0
21 68.84211
22 203.0
23 0.0
24 35.048435
25 0.0
26 40.319572
27 1.3743033
28 11.500393
29 0.0
30 0.0
31 109.21356
32 203.0
33 164.61537
34 66.40684
35 57.537136
36 147.62872
37 0.0
38 148.86447
39 148.09636
40 49.399654
41 299.0
42 61.69125
43 42.991993
44 30.530495
45 7.594361
46 52.65503
47 256.38675
48 10.911781
49 35.683144
50 0.0
51 62.385025
52 17.448029
53 89.94255
54 0.0
55 106.07892
56 0.0
57 175.53189
58 64.50956
59 7.184675
60 203.0
61 158.5199
62 63.38928
63 23.268772
64 72.9939
65 24.75695
66 29.272694
67 299.6
68 7.217855
69 0.0
70 0.0
