1 198.84763
2 46.971825
3 134.6513
4 100.24175
5 22.599586
6 18.628233
7 0.0
8 35.871372
9 168.8389
10 0.0
11 0.0
12 26.090496
13 0.0
14 111.33825
15 46.137615
16 0.0
17 0.0
18 19.77576
19 60.193043
20 60.39886
21 65.82095
22 49.105766
23 27.824497
24 235.0
25 21.888481
26 0.0
27 19.994743
28 19.716734
29 34.743256
30 89.51913
31 25.382608
32 5.7162437
33 40.882633
34 118.249054
35 78.09435
36 0.0
37 219.0
38 0.0
39 15.753899
40 29.131998
41 30.265999
42 14.328843
43 29.007257
44 69.22952
45 49.5251
46 45.724236
47 93.01145
48 130.84686
49 207.54935
50 32.0
51 0.0
52 47.542767
53 71.37931
54 35.41572
55 130.19327
56 170.1858
57 0.0
58 0.0
59 137.12146
60 45.20692
61 0.0
62 55.047077
63 236.134
64 219.0
65 20.125242
66 0.0
67 38.76255
68 219.0
69 36.664482
70 43.90635
71 0.0
72 100.152954
73 25.525965
74 84.44758
75 170.49403
76 0.0
77 154.54723
78 38.621475
79 68.60146
80 153.51134
81 124.7203
82 35.306934
83 71.4709
84 179.68465
85 28.545721
86 29.797998
87 56.135265
88 20.950441
89 73.122894
90 19.904736
91 24.185366
92 35.402
93 77.69878
94 10.850336
95 39.747875
96 53.34052
97 21.917366
98 33.63218
99 127.20412
100 8.800902
101 236.134
102 235.0
103 219.0
104 219.0
105 219.0
106 207.54935
107 198.84763
108 179.68465
109 170.49403
110 170.1858
111 168.8389
112 154.54723
113 153.51134
114 137.12146
115 134.6513
116 130.84686
117 130.19327
118 127.20412
119 124.7203
120 118.249054
121 111.33825
122 100.24175
123 100.152954
124 93.01145
125 89.51913
126 84.44758
127 78.09435
128 77.69878
129 73.122894
130 71.4709
131 71.37931
132 69.22952
133 68.60146
134 65.82095
135 60.39886
136 60.193043
137 56.135265
138 55.047077
139 53.34052
140 49.5251
141 49.105766
142 47.542767
143 46.971825
144 46.137615
145 45.724236
146 45.20692
147 43.90635
148 40.882633
149 39.747875
150 38.76255
151 22.162668
152 34.03105
153 60.362465
154 34.14464
155 219.0
156 25.503262
157 89.60339
158 0.0
159 36.288326
160 107.07006
161 32.065998
162 0.0
163 41.833153
164 9.954946
165 0.0
166 0.0
167 219.0
168 89.43785
169 61.03372
170 0.19458789
171 61.904106
172 0.0
173 58.545826
174 0.0
175 14.614102
176 60.508232
177 40.10958
178 14.32577
179 204.5087
180 60.457207
181 55.023354
182 3.4920301
183 171.28462
184 44.215664
185 85.045044
186 26.64861
187 34.658646
188 60.454193
189 0.0
190 9.087804
191 25.45137
192 48.89476
193 13.240489
194 78.8597
195 0.0
196 13.525764
197 36.34663
198 120.58103
199 39.57556
200 0.0
201 236.134
202 235.0
203 219.0
204 219.0
205 219.0
206 219.0
207 219.0
208 207.54935
209 204.5087
210 198.84763
211 179.68465
212 171.28462
213 170.49403
214 170.1858
215 168.8389
216 154.54723
217 153.51134
218 137.12146
219 134.6513
220 130.84686
221 130.19327
222 127.20412
223 124.7203
224 120.58103
225 118.249054
226 111.33825
227 107.07006
228 100.24175
229 100.152954
230 93.01145
231 89.60339
232 89.51913
233 89.43785
234 85.045044
235 84.44758
236 78.8597
237 78.09435
238 77.69878
239 73.122894
240 71.4709
241 71.37931
242 69.22952
243 68.60146
244 65.82095
245 61.904106
246 61.03372
247 60.508232
248 60.457207
249 60.454193
250 60.39886
251 105.882164
252 0.0
253 27.949242
254 68.21025
255 26.454742
256 41.59289
257 142.45673
258 181.10535
259 191.40692
260 45.831585
261 0.0
262 34.253353
263 212.50557
264 196.3582
265 112.56247
266 156.73015
267 0.0
268 219.0
269 61.137657
270 0.0
271 1.1340001
272 110.35109
273 34.60228
274 83.473595
275 0.0
276 42.834373
277 64.64973
278 8.153293
279 34.334
280 14.270421
281 0.0
282 60.37562
283 26.277523
284 0.0
285 138.12479
286 63.421528
287 27.606016
288 174.7707
289 37.58715
290 55.062473
291 109.33685
292 0.0
293 61.50377
294 0.0
295 33.98199
296 0.0
297 0.0
298 104.16617
299 43.966843
300 44.93923
301 236.134
302 235.0
303 219.0
304 219.0
305 219.0
306 219.0
307 219.0
308 219.0
309 212.50557
310 207.54935
311 204.5087
312 198.84763
313 196.3582
314 191.40692
315 181.10535
316 179.68465
317 174.7707
318 171.28462
319 170.49403
320 170.1858
321 168.8389
322 156.73015
323 154.54723
324 153.51134
325 142.45673
326 138.12479
327 137.12146
328 134.6513
329 130.84686
330 130.19327
331 127.20412
332 124.7203
333 120.58103
334 118.249054
335 112.56247
336 111.33825
337 110.35109
338 109.33685
339 107.07006
340 105.882164
341 104.16617
342 100.24175
343 100.152954
344 93.01145
345 89.60339
346 89.51913
347 89.43785
348 85.045044
349 84.44758
350 83.473595
351 219.0
352 25.919367
353 38.66691
354 49.71612
355 84.47169
356 45.08992
357 128.2607
358 55.127834
359 0.0
360 42.668007
361 219.0
362 3.7375069
363 130.29
364 2.2915034
365 25.506111
366 28.597998
367 186.02568
368 36.46354
369 0.0
370 30.74772
371 54.733135
372 27.935516
373 98.749084
374 3.1346292
375 14.6899185
376 216.10704
377 63.73549
378 61.137657
379 30.931997
380 0.0
381 109.5242
382 106.69893
383 109.25121
384 0.0
385 64.991516
386 60.34053
387 0.0
388 147.68448
389 82.8378
390 48.972855
391 115.19499
392 33.140785
393 31.934
394 154.01082
395 1.1340001
396 0.0
397 31.4
398 54.81561
399 27.119366
400 126.558014
401 236.134
402 235.0
403 219.0
404 219.0
405 219.0
406 219.0
407 219.0
408 219.0
409 219.0
410 219.0
411 216.10704
412 212.50557
413 207.54935
414 204.5087
415 198.84763
416 196.3582
417 191.40692
418 186.02568
419 181.10535
420 179.68465
421 174.7707
422 171.28462
423 170.49403
424 170.1858
425 168.8389
426 156.73015
427 154.54723
428 154.01082
429 153.51134
430 147.68448
431 142.45673
432 138.12479
433 137.12146
434 134.6513
435 130.84686
436 130.29
437 130.19327
438 128.2607
439 127.20412
440 126.558014
441 124.7203
442 120.58103
443 118.249054
444 115.19499
445 112.56247
446 111.33825
447 110.35109
448 109.5242
449 109.33685
450 109.25121
451 55.43463
452 0.0
453 219.0
454 219.0
455 105.50508
456 32.6
457 235.0
458 24.116997
459 136.8297
460 138.82733
461 21.12904
462 85.67421
463 22.16685
464 205.74394
465 0.0
466 44.283077
467 97.25956
468 82.225365
469 25.385366
470 0.0
471 121.14029
472 196.71864
473 132.87547
474 122.43267
475 270.90186
476 172.01451
477 165.92567
478 6.60173
479 219.0
480 148.50984
481 16.145893
482 52.534405
483 129.76193
484 36.34663
485 30.83556
486 43.136375
487 33.54132
488 124.65157
489 0.0
490 214.49416
491 95.197754
492 105.29982
493 2.1309538
494 92.13343
495 31.986275
496 34.202
497 32.540417
498 43.003143
499 46.25546
500 48.307995
501 270.90186
502 236.134
503 235.0
504 235.0
505 219.0
506 219.0
507 219.0
508 219.0
509 219.0
510 219.0
511 219.0
512 219.0
513 219.0
514 219.0
515 219.0
516 216.10704
517 214.49416
518 212.50557
519 207.54935
520 205.74394
521 204.5087
522 198.84763
523 196.71864
524 196.3582
525 191.40692
526 186.02568
527 181.10535
528 179.68465
529 174.7707
530 172.01451
531 171.28462
532 170.49403
533 170.1858
534 168.8389
535 165.92567
536 156.73015
537 154.54723
538 154.01082
539 153.51134
540 148.50984
541 147.68448
542 142.45673
543 138.82733
544 138.12479
545 137.12146
546 136.8297
547 134.6513
548 132.87547
549 130.84686
550 130.29
551 46.365112
552 0.0
553 0.0
554 219.0
555 216.18697
556 138.0476
557 3.8156743
558 176.60309
559 43.64492
560 0.0
561 220.134
562 200.94452
563 113.20052
564 24.792572
565 10.106801
566 197.73973
567 34.334
568 22.902493
569 180.54712
570 120.982376
571 160.18076
572 0.0
573 1.2
574 0.0
575 201.13426
576 103.06203
577 22.60022
578 0.0
579 163.97623
580 26.283175
581 10.103677
582 0.36523265
583 0.0
584 45.598217
585 219.0
586 202.45557
587 181.36853
588 0.0
589 2.2715144
590 140.7169
591 0.5817379
592 22.514997
593 235.0
594 0.0
595 192.97794
596 208.84067
597 219.0
598 138.82536
599 3.4839237
600 0.0
601 270.90186
602 236.134
603 235.0
604 235.0
605 235.0
606 220.134
607 219.0
608 219.0
609 219.0
610 219.0
611 219.0
612 219.0
613 219.0
614 219.0
615 219.0
616 219.0
617 219.0
618 219.0
619 219.0
620 219.0
621 216.18697
622 216.10704
623 214.49416
624 212.50557
625 208.84067
626 207.54935
627 205.74394
628 204.5087
629 202.45557
630 201.13426
631 200.94452
632 198.84763
633 197.73973
634 196.71864
635 196.3582
636 192.97794
637 191.40692
638 186.02568
639 181.36853
640 181.10535
641 180.54712
642 179.68465
643 176.60309
644 174.7707
645 172.01451
646 171.28462
647 170.49403
648 170.1858
649 168.8389
650 165.92567
651 175.00276
652 203.52844
653 42.22694
654 219.0
655 180.44756
656 60.44675
657 235.0
658 38.14526
659 210.74107
660 202.66634
661 195.49097
662 219.0
663 27.397997
664 219.0
665 220.134
666 30.090374
667 219.0
668 219.0
669 23.117367
670 235.0
671 127.6479
672 31.36772
673 235.0
674 175.81201
675 86.92687
676 219.0
677 219.0
678 212.88446
679 47.895767
680 177.8562
681 15.63075
682 19.994743
683 143.36166
684 0.0
685 0.0
686 0.0
687 75.031815
688 104.438576
689 164.67021
690 38.61463
691 192.75122
692 144.86026
693 101.44226
694 50.419865
695 120.85019
696 56.09482
697 168.29909
698 52.875412
699 114.19859
700 137.17125
701 270.90186
702 236.134
703 235.0
704 235.0
705 235.0
706 235.0
707 235.0
708 235.0
709 220.134
710 220.134
711 219.0
712 219.0
713 219.0
714 219.0
715 219.0
716 219.0
717 219.0
718 219.0
719 219.0
720 219.0
721 219.0
722 219.0
723 219.0
724 219.0
725 219.0
726 219.0
727 219.0
728 219.0
729 219.0
730 219.0
731 219.0
732 216.18697
733 216.10704
734 214.49416
735 212.88446
736 212.50557
737 210.74107
738 208.84067
739 207.54935
740 205.74394
741 204.5087
742 203.52844
743 202.66634
744 202.45557
745 201.13426
746 200.94452
747 198.84763
748 197.73973
749 196.71864
750 196.3582
751 228.14914
752 81.413574
753 125.867584
754 0.0
755 201.56732
756 33.54326
757 0.0
758 165.85753
759 236.134
760 0.0
761 38.736183
762 0.0
763 0.0
764 235.0
765 165.97087
766 142.21387
767 0.0
768 109.58469
769 12.58728
770 234.83714
771 170.19133
772 137.90575
773 220.134
774 31.469515
775 0.0
776 0.0
777 235.0
778 219.0
779 17.824238
780 73.082115
781 27.113285
782 44.264767
783 111.5658
784 235.0
785 235.0
786 0.0
787 181.78609
788 285.35663
789 124.06634
790 159.27722
791 70.149895
792 151.81615
793 315.0
794 68.29327
795 22.730803
796 43.570236
797 46.219013
798 71.78913
799 210.0715
800 0.0
801 315.0
802 285.35663
803 270.90186
804 236.134
805 236.134
806 235.0
807 235.0
808 235.0
809 235.0
810 235.0
811 235.0
812 235.0
813 235.0
814 235.0
815 235.0
816 234.83714
817 228.14914
818 220.134
819 220.134
820 220.134
821 219.0
822 219.0
823 219.0
824 219.0
825 219.0
826 219.0
827 219.0
828 219.0
829 219.0
830 219.0
831 219.0
832 219.0
833 219.0
834 219.0
835 219.0
836 219.0
837 219.0
838 219.0
839 219.0
840 219.0
841 219.0
842 219.0
843 216.18697
844 216.10704
845 214.49416
846 212.88446
847 212.50557
848 210.74107
849 210.0715
850 208.84067
851 147.14754
852 281.11725
853 47.766785
854 0.0
855 198.05281
856 272.5561
857 3.684148
858 229.44743
859 82.270645
860 213.93942
861 182.36208
862 219.0
863 0.0
864 219.0
865 220.134
866 107.83978
867 53.887615
868 219.0
869 35.023624
870 34.54624
871 219.0
872 53.72264
873 156.35115
874 219.0
875 235.08742
876 37.007744
877 179.87207
878 0.0
879 39.118195
880 219.0
881 208.62013
882 94.178925
883 47.284737
884 151.74802
885 219.0
886 64.59467
887 27.650997
888 261.99323
889 62.939144
890 15.443705
891 28.814102
892 204.15172
893 179.77338
894 161.9734
895 122.71781
896 247.30365
897 128.86987
898 142.17152
899 0.0
900 235.0
901 315.0
902 285.35663
903 281.11725
904 272.5561
905 270.90186
906 261.99323
907 247.30365
908 236.134
909 236.134
910 235.08742
911 235.0
912 235.0
913 235.0
914 235.0
915 235.0
916 235.0
917 235.0
918 235.0
919 235.0
920 235.0
921 235.0
922 234.83714
923 229.44743
924 228.14914
925 220.134
926 220.134
927 220.134
928 220.134
929 219.0
930 219.0
931 219.0
932 219.0
933 219.0
934 219.0
935 219.0
936 219.0
937 219.0
938 219.0
939 219.0
940 219.0
941 219.0
942 219.0
943 219.0
944 219.0
945 219.0
946 219.0
947 219.0
948 219.0
949 219.0
950 219.0
951 115.196945
952 219.0
953 121.232605
954 235.0
955 45.456757
956 205.8181
957 107.818886
958 42.679115
959 219.0
960 15.977568
961 122.48901
962 0.0
963 17.905428
964 62.446552
965 138.07542
966 219.0
967 219.0
968 78.33385
969 220.134
970 199.14769
971 219.0
972 0.0
973 189.1848
974 106.25782
975 43.98288
976 236.134
977 235.0
978 170.47185
979 197.30182
980 125.64139
981 167.45354
982 219.0
983 22.599586
984 98.92413
985 219.0
986 169.84177
987 219.0
988 235.0
989 198.23921
990 36.363106
991 172.20343
992 137.64352
993 0.0
994 0.0
995 220.134
996 26.793749
997 165.52043
998 47.299824
999 23.603727
1000 219.0
1001 315.0
1002 285.35663
1003 281.11725
1004 272.5561
1005 270.90186
1006 261.99323
1007 247.30365
1008 236.134
1009 236.134
1010 236.134
1011 235.08742
1012 235.0
1013 235.0
1014 235.0
1015 235.0
1016 235.0
1017 235.0
1018 235.0
1019 235.0
1020 235.0
1021 235.0
1022 235.0
1023 235.0
1024 235.0
1025 235.0
1026 234.83714
1027 229.44743
1028 228.14914
1029 220.134
1030 220.134
1031 220.134
1032 220.134
1033 220.134
1034 220.134
1035 219.0
1036 219.0
1037 219.0
1038 219.0
1039 219.0
1040 219.0
1041 219.0
1042 219.0
1043 219.0
1044 219.0
1045 219.0
1046 219.0
1047 219.0
1048 219.0
1049 219.0
1050 219.0
1051 173.69675
1052 22.829134
1053 8.894457
1054 221.56235
1055 109.438034
1056 235.0
1057 220.134
1058 219.0
1059 62.96119
1060 83.05578
1061 0.0
1062 29.837267
1063 101.10248
1064 209.68513
1065 98.62041
1066 10.269626
1067 220.134
1068 315.0
1069 13.502076
1070 101.044685
1071 315.0
1072 143.71127
1073 219.0
1074 219.0
1075 175.8546
1076 0.0
1077 115.71724
1078 122.79742
1079 30.612377
1080 219.0
1081 35.21263
1082 219.0
1083 67.85887
1084 220.134
1085 153.12755
1086 94.873375
1087 147.9405
1088 46.77154
1089 45.53855
1090 165.44266
1091 87.7332
1092 39.51876
1093 27.618357
1094 220.134
1095 219.0
1096 219.0
1097 0.0
1098 164.71402
1099 44.089462
1100 24.057964
1101 315.0
1102 315.0
1103 315.0
1104 285.35663
1105 281.11725
1106 272.5561
1107 270.90186
1108 261.99323
1109 247.30365
1110 236.134
1111 236.134
1112 236.134
1113 235.08742
1114 235.0
1115 235.0
1116 235.0
1117 235.0
1118 235.0
1119 235.0
1120 235.0
1121 235.0
1122 235.0
1123 235.0
1124 235.0
1125 235.0
1126 235.0
1127 235.0
1128 235.0
1129 234.83714
1130 229.44743
1131 228.14914
1132 221.56235
1133 220.134
1134 220.134
1135 220.134
1136 220.134
1137 220.134
1138 220.134
1139 220.134
1140 220.134
1141 220.134
1142 220.134
1143 219.0
1144 219.0
1145 219.0
1146 219.0
1147 219.0
1148 219.0
1149 219.0
1150 219.0
1151 315.0
1152 219.0
1153 235.0
1154 219.0
1155 219.0
1156 219.0
1157 36.352985
1158 184.52237
1159 88.42184
1160 219.0
1161 38.168575
1162 0.0
1163 49.488026
1164 235.0
1165 235.0
1166 0.0
1167 148.56268
1168 235.0
1169 219.0
1170 65.78984
1171 219.0
1172 219.0
1173 188.2567
1174 235.0
1175 63.934326
1176 137.45271
1177 315.0
1178 235.0
1179 99.9421
1180 184.47227
1181 117.490005
1182 191.49858
1183 15.36745
1184 26.609482
1185 219.0
1186 219.0
1187 50.728886
1188 219.0
1189 236.134
1190 197.82732
1191 82.01626
1192 204.8118
1193 14.452156
1194 14.277791
1195 74.90909
1196 97.7931
1197 0.0
1198 220.134
1199 163.26776
1200 68.49763
1201 315.0
1202 315.0
1203 315.0
1204 315.0
1205 315.0
1206 285.35663
1207 281.11725
1208 272.5561
1209 270.90186
1210 261.99323
1211 247.30365
1212 236.134
1213 236.134
1214 236.134
1215 236.134
1216 235.08742
1217 235.0
1218 235.0
1219 235.0
1220 235.0
1221 235.0
1222 235.0
1223 235.0
1224 235.0
1225 235.0
1226 235.0
1227 235.0
1228 235.0
1229 235.0
1230 235.0
1231 235.0
1232 235.0
1233 235.0
1234 235.0
1235 235.0
1236 235.0
1237 235.0
1238 234.83714
1239 229.44743
1240 228.14914
1241 221.56235
1242 220.134
1243 220.134
1244 220.134
1245 220.134
1246 220.134
1247 220.134
1248 220.134
1249 220.134
1250 220.134
1251 219.0
1252 235.0
1253 148.92467
1254 235.0
1255 219.0
1256 219.0
1257 42.854958
1258 55.521122
1259 15.110835
1260 219.0
1261 59.220715
1262 23.118128
1263 219.60858
1264 35.39611
1265 125.69905
1266 43.88866
1267 145.01108
1268 58.868397
1269 60.40393
1270 219.0
1271 172.42593
1272 56.376965
1273 122.842545
1274 201.6607
1275 169.76447
1276 191.04169
1277 114.598206
1278 8.811133
1279 235.0
1280 143.38574
1281 100.87074
1282 235.0
1283 5.9523573
1284 159.3519
1285 219.0
1286 161.63014
1287 159.4315
1288 40.348633
1289 48.462585
1290 88.816635
1291 297.37836
1292 0.0
1293 315.56174
1294 59.43254
1295 0.0
1296 55.705296
1297 0.0
1298 24.521374
1299 106.75028
1300 219.0
1301 315.56174
1302 315.0
1303 315.0
1304 315.0
1305 315.0
1306 315.0
1307 297.37836
1308 285.35663
1309 281.11725
1310 272.5561
1311 270.90186
1312 261.99323
1313 247.30365
1314 236.134
1315 236.134
1316 236.134
1317 236.134
1318 235.08742
1319 235.0
1320 235.0
1321 235.0
1322 235.0
1323 235.0
1324 235.0
1325 235.0
1326 235.0
1327 235.0
1328 235.0
1329 235.0
1330 235.0
1331 235.0
1332 235.0
1333 235.0
1334 235.0
1335 235.0
1336 235.0
1337 235.0
1338 235.0
1339 235.0
1340 235.0
1341 235.0
1342 235.0
1343 235.0
1344 234.83714
1345 229.44743
1346 228.14914
1347 221.56235
1348 220.134
1349 220.134
1350 220.134
1351 164.41656
1352 235.0
1353 219.0
1354 219.0
1355 235.0
1356 219.0
1357 39.578873
1358 14.243002
1359 315.0
1360 219.0
1361 106.13368
1362 189.76044
1363 24.196014
1364 219.0
1365 125.89193
1366 195.9647
1367 139.70961
1368 147.02325
1369 161.64626
1370 210.19643
1371 176.49277
1372 235.0
1373 230.8245
1374 236.134
1375 180.10579
1376 122.66004
1377 167.19145
1378 128.74886
1379 235.0
1380 191.91518
1381 219.0
1382 219.0
1383 219.0
1384 94.352356
1385 33.134
1386 9.230515
1387 191.1969
1388 117.19863
1389 105.48393
1390 273.23383
1391 507.0
1392 219.0
1393 42.90115
1394 14.605802
1395 33.067997
1396 80.481285
1397 235.0
1398 186.0538
1399 220.134
1400 219.0
1401 507.0
1402 507.0
1403 315.56174
1404 315.0
1405 315.0
1406 315.0
1407 315.0
1408 315.0
1409 315.0
1410 297.37836
1411 285.35663
1412 281.11725
1413 273.23383
1414 272.5561
1415 270.90186
1416 261.99323
1417 247.30365
1418 236.134
1419 236.134
1420 236.134
1421 236.134
1422 236.134
1423 235.08742
1424 235.0
1425 235.0
1426 235.0
1427 235.0
1428 235.0
1429 235.0
1430 235.0
1431 235.0
1432 235.0
1433 235.0
1434 235.0
1435 235.0
1436 235.0
1437 235.0
1438 235.0
1439 235.0
1440 235.0
1441 235.0
1442 235.0
1443 235.0
1444 235.0
1445 235.0
1446 235.0
1447 235.0
1448 235.0
1449 235.0
1450 235.0
1451 235.0
1452 37.48063
1453 141.16531
1454 219.0
1455 175.97226
1456 206.99655
1457 219.0
1458 131.48206
1459 235.0
1460 31.341259
1461 235.0
1462 235.90027
1463 71.32852
1464 132.69873
1465 20.065935
1466 171.53316
1467 235.0
1468 14.464861
1469 196.44673
1470 143.65977
1471 219.0
1472 315.0
1473 55.19754
1474 193.44536
1475 197.81804
1476 219.0
1477 156.88994
1478 219.0
1479 316.134
1480 235.0
1481 118.15969
1482 219.0
1483 121.58255
1484 207.33482
1485 53.830326
1486 219.0
1487 118.40982
1488 219.0
1489 219.0
1490 54.027084
1491 284.23187
1492 219.0
1493 153.24887
1494 20.1104
1495 154.34892
1496 219.0
1497 219.0
1498 58.388977
1499 219.0
1500 235.0
1501 235.0
1502 507.0
1503 316.134
1504 315.56174
1505 315.0
1506 315.0
1507 315.0
1508 315.0
1509 315.0
1510 315.0
1511 315.0
1512 297.37836
1513 285.35663
1514 284.23187
1515 281.11725
1516 273.23383
1517 272.5561
1518 270.90186
1519 261.99323
1520 247.30365
1521 236.134
1522 236.134
1523 236.134
1524 236.134
1525 236.134
1526 235.90027
1527 235.08742
1528 235.0
1529 235.0
1530 235.0
1531 235.0
1532 235.0
1533 235.0
1534 235.0
1535 235.0
1536 235.0
1537 235.0
1538 235.0
1539 235.0
1540 235.0
1541 235.0
1542 235.0
1543 235.0
1544 235.0
1545 235.0
1546 235.0
1547 235.0
1548 235.0
1549 235.0
1550 235.0
1551 235.0
1552 170.8723
1553 123.8059
1554 219.0
1555 219.0
1556 315.0
1557 121.45984
1558 219.0
1559 33.134
1560 155.47166
1561 40.433247
1562 143.3111
1563 235.0
1564 219.0
1565 154.0196
1566 56.25241
1567 110.75191
1568 219.0
1569 59.68796
1570 47.321053
1571 236.134
1572 14.446375
1573 315.0
1574 235.0
1575 70.19975
1576 235.0
1577 54.733135
1578 219.0
1579 50.643303
1580 189.3179
1581 219.0
1582 225.88326
1583 123.67608
1584 116.00697
1585 108.04153
1586 126.52458
1587 29.364239
1588 219.0
1589 220.134
1590 153.61606
1591 124.53885
1592 128.92664
1593 219.0
1594 25.537193
1595 57.926052
1596 276.0
1597 60.40691
1598 137.22183
1599 219.0
1600 219.0
1601 219.0
1602 507.0
1603 316.134
1604 315.56174
1605 315.0
1606 315.0
1607 315.0
1608 315.0
1609 315.0
1610 315.0
1611 315.0
1612 315.0
1613 315.0
1614 297.37836
1615 285.35663
1616 284.23187
1617 281.11725
1618 276.0
1619 273.23383
1620 272.5561
1621 270.90186
1622 261.99323
1623 247.30365
1624 236.134
1625 236.134
1626 236.134
1627 236.134
1628 236.134
1629 236.134
1630 235.90027
1631 235.08742
1632 235.0
1633 235.0
1634 235.0
1635 235.0
1636 235.0
1637 235.0
1638 235.0
1639 235.0
1640 235.0
1641 235.0
1642 235.0
1643 235.0
1644 235.0
1645 235.0
1646 235.0
1647 235.0
1648 235.0
1649 235.0
1650 235.0
1651 235.0
1652 235.0
1653 219.0
1654 220.134
1655 151.79565
1656 235.0
1657 124.8851
1658 65.69083
1659 181.94264
1660 135.08888
1661 219.0
1662 236.134
1663 219.0
1664 158.2345
1665 235.0
1666 220.134
1667 21.85166
1668 219.0
1669 0.0
1670 33.733997
1671 85.11847
1672 219.0
1673 219.0
1674 236.134
1675 0.0
1676 42.854958
1677 219.0
1678 183.49008
1679 236.134
1680 125.85535
1681 219.0
1682 315.0
1683 175.89726
1684 99.172226
1685 315.0
1686 236.134
1687 120.926735
1688 0.0
1689 257.44843
1690 281.10367
1691 97.9254
1692 31.622046
1693 235.0
1694 192.32143
1695 64.45571
1696 136.54611
1697 235.0
1698 219.0
1699 219.0
1700 235.0
1701 105.28077
1702 507.0
1703 316.134
1704 315.56174
1705 315.0
1706 315.0
1707 315.0
1708 315.0
1709 315.0
1710 315.0
1711 315.0
1712 315.0
1713 315.0
1714 315.0
1715 315.0
1716 297.37836
1717 285.35663
1718 284.23187
1719 281.11725
1720 281.10367
1721 276.0
1722 273.23383
1723 272.5561
1724 270.90186
1725 261.99323
1726 257.44843
1727 247.30365
1728 236.134
1729 236.134
1730 236.134
1731 236.134
1732 236.134
1733 236.134
1734 236.134
1735 236.134
1736 236.134
1737 236.134
1738 235.90027
1739 235.08742
1740 235.0
1741 235.0
1742 235.0
1743 235.0
1744 235.0
1745 235.0
1746 235.0
1747 235.0
1748 235.0
1749 235.0
1750 235.0
1751 235.0
1752 59.206966
1753 235.0
1754 219.0
1755 219.0
1756 158.01889
1757 184.06966
1758 507.0
1759 235.0
1760 219.0
1761 43.06477
1762 219.0
1763 219.0
1764 219.0
1765 105.94762
1766 219.0
1767 219.0
1768 335.66245
1769 326.6957
1770 216.91345
1771 219.0
1772 99.41732
1773 235.0
1774 119.23802
1775 158.62547
1776 167.00569
1777 219.0
1778 235.0
1779 219.0
1780 153.94322
1781 190.6177
1782 219.0
1783 21.782446
1784 122.98341
1785 116.5741
1786 315.0
1787 236.134
1788 87.40728
1789 60.266685
1790 46.798332
1791 219.0
1792 220.134
1793 219.0
1794 235.0
1795 33.20038
1796 190.62166
1797 110.80594
1798 219.0
1799 47.89007
1800 26.735516
1801 12.636695
1802 507.0
1803 507.0
1804 335.66245
1805 326.6957
1806 316.134
1807 315.56174
1808 315.0
1809 315.0
1810 315.0
1811 315.0
1812 315.0
1813 315.0
1814 315.0
1815 315.0
1816 315.0
1817 315.0
1818 315.0
1819 315.0
1820 297.37836
1821 285.35663
1822 284.23187
1823 281.11725
1824 281.10367
1825 276.0
1826 273.23383
1827 272.5561
1828 270.90186
1829 261.99323
1830 257.44843
1831 247.30365
1832 236.134
1833 236.134
1834 236.134
1835 236.134
1836 236.134
1837 236.134
1838 236.134
1839 236.134
1840 236.134
1841 236.134
1842 236.134
1843 235.90027
1844 235.08742
1845 235.0
1846 235.0
1847 235.0
1848 235.0
1849 235.0
1850 235.0
1851 235.0
1852 168.25763
1853 183.135
1854 45.188957
1855 31.33163
1856 235.0
1857 219.0
1858 30.8
1859 219.0
1860 219.0
1861 169.46617
1862 219.0
1863 236.134
1864 117.057526
1865 105.31563
1866 235.0
1867 235.0
1868 219.0
1869 219.0
1870 33.134
1871 219.0
1872 30.866
1873 92.11161
1874 36.70595
1875 219.0
1876 81.28792
1877 235.0
1878 235.0
1879 131.08232
1880 307.2908
1881 310.69977
1882 219.0
1883 219.0
1884 0.0
1885 282.27185
1886 167.70036
1887 39.119442
1888 125.43728
1889 236.134
1890 60.2969
1891 219.0
1892 219.0
1893 315.0
1894 97.74347
1895 219.0
1896 136.93417
1897 220.134
1898 235.0
1899 208.73958
1900 235.0
1901 157.62259
1902 507.0
1903 507.0
1904 335.66245
1905 326.6957
1906 316.134
1907 315.56174
1908 315.0
1909 315.0
1910 315.0
1911 315.0
1912 315.0
1913 315.0
1914 315.0
1915 315.0
1916 315.0
1917 315.0
1918 315.0
1919 315.0
1920 315.0
1921 310.69977
1922 307.2908
1923 297.37836
1924 285.35663
1925 284.23187
1926 282.27185
1927 281.11725
1928 281.10367
1929 276.0
1930 273.23383
1931 272.5561
1932 270.90186
1933 261.99323
1934 257.44843
1935 247.30365
1936 236.134
1937 236.134
1938 236.134
1939 236.134
1940 236.134
1941 236.134
1942 236.134
1943 236.134
1944 236.134
1945 236.134
1946 236.134
1947 236.134
1948 236.134
1949 235.90027
1950 235.08742
1951 235.0
1952 219.0
1953 54.413326
1954 39.02389
1955 22.395761
1956 235.0
1957 220.134
1958 176.72299
1959 201.72696
1960 57.03641
1961 194.15979
1962 55.114315
1963 105.65231
1964 213.94635
1965 174.31854
1966 143.67401
1967 186.12364
1968 259.83627
1969 219.0
1970 219.0
1971 219.0
1972 219.0
1973 235.0
1974 219.0
1975 105.08274
1976 135.39027
1977 38.68063
1978 304.49054
1979 219.0
1980 70.80219
1981 219.0
1982 51.15102
1983 191.12755
1984 236.134
1985 73.99856
1986 61.01302
1987 236.134
1988 159.31937
1989 315.0
1990 46.236374
1991 235.0
1992 175.1774
1993 235.0
1994 219.0
1995 10.410601
1996 35.935997
1997 236.134
1998 119.37051
1999 141.78404
2000 0.0
2001 99.860794
2002 507.0
2003 507.0
2004 335.66245
2005 326.6957
2006 316.134
2007 315.56174
2008 315.0
2009 315.0
2010 315.0
2011 315.0
2012 315.0
2013 315.0
2014 315.0
2015 315.0
2016 315.0
2017 315.0
2018 315.0
2019 315.0
2020 315.0
2021 315.0
2022 310.69977
2023 307.2908
2024 304.49054
2025 297.37836
2026 285.35663
2027 284.23187
2028 282.27185
2029 281.11725
2030 281.10367
2031 276.0
2032 273.23383
2033 272.5561
2034 270.90186
2035 261.99323
2036 259.83627
2037 257.44843
2038 247.30365
2039 236.134
2040 236.134
2041 236.134
2042 236.134
2043 236.134
2044 236.134
2045 236.134
2046 236.134
2047 236.134
2048 236.134
2049 236.134
2050 236.134
2051 236.134
2052 219.0
2053 235.0
2054 261.99307
2055 55.199097
2056 163.21394
2057 219.0
2058 93.971306
2059 131.39944
2060 23.927338
2061 144.43173
2062 23.048038
2063 175.2297
2064 315.0
2065 315.0
2066 229.48123
2067 219.0
2068 219.0
2069 219.0
2070 119.25334
2071 219.0
2072 22.988728
2073 187.72278
2074 82.528946
2075 225.61462
2076 304.91785
2077 37.48063
2078 190.18674
2079 219.0
2080 219.0
2081 219.0
2082 219.0
2083 60.291702
2084 32.0
2085 186.04184
2086 69.581375
2087 191.09148
2088 37.6267
2089 219.0
2090 73.13903
2091 163.30289
2092 219.0
2093 35.39611
2094 150.05493
2095 236.134
2096 219.0
2097 0.0
2098 16.50569
2099 131.00545
2100 120.78879
2101 220.134
2102 507.0
2103 507.0
2104 335.66245
2105 326.6957
2106 316.134
2107 315.56174
2108 315.0
2109 315.0
2110 315.0
2111 315.0
2112 315.0
2113 315.0
2114 315.0
2115 315.0
2116 315.0
2117 315.0
2118 315.0
2119 315.0
2120 315.0
2121 315.0
2122 315.0
2123 315.0
2124 310.69977
2125 307.2908
2126 304.91785
2127 304.49054
2128 297.37836
2129 285.35663
2130 284.23187
2131 282.27185
2132 281.11725
2133 281.10367
2134 276.0
2135 273.23383
2136 272.5561
2137 270.90186
2138 261.99323
2139 261.99307
2140 259.83627
2141 257.44843
2142 247.30365
2143 236.134
2144 236.134
2145 236.134
2146 236.134
2147 236.134
2148 236.134
2149 236.134
2150 236.134
2151 236.134
2152 219.0
2153 235.0
2154 58.399544
2155 315.0
2156 219.0
2157 46.086353
2158 219.0
2159 233.22629
2160 158.51294
2161 315.0
2162 244.23323
2163 235.0
2164 235.0
2165 190.06644
2166 220.134
2167 219.0
2168 219.0
2169 90.37808
2170 219.0
2171 235.0
2172 158.90646
2173 219.0
2174 214.11237
2175 285.44278
2176 212.31021
2177 225.65086
2178 122.739075
2179 219.0
2180 39.74863
2181 182.23343
2182 235.0
2183 135.53212
2184 219.0
2185 32.866905
2186 219.0
2187 0.0
2188 235.0
2189 34.24747
2190 159.77045
2191 236.134
2192 75.024216
2193 219.0
2194 219.0
2195 235.0
2196 219.0
2197 100.77317
2198 235.0
2199 99.74461
2200 219.0
2201 236.134
2202 507.0
2203 507.0
2204 335.66245
2205 326.6957
2206 316.134
2207 315.56174
2208 315.0
2209 315.0
2210 315.0
2211 315.0
2212 315.0
2213 315.0
2214 315.0
2215 315.0
2216 315.0
2217 315.0
2218 315.0
2219 315.0
2220 315.0
2221 315.0
2222 315.0
2223 315.0
2224 315.0
2225 315.0
2226 310.69977
2227 307.2908
2228 304.91785
2229 304.49054
2230 297.37836
2231 285.44278
2232 285.35663
2233 284.23187
2234 282.27185
2235 281.11725
2236 281.10367
2237 276.0
2238 273.23383
2239 272.5561
2240 270.90186
2241 261.99323
2242 261.99307
2243 259.83627
2244 257.44843
2245 247.30365
2246 244.23323
2247 236.134
2248 236.134
2249 236.134
2250 236.134
2251 236.134
2252 190.84912
2253 50.893597
2254 225.08385
2255 37.48063
2256 219.0
2257 29.041616
2258 312.5374
2259 202.3943
2260 219.0
2261 219.0
2262 7.9727488
2263 134.10858
2264 37.48063
2265 189.51959
2266 112.96619
2267 219.0
2268 219.0
2269 235.0
2270 193.11246
2271 219.0
2272 219.0
2273 143.67479
2274 219.0
2275 175.83324
2276 175.1891
2277 187.35558
2278 219.0
2279 218.56749
2280 34.334
2281 92.02794
2282 219.0
2283 213.40694
2284 235.0
2285 281.22693
2286 219.0
2287 219.0
2288 47.52063
2289 236.134
2290 117.60259
2291 219.0
2292 65.627884
2293 327.0401
2294 181.73859
2295 235.0
2296 219.0
2297 185.90866
2298 219.0
2299 219.0
2300 219.0
2301 219.0
2302 507.0
2303 507.0
2304 335.66245
2305 327.0401
2306 326.6957
2307 316.134
2308 315.56174
2309 315.0
2310 315.0
2311 315.0
2312 315.0
2313 315.0
2314 315.0
2315 315.0
2316 315.0
2317 315.0
2318 315.0
2319 315.0
2320 315.0
2321 315.0
2322 315.0
2323 315.0
2324 315.0
2325 315.0
2326 315.0
2327 312.5374
2328 310.69977
2329 307.2908
2330 304.91785
2331 304.49054
2332 297.37836
2333 285.44278
2334 285.35663
2335 284.23187
2336 282.27185
2337 281.22693
2338 281.11725
2339 281.10367
2340 276.0
2341 273.23383
2342 272.5561
2343 270.90186
2344 261.99323
2345 261.99307
2346 259.83627
2347 257.44843
2348 247.30365
2349 244.23323
2350 236.134
2351 236.134
2352 235.0
2353 220.134
2354 235.0
2355 261.4104
2356 219.0
2357 236.134
2358 216.81665
2359 186.78743
2360 163.3517
2361 235.0
2362 268.76465
2363 219.0
2364 219.0
2365 127.05524
2366 164.80923
2367 173.68152
2368 235.0
2369 219.0
2370 275.3079
2371 44.137142
2372 72.84461
2373 180.53162
2374 36.952522
2375 219.0
2376 236.134
2377 219.0
2378 200.49104
2379 219.0
2380 219.0
2381 141.34604
2382 219.0
2383 219.0
2384 503.6829
2385 215.64851
2386 252.91167
2387 71.078896
2388 84.34894
2389 0.0
2390 219.0
2391 106.38289
2392 94.642204
2393 235.0
2394 49.576748
2395 43.926193
2396 315.0
2397 88.93927
2398 96.70202
2399 118.80373
2400 164.31073
2401 73.54177
2402 507.0
2403 507.0
2404 503.6829
2405 335.66245
2406 327.0401
2407 326.6957
2408 316.134
2409 315.56174
2410 315.0
2411 315.0
2412 315.0
2413 315.0
2414 315.0
2415 315.0
2416 315.0
2417 315.0
2418 315.0
2419 315.0
2420 315.0
2421 315.0
2422 315.0
2423 315.0
2424 315.0
2425 315.0
2426 315.0
2427 315.0
2428 315.0
2429 312.5374
2430 310.69977
2431 307.2908
2432 304.91785
2433 304.49054
2434 297.37836
2435 285.44278
2436 285.35663
2437 284.23187
2438 282.27185
2439 281.22693
2440 281.11725
2441 281.10367
2442 276.0
2443 275.3079
2444 273.23383
2445 272.5561
2446 270.90186
2447 268.76465
2448 261.99323
2449 261.99307
2450 261.4104
2451 259.83627
2452 316.134
2453 235.0
2454 303.46494
2455 219.0
2456 339.10983
2457 108.47909
2458 150.27382
2459 354.22653
2460 219.0
2461 58.156033
2462 315.0
2463 197.7268
2464 109.65302
2465 315.0
2466 219.0
2467 219.0
2468 15.424058
2469 116.43348
2470 121.42813
2471 164.17358
2472 190.11446
2473 219.0
2474 219.0
2475 215.59544
2476 219.0
2477 250.12683
2478 219.0
2479 235.0
2480 192.11887
2481 197.1611
2482 219.0
2483 14.34129
2484 105.197296
2485 219.0
2486 219.0
2487 219.0
2488 219.0
2489 219.0
2490 14.303778
2491 174.19032
2492 219.0
2493 9.497018
2494 195.65225
2495 219.0
2496 219.0
2497 235.0
2498 175.83916
2499 219.0
2500 223.7095
2501 182.5793
2502 507.0
2503 507.0
2504 503.6829
2505 354.22653
2506 339.10983
2507 335.66245
2508 327.0401
2509 326.6957
2510 316.134
2511 316.134
2512 315.56174
2513 315.0
2514 315.0
2515 315.0
2516 315.0
2517 315.0
2518 315.0
2519 315.0
2520 315.0
2521 315.0
2522 315.0
2523 315.0
2524 315.0
2525 315.0
2526 315.0
2527 315.0
2528 315.0
2529 315.0
2530 315.0
2531 315.0
2532 315.0
2533 315.0
2534 312.5374
2535 310.69977
2536 307.2908
2537 304.91785
2538 304.49054
2539 303.46494
2540 297.37836
2541 285.44278
2542 285.35663
2543 284.23187
2544 282.27185
2545 281.22693
2546 281.11725
2547 281.10367
2548 276.0
2549 275.3079
2550 273.23383
2551 272.5561
2552 214.31898
2553 128.33597
2554 507.0
2555 603.6
2556 315.0
2557 49.520634
2558 255.6467
2559 281.3092
2560 130.43707
2561 219.0
2562 220.134
2563 315.0
2564 219.0
2565 236.134
2566 219.0
2567 219.0
2568 154.363
2569 76.66087
2570 235.0
2571 131.80331
2572 219.0
2573 162.02142
2574 191.43927
2575 37.09291
2576 315.0
2577 255.47227
2578 315.0
2579 172.74403
2580 191.45653
2581 130.92677
2582 219.0
2583 315.0
2584 219.0
2585 236.134
2586 315.0
2587 235.0
2588 235.0
2589 150.99966
2590 219.0
2591 220.134
2592 212.65121
2593 202.77896
2594 235.0
2595 315.0
2596 235.0
2597 122.001854
2598 219.0
2599 136.55968
2600 74.92408
2601 235.0
2602 603.6
2603 603.6
2604 507.0
2605 507.0
2606 507.0
2607 503.6829
2608 354.22653
2609 339.10983
2610 335.66245
2611 327.0401
2612 326.6957
2613 316.134
2614 316.134
2615 315.56174
2616 315.0
2617 315.0
2618 315.0
2619 315.0
2620 315.0
2621 315.0
2622 315.0
2623 315.0
2624 315.0
2625 315.0
2626 315.0
2627 315.0
2628 315.0
2629 315.0
2630 315.0
2631 315.0
2632 315.0
2633 315.0
2634 315.0
2635 315.0
2636 315.0
2637 315.0
2638 315.0
2639 315.0
2640 315.0
2641 315.0
2642 315.0
2643 315.0
2644 312.5374
2645 310.69977
2646 307.2908
2647 304.91785
2648 304.49054
2649 303.46494
2650 297.37836
2651 285.44278
2652 285.35663
2653 75.712234
2654 65.66595
2655 219.0
2656 315.42294
2657 219.0
2658 33.065628
2659 315.0
2660 141.01205
2661 212.01462
2662 219.0
2663 180.63475
2664 316.134
2665 147.08212
2666 142.00237
2667 228.14914
2668 161.64175
2669 79.31361
2670 310.44467
2671 235.0
2672 173.95477
2673 235.0
2674 219.0
2675 166.41893
2676 158.37796
2677 235.0
2678 168.29997
2679 315.0
2680 132.29271
2681 219.0
2682 219.0
2683 157.42247
2684 315.0
2685 219.0
2686 144.01447
2687 219.0
2688 174.24344
2689 42.1048
2690 85.85111
2691 24.546333
2692 235.0
2693 315.0
2694 323.91888
2695 5.0418415
2696 219.0
2697 219.0
2698 219.0
2699 235.0
2700 219.0
2701 220.134
2702 64.53226
2703 603.6
2704 507.0
2705 507.0
2706 507.0
2707 503.6829
2708 354.22653
2709 339.10983
2710 335.66245
2711 327.0401
2712 326.6957
2713 323.91888
2714 316.134
2715 316.134
2716 316.134
2717 315.56174
2718 315.42294
2719 315.0
2720 315.0
2721 315.0
2722 315.0
2723 315.0
2724 315.0
2725 315.0
2726 315.0
2727 315.0
2728 315.0
2729 315.0
2730 315.0
2731 315.0
2732 315.0
2733 315.0
2734 315.0
2735 315.0
2736 315.0
2737 315.0
2738 315.0
2739 315.0
2740 315.0
2741 315.0
2742 315.0
2743 315.0
2744 315.0
2745 315.0
2746 315.0
2747 315.0
2748 315.0
2749 315.0
2750 315.0
2751 312.5374
2752 310.69977
2753 211.1763
2754 219.0
2755 220.134
2756 219.0
2757 220.134
2758 235.0
2759 219.0
2760 49.473354
2761 78.529175
2762 106.55423
2763 235.0
2764 134.7949
2765 235.0
2766 196.7297
2767 219.0
2768 220.134
2769 45.188957
2770 121.17956
2771 157.92278
2772 72.155846
2773 219.0
2774 220.134
2775 315.0
2776 141.79701
2777 219.0
2778 220.134
2779 191.20912
2780 206.06575
2781 235.0
2782 126.15501
2783 315.0
2784 120.92699
2785 251.53714
2786 315.0
2787 261.11502
2788 143.42133
2789 157.70535
2790 140.15578
2791 315.0
2792 316.134
2793 219.0
2794 219.0
2795 315.0
2796 110.750374
2797 235.0
2798 235.0
2799 220.134
2800 271.484
2801 220.134
2802 219.0
2803 603.6
2804 507.0
2805 507.0
2806 507.0
2807 503.6829
2808 354.22653
2809 339.10983
2810 335.66245
2811 327.0401
2812 326.6957
2813 323.91888
2814 316.134
2815 316.134
2816 316.134
2817 316.134
2818 315.56174
2819 315.42294
2820 315.0
2821 315.0
2822 315.0
2823 315.0
2824 315.0
2825 315.0
2826 315.0
2827 315.0
2828 315.0
2829 315.0
2830 315.0
2831 315.0
2832 315.0
2833 315.0
2834 315.0
2835 315.0
2836 315.0
2837 315.0
2838 315.0
2839 315.0
2840 315.0
2841 315.0
2842 315.0
2843 315.0
2844 315.0
2845 315.0
2846 315.0
2847 315.0
2848 315.0
2849 315.0
2850 315.0
2851 315.0
2852 315.0
2853 235.0
2854 315.0
2855 219.0
2856 219.0
2857 219.0
2858 602.8214
2859 315.0
2860 163.00911
2861 219.0
2862 219.0
2863 235.0
2864 219.0
2865 235.0
2866 219.0
2867 457.0674
2868 315.0
2869 219.0
2870 63.09145
2871 235.0
2872 138.15651
2873 436.32776
2874 235.0
2875 219.0
2876 20.780018
2877 63.610012
2878 129.07059
2879 219.0
2880 315.0
2881 150.76685
2882 219.0
2883 0.0
2884 76.3524
2885 219.0
2886 219.0
2887 253.19572
2888 58.147224
2889 315.0
2890 267.44388
2891 219.0
2892 235.0
2893 315.0
2894 219.0
2895 219.0
2896 365.43466
2897 164.81717
2898 93.26374
2899 21.185837
2900 164.1818
2901 181.97697
2902 143.81314
2903 603.6
2904 602.8214
2905 507.0
2906 507.0
2907 507.0
2908 503.6829
2909 457.0674
2910 436.32776
2911 365.43466
2912 354.22653
2913 339.10983
2914 335.66245
2915 327.0401
2916 326.6957
2917 323.91888
2918 316.134
2919 316.134
2920 316.134
2921 316.134
2922 315.56174
2923 315.42294
2924 315.0
2925 315.0
2926 315.0
2927 315.0
2928 315.0
2929 315.0
2930 315.0
2931 315.0
2932 315.0
2933 315.0
2934 315.0
2935 315.0
2936 315.0
2937 315.0
2938 315.0
2939 315.0
2940 315.0
2941 315.0
2942 315.0
2943 315.0
2944 315.0
2945 315.0
2946 315.0
2947 315.0
2948 315.0
2949 315.0
2950 315.0
2951 315.0
2952 315.0
2953 8.88479
2954 193.93764
2955 209.82317
2956 220.134
2957 220.134
2958 306.11737
2959 147.07668
2960 78.20831
2961 49.758278
2962 116.45841
2963 150.55101
2964 147.59721
2965 111.61609
2966 85.46775
2967 235.0
2968 315.0
2969 168.15094
2970 146.73178
2971 219.0
2972 219.0
2973 219.0
2974 196.74747
2975 269.37192
2976 226.23956
2977 235.0
2978 210.1015
2979 235.0
2980 235.0
2981 255.3752
2982 235.0
2983 219.0
2984 235.0
2985 235.0
2986 284.82983
2987 288.32422
2988 219.0
2989 69.193375
2990 9.252563
2991 241.90596
2992 220.134
2993 219.0
2994 235.0
2995 315.0
2996 235.0
2997 187.3692
2998 295.01187
2999 158.36891
3000 315.0
3001 265.04953
3002 219.0
3003 603.6
3004 602.8214
3005 507.0
3006 507.0
3007 507.0
3008 503.6829
3009 457.0674
3010 436.32776
3011 365.43466
3012 354.22653
3013 339.10983
3014 335.66245
3015 327.0401
3016 326.6957
3017 323.91888
3018 316.134
3019 316.134
3020 316.134
3021 316.134
3022 315.56174
3023 315.42294
3024 315.0
3025 315.0
3026 315.0
3027 315.0
3028 315.0
3029 315.0
3030 315.0
3031 315.0
3032 315.0
3033 315.0
3034 315.0
3035 315.0
3036 315.0
3037 315.0
3038 315.0
3039 315.0
3040 315.0
3041 315.0
3042 315.0
3043 315.0
3044 315.0
3045 315.0
3046 315.0
3047 315.0
3048 315.0
3049 315.0
3050 315.0
3051 315.0
3052 315.0
3053 59.223095
3054 124.651
3055 219.0
3056 219.0
3057 64.72336
3058 315.0
3059 219.0
3060 235.0
3061 235.0
3062 26.461388
3063 135.8944
3064 219.0
3065 175.17867
3066 78.5005
3067 315.0
3068 189.61932
3069 219.0
3070 212.50336
3071 235.0
3072 235.0
3073 316.134
3074 235.0
3075 235.0
3076 235.0
3077 26.687912
3078 219.0
3079 164.06715
3080 266.94803
3081 185.9462
3082 219.0
3083 101.69215
3084 219.0
3085 343.408
3086 234.19733
3087 264.86597
3088 158.06122
3089 266.1505
3090 71.12004
3091 235.0
3092 219.0
3093 3.4127688
3094 155.17479
3095 235.0
3096 219.0
3097 233.47462
3098 219.0
3099 263.64795
3100 236.134
3101 24.438393
3102 315.0
3103 603.6
3104 602.8214
3105 507.0
3106 507.0
3107 507.0
3108 503.6829
3109 457.0674
3110 436.32776
3111 365.43466
3112 354.22653
3113 343.408
3114 339.10983
3115 335.66245
3116 327.0401
3117 326.6957
3118 323.91888
3119 316.134
3120 316.134
3121 316.134
3122 316.134
3123 316.134
3124 315.56174
3125 315.42294
3126 315.0
3127 315.0
3128 315.0
3129 315.0
3130 315.0
3131 315.0
3132 315.0
3133 315.0
3134 315.0
3135 315.0
3136 315.0
3137 315.0
3138 315.0
3139 315.0
3140 315.0
3141 315.0
3142 315.0
3143 315.0
3144 315.0
3145 315.0
3146 315.0
3147 315.0
3148 315.0
3149 315.0
3150 315.0
3151 315.0
3152 315.0
3153 100.198456
3154 235.0
3155 220.134
3156 66.62555
3157 219.0
3158 219.0
3159 150.07027
3160 219.0
3161 315.0
3162 291.0731
3163 77.920204
3164 167.75787
3165 188.76619
3166 16.636303
3167 28.7235
3168 235.0
3169 315.0
3170 315.0
3171 219.0
3172 161.31108
3173 235.0
3174 235.0
3175 235.0
3176 176.42839
3177 315.0
3178 220.134
3179 156.19191
3180 315.0
3181 192.51155
3182 39.610348
3183 315.0
3184 273.64114
3185 120.61413
3186 31.750282
3187 315.0
3188 140.791
3189 235.0
3190 236.134
3191 235.0
3192 190.06616
3193 315.0
3194 95.23747
3195 130.10611
3196 226.48969
3197 219.0
3198 219.0
3199 120.23894
3200 235.0
3201 235.0
3202 235.0
3203 603.6
3204 602.8214
3205 507.0
3206 507.0
3207 507.0
3208 503.6829
3209 457.0674
3210 436.32776
3211 365.43466
3212 354.22653
3213 343.408
3214 339.10983
3215 335.66245
3216 327.0401
3217 326.6957
3218 323.91888
3219 316.134
3220 316.134
3221 316.134
3222 316.134
3223 316.134
3224 315.56174
3225 315.42294
3226 315.0
3227 315.0
3228 315.0
3229 315.0
3230 315.0
3231 315.0
3232 315.0
3233 315.0
3234 315.0
3235 315.0
3236 315.0
3237 315.0
3238 315.0
3239 315.0
3240 315.0
3241 315.0
3242 315.0
3243 315.0
3244 315.0
3245 315.0
3246 315.0
3247 315.0
3248 315.0
3249 315.0
3250 315.0
3251 315.0
3252 315.0
3253 63.352905
3254 211.4737
3255 220.134
3256 546.48944
3257 235.0
3258 219.0
3259 219.0
3260 315.0
3261 219.0
3262 22.295134
3263 178.33803
3264 175.65219
3265 236.77832
3266 14.289677
3267 219.0
3268 235.0
3269 175.5816
3270 219.0
3271 150.69571
3272 150.3084
3273 315.0
3274 266.1301
3275 316.134
3276 85.81881
3277 273.09256
3278 219.0
3279 213.03192
3280 219.0
3281 235.0
3282 315.0
3283 109.62502
3284 152.6534
3285 217.61809
3286 272.26038
3287 235.0
3288 236.134
3289 223.85068
3290 214.63666
3291 219.0
3292 164.66998
3293 219.0
3294 235.0
3295 0.0
3296 220.134
3297 173.57831
3298 219.0
3299 220.134
3300 14.5441475
3301 219.0
3302 219.0
3303 603.6
3304 602.8214
3305 546.48944
3306 507.0
3307 507.0
3308 507.0
3309 503.6829
3310 457.0674
3311 436.32776
3312 365.43466
3313 354.22653
3314 343.408
3315 339.10983
3316 335.66245
3317 327.0401
3318 326.6957
3319 323.91888
3320 316.134
3321 316.134
3322 316.134
3323 316.134
3324 316.134
3325 316.134
3326 315.56174
3327 315.42294
3328 315.0
3329 315.0
3330 315.0
3331 315.0
3332 315.0
3333 315.0
3334 315.0
3335 315.0
3336 315.0
3337 315.0
3338 315.0
3339 315.0
3340 315.0
3341 315.0
3342 315.0
3343 315.0
3344 315.0
3345 315.0
3346 315.0
3347 315.0
3348 315.0
3349 315.0
3350 315.0
3351 315.0
3352 315.0
3353 219.0
3354 178.2802
3355 107.244156
3356 219.0
3357 235.0
3358 315.0
3359 220.134
3360 219.0
3361 220.134
3362 235.0
3363 235.0
3364 22.379004
3365 175.29031
3366 30.265999
3367 142.65575
3368 301.6939
3369 219.0
3370 219.0
3371 235.0
3372 219.0
3373 236.134
3374 315.6
3375 235.0
3376 219.0
3377 219.0
3378 219.0
3379 315.0
3380 219.0
3381 315.0
3382 315.0
3383 262.56186
3384 235.0
3385 112.038185
3386 95.44373
3387 315.0
3388 63.57074
3389 219.0
3390 220.134
3391 219.0
3392 301.82236
3393 219.0
3394 219.0
3395 174.21152
3396 235.0
3397 367.2796
3398 290.94925
3399 74.909836
3400 235.0
3401 315.0
3402 244.81909
3403 603.6
3404 602.8214
3405 546.48944
3406 507.0
3407 507.0
3408 507.0
3409 503.6829
3410 457.0674
3411 436.32776
3412 367.2796
3413 365.43466
3414 354.22653
3415 343.408
3416 339.10983
3417 335.66245
3418 327.0401
3419 326.6957
3420 323.91888
3421 316.134
3422 316.134
3423 316.134
3424 316.134
3425 316.134
3426 316.134
3427 315.6
3428 315.56174
3429 315.42294
3430 315.0
3431 315.0
3432 315.0
3433 315.0
3434 315.0
3435 315.0
3436 315.0
3437 315.0
3438 315.0
3439 315.0
3440 315.0
3441 315.0
3442 315.0
3443 315.0
3444 315.0
3445 315.0
3446 315.0
3447 315.0
3448 315.0
3449 315.0
3450 315.0
3451 315.0
3452 315.0
3453 219.0
3454 105.842285
3455 42.915306
3456 507.0
3457 219.0
3458 219.0
3459 219.0
3460 198.62129
3461 219.0
3462 219.0
3463 235.0
3464 93.775185
3465 37.446045
3466 112.78565
3467 219.0
3468 219.0
3469 25.75829
3470 337.7636
3471 315.0
3472 219.0
3473 235.0
3474 184.50946
3475 219.0
3476 219.0
3477 315.0
3478 182.03575
3479 219.0
3480 269.25992
3481 165.44142
3482 69.47723
3483 219.0
3484 94.4038
3485 219.0
3486 219.0
3487 219.0
3488 219.0
3489 220.134
3490 315.0
3491 298.3141
3492 315.0
3493 235.0
3494 219.0
3495 220.134
3496 235.0
3497 77.44993
3498 219.0
3499 235.0
3500 270.4493
3501 235.0
3502 219.0
3503 603.6
3504 602.8214
3505 546.48944
3506 507.0
3507 507.0
3508 507.0
3509 507.0
3510 503.6829
3511 457.0674
3512 436.32776
3513 367.2796
3514 365.43466
3515 354.22653
3516 343.408
3517 339.10983
3518 337.7636
3519 335.66245
3520 327.0401
3521 326.6957
3522 323.91888
3523 316.134
3524 316.134
3525 316.134
3526 316.134
3527 316.134
3528 316.134
3529 315.6
3530 315.56174
3531 315.42294
3532 315.0
3533 315.0
3534 315.0
3535 315.0
3536 315.0
3537 315.0
3538 315.0
3539 315.0
3540 315.0
3541 315.0
3542 315.0
3543 315.0
3544 315.0
3545 315.0
3546 315.0
3547 315.0
3548 315.0
3549 315.0
3550 315.0
3551 315.0
3552 315.0
3553 131.34009
3554 219.0
3555 235.0
3556 220.134
3557 219.0
3558 45.82346
3559 79.35847
3560 220.134
3561 225.61462
3562 219.0
3563 96.16336
3564 220.134
3565 220.134
3566 227.1991
3567 219.0
3568 219.0
3569 219.0
3570 29.035208
3571 135.39192
3572 219.0
3573 219.0
3574 312.46982
3575 315.0
3576 219.0
3577 192.3859
3578 167.6083
3579 219.0
3580 152.98816
3581 235.0
3582 219.0
3583 120.918915
3584 315.0
3585 219.0
3586 220.134
3587 235.0
3588 182.38383
3589 134.134
3590 219.0
3591 265.76706
3592 233.53139
3593 308.06323
3594 316.134
3595 315.0
3596 315.0
3597 235.0
3598 219.0
3599 274.30917
3600 235.0
3601 191.2554
3602 219.0
3603 603.6
3604 602.8214
3605 546.48944
3606 507.0
3607 507.0
3608 507.0
3609 507.0
3610 503.6829
3611 457.0674
3612 436.32776
3613 367.2796
3614 365.43466
3615 354.22653
3616 343.408
3617 339.10983
3618 337.7636
3619 335.66245
3620 327.0401
3621 326.6957
3622 323.91888
3623 316.134
3624 316.134
3625 316.134
3626 316.134
3627 316.134
3628 316.134
3629 316.134
3630 315.6
3631 315.56174
3632 315.42294
3633 315.0
3634 315.0
3635 315.0
3636 315.0
3637 315.0
3638 315.0
3639 315.0
3640 315.0
3641 315.0
3642 315.0
3643 315.0
3644 315.0
3645 315.0
3646 315.0
3647 315.0
3648 315.0
3649 315.0
3650 315.0
3651 315.0
3652 315.0
3653 219.0
3654 219.0
3655 219.0
3656 219.0
3657 219.0
3658 219.75993
3659 181.71738
3660 219.0
3661 219.0
3662 220.134
3663 219.0
3664 125.952126
3665 77.0881
3666 127.23787
3667 18.255354
3668 315.0
3669 142.47783
3670 191.90935
3671 96.75409
3672 235.0
3673 19.69634
3674 316.134
3675 235.0
3676 235.0
3677 219.0
3678 315.0
3679 220.134
3680 219.0
3681 219.0
3682 220.134
3683 27.935516
3684 219.0
3685 235.0
3686 112.08846
3687 14.414039
3688 315.0
3689 235.0
3690 48.831505
3691 235.0
3692 213.94211
3693 259.93597
3694 235.0
3695 235.0
3696 220.134
3697 220.134
3698 60.531666
3699 315.0
3700 235.0
3701 219.0
3702 219.0
3703 603.6
3704 602.8214
3705 546.48944
3706 507.0
3707 507.0
3708 507.0
3709 507.0
3710 503.6829
3711 457.0674
3712 436.32776
3713 367.2796
3714 365.43466
3715 354.22653
3716 343.408
3717 339.10983
3718 337.7636
3719 335.66245
3720 327.0401
3721 326.6957
3722 323.91888
3723 316.134
3724 316.134
3725 316.134
3726 316.134
3727 316.134
3728 316.134
3729 316.134
3730 316.134
3731 315.6
3732 315.56174
3733 315.42294
3734 315.0
3735 315.0
3736 315.0
3737 315.0
3738 315.0
3739 315.0
3740 315.0
3741 315.0
3742 315.0
3743 315.0
3744 315.0
3745 315.0
3746 315.0
3747 315.0
3748 315.0
3749 315.0
3750 315.0
3751 315.0
3752 315.0
3753 60.273895
3754 172.77124
3755 235.0
3756 219.0
3757 219.0
3758 88.97911
3759 219.0
3760 71.10478
3761 219.0
3762 258.7301
3763 189.98059
3764 235.0
3765 235.0
3766 229.59534
3767 220.35846
3768 215.55624
3769 40.41463
3770 221.38744
3771 30.266
3772 219.0
3773 153.39531
3774 219.29948
3775 315.0
3776 315.0
3777 200.97725
3778 196.21648
3779 235.0
3780 316.134
3781 6.7799835
3782 119.56482
3783 219.0
3784 220.134
3785 315.0
3786 60.446766
3787 127.7238
3788 99.14614
3789 175.61917
3790 276.0
3791 98.614525
3792 219.0
3793 315.0
3794 219.0
3795 114.53051
3796 231.72142
3797 216.4144
3798 235.0
3799 219.0
3800 121.98674
3801 219.0
3802 219.0
3803 603.6
3804 602.8214
3805 546.48944
3806 507.0
3807 507.0
3808 507.0
3809 507.0
3810 503.6829
3811 457.0674
3812 436.32776
3813 367.2796
3814 365.43466
3815 354.22653
3816 343.408
3817 339.10983
3818 337.7636
3819 335.66245
3820 327.0401
3821 326.6957
3822 323.91888
3823 316.134
3824 316.134
3825 316.134
3826 316.134
3827 316.134
3828 316.134
3829 316.134
3830 316.134
3831 316.134
3832 315.6
3833 315.56174
3834 315.42294
3835 315.0
3836 315.0
3837 315.0
3838 315.0
3839 315.0
3840 315.0
3841 315.0
3842 315.0
3843 315.0
3844 315.0
3845 315.0
3846 315.0
3847 315.0
3848 315.0
3849 315.0
3850 315.0
3851 315.0
3852 315.0
3853 219.0
3854 316.134
3855 47.385067
3856 127.339775
3857 235.0
3858 220.134
3859 219.0
3860 219.0
3861 219.0
3862 235.0
3863 193.5914
3864 156.26495
3865 325.16748
3866 187.55296
3867 27.516731
3868 235.0
3869 219.0
3870 38.798542
3871 219.0
3872 235.0
3873 219.0
3874 235.0
3875 301.71133
3876 219.0
3877 219.0
3878 35.36692
3879 507.0
3880 219.0
3881 316.134
3882 513.8372
3883 257.16193
3884 314.71036
3885 219.0
3886 276.0
3887 235.0
3888 235.0
3889 219.0
3890 235.0
3891 236.134
3892 315.0
3893 49.94613
3894 219.0
3895 102.91106
3896 0.0
3897 218.37532
3898 219.0
3899 208.33183
3900 214.14667
3901 219.0
3902 315.0
3903 603.6
3904 602.8214
3905 546.48944
3906 513.8372
3907 507.0
3908 507.0
3909 507.0
3910 507.0
3911 507.0
3912 503.6829
3913 457.0674
3914 436.32776
3915 367.2796
3916 365.43466
3917 354.22653
3918 343.408
3919 339.10983
3920 337.7636
3921 335.66245
3922 327.0401
3923 326.6957
3924 325.16748
3925 323.91888
3926 316.134
3927 316.134
3928 316.134
3929 316.134
3930 316.134
3931 316.134
3932 316.134
3933 316.134
3934 316.134
3935 316.134
3936 316.134
3937 315.6
3938 315.56174
3939 315.42294
3940 315.0
3941 315.0
3942 315.0
3943 315.0
3944 315.0
3945 315.0
3946 315.0
3947 315.0
3948 315.0
3949 315.0
3950 315.0
3951 315.0
3952 315.0
3953 219.0
3954 235.0
3955 235.0
3956 158.94951
3957 220.134
3958 145.24832
3959 64.56214
3960 127.520325
3961 220.134
3962 219.0
3963 270.71158
3964 220.134
3965 140.54272
3966 181.3265
3967 219.0
3968 326.62027
3969 76.6682
3970 301.8576
3971 44.019505
3972 315.0
3973 219.0
3974 220.134
3975 219.0
3976 315.0
3977 219.0
3978 183.40355
3979 254.25545
3980 219.0
3981 235.0
3982 187.14822
3983 316.134
3984 315.0
3985 220.134
3986 187.85196
3987 219.0
3988 219.0
3989 219.0
3990 219.0
3991 219.0
3992 315.0
3993 219.0
3994 17.116367
3995 315.0
3996 315.0
3997 220.134
3998 121.02073
3999 315.0
4000 235.0
4001 300.37518
4002 235.0
4003 603.6
4004 602.8214
4005 546.48944
4006 513.8372
4007 507.0
4008 507.0
4009 507.0
4010 507.0
4011 507.0
4012 503.6829
4013 457.0674
4014 436.32776
4015 367.2796
4016 365.43466
4017 354.22653
4018 343.408
4019 339.10983
4020 337.7636
4021 335.66245
4022 327.0401
4023 326.6957
4024 326.62027
4025 325.16748
4026 323.91888
4027 316.134
4028 316.134
4029 316.134
4030 316.134
4031 316.134
4032 316.134
4033 316.134
4034 316.134
4035 316.134
4036 316.134
4037 316.134
4038 316.134
4039 315.6
4040 315.56174
4041 315.42294
4042 315.0
4043 315.0
4044 315.0
4045 315.0
4046 315.0
4047 315.0
4048 315.0
4049 315.0
4050 315.0
4051 315.0
4052 315.0
4053 80.94278
4054 89.70635
4055 72.362366
4056 235.0
4057 219.0
4058 219.0
4059 316.134
4060 144.91536
4061 220.134
4062 219.0
4063 225.66148
4064 220.134
4065 207.47292
4066 205.96336
4067 219.0
4068 66.08592
4069 165.41322
4070 33.662113
4071 219.0
4072 93.44328
4073 109.80102
4074 221.53452
4075 219.0
4076 219.0
4077 164.03127
4078 220.134
4079 315.0
4080 316.134
4081 316.134
4082 219.0
4083 267.52435
4084 315.0
4085 219.0
4086 235.0
4087 219.0
4088 219.0
4089 507.0
4090 219.0
4091 220.134
4092 315.0
4093 3.3192291
4094 142.21886
4095 219.0
4096 116.50203
4097 159.03705
4098 276.0
4099 315.0
4100 219.0
4101 204.69104
4102 219.0
4103 603.6
4104 602.8214
4105 546.48944
4106 513.8372
4107 507.0
4108 507.0
4109 507.0
4110 507.0
4111 507.0
4112 507.0
4113 503.6829
4114 457.0674
4115 436.32776
4116 367.2796
4117 365.43466
4118 354.22653
4119 343.408
4120 339.10983
4121 337.7636
4122 335.66245
4123 327.0401
4124 326.6957
4125 326.62027
4126 325.16748
4127 323.91888
4128 316.134
4129 316.134
4130 316.134
4131 316.134
4132 316.134
4133 316.134
4134 316.134
4135 316.134
4136 316.134
4137 316.134
4138 316.134
4139 316.134
4140 316.134
4141 316.134
4142 316.134
4143 315.6
4144 315.56174
4145 315.42294
4146 315.0
4147 315.0
4148 315.0
4149 315.0
4150 315.0
4151 315.0
4152 315.0
4153 220.134
4154 100.68076
4155 235.0
4156 315.0
4157 235.0
4158 219.0
4159 111.63241
4160 219.0
4161 235.0
4162 153.0371
4163 131.66719
4164 235.0
4165 219.0
4166 225.61462
4167 174.48067
4168 76.58563
4169 290.10242
4170 320.59155
4171 219.0
4172 219.0
4173 291.77618
4174 120.63901
4175 76.892044
4176 44.30383
4177 219.0
4178 220.134
4179 235.0
4180 31.947721
4181 219.0
4182 315.0
4183 322.98483
4184 316.134
4185 124.695496
4186 191.79454
4187 55.027466
4188 316.134
4189 14.503039
4190 220.134
4191 252.75696
4192 219.0
4193 235.0
4194 219.0
4195 219.0
4196 235.0
4197 507.0
4198 219.0
4199 316.134
4200 28.90934
4201 21.159592
4202 276.0
4203 603.6
4204 602.8214
4205 546.48944
4206 513.8372
4207 507.0
4208 507.0
4209 507.0
4210 507.0
4211 507.0
4212 507.0
4213 507.0
4214 503.6829
4215 457.0674
4216 436.32776
4217 367.2796
4218 365.43466
4219 354.22653
4220 343.408
4221 339.10983
4222 337.7636
4223 335.66245
4224 327.0401
4225 326.6957
4226 326.62027
4227 325.16748
4228 323.91888
4229 322.98483
4230 320.59155
4231 316.134
4232 316.134
4233 316.134
4234 316.134
4235 316.134
4236 316.134
4237 316.134
4238 316.134
4239 316.134
4240 316.134
4241 316.134
4242 316.134
4243 316.134
4244 316.134
4245 316.134
4246 316.134
4247 316.134
4248 316.134
4249 315.6
4250 315.56174
4251 315.42294
4252 315.0
4253 125.0901
4254 142.74559
4255 219.0
4256 219.0
4257 151.68588
4258 133.78014
4259 220.134
4260 220.134
4261 315.0
4262 507.0
4263 235.0
4264 307.33905
4265 235.0
4266 315.0
4267 174.5974
4268 176.33415
4269 219.0
4270 138.49257
4271 219.0
4272 219.0
4273 199.00041
4274 30.814438
4275 39.74863
4276 315.0
4277 55.119713
4278 219.0
4279 315.0
4280 28.834476
4281 219.0
4282 8.954499
4283 248.43242
4284 62.768497
4285 219.0
4286 315.0
4287 219.0
4288 235.0
4289 175.09303
4290 0.0
4291 315.0
4292 219.0
4293 219.0
4294 235.0
4295 316.134
4296 219.0
4297 315.0
4298 219.0
4299 219.0
4300 236.134
4301 219.0
4302 220.134
4303 603.6
4304 602.8214
4305 546.48944
4306 513.8372
4307 507.0
4308 507.0
4309 507.0
4310 507.0
4311 507.0
4312 507.0
4313 507.0
4314 507.0
4315 503.6829
4316 457.0674
4317 436.32776
4318 367.2796
4319 365.43466
4320 354.22653
4321 343.408
4322 339.10983
4323 337.7636
4324 335.66245
4325 327.0401
4326 326.6957
4327 326.62027
4328 325.16748
4329 323.91888
4330 322.98483
4331 320.59155
4332 316.134
4333 316.134
4334 316.134
4335 316.134
4336 316.134
4337 316.134
4338 316.134
4339 316.134
4340 316.134
4341 316.134
4342 316.134
4343 316.134
4344 316.134
4345 316.134
4346 316.134
4347 316.134
4348 316.134
4349 316.134
4350 316.134
4351 315.6
4352 315.56174
4353 219.0
4354 219.0
4355 31.999998
4356 486.9065
4357 219.0
4358 258.72668
4359 89.92005
4360 308.14917
4361 235.0
4362 46.732212
4363 220.134
4364 322.98483
4365 374.17218
4366 202.83545
4367 185.93689
4368 191.14491
4369 235.0
4370 219.0
4371 219.0
4372 315.0
4373 274.47827
4374 321.24765
4375 315.0
4376 235.0
4377 16.7449
4378 305.6733
4379 235.0
4380 315.0
4381 219.0
4382 219.0
4383 235.0
4384 219.0
4385 219.0
4386 219.0
4387 219.0
4388 219.0
4389 507.0
4390 315.0
4391 349.91373
4392 316.134
4393 131.31607
4394 103.944244
4395 235.0
4396 235.0
4397 219.0
4398 315.0
4399 315.0
4400 24.251368
4401 219.0
4402 152.6088
4403 603.6
4404 602.8214
4405 546.48944
4406 513.8372
4407 507.0
4408 507.0
4409 507.0
4410 507.0
4411 507.0
4412 507.0
4413 507.0
4414 507.0
4415 507.0
4416 503.6829
4417 486.9065
4418 457.0674
4419 436.32776
4420 374.17218
4421 367.2796
4422 365.43466
4423 354.22653
4424 349.91373
4425 343.408
4426 339.10983
4427 337.7636
4428 335.66245
4429 327.0401
4430 326.6957
4431 326.62027
4432 325.16748
4433 323.91888
4434 322.98483
4435 322.98483
4436 321.24765
4437 320.59155
4438 316.134
4439 316.134
4440 316.134
4441 316.134
4442 316.134
4443 316.134
4444 316.134
4445 316.134
4446 316.134
4447 316.134
4448 316.134
4449 316.134
4450 316.134
4451 316.134
4452 316.134
4453 235.0
4454 141.43184
4455 351.37137
4456 219.0
4457 315.0
4458 219.0
4459 219.0
4460 289.20706
4461 235.0
4462 219.0
4463 31.666151
4464 235.0
4465 71.193954
4466 220.134
4467 219.0
4468 295.14413
4469 220.134
4470 92.48823
4471 219.0
4472 235.0
4473 42.75221
4474 26.574886
4475 73.01439
4476 327.2095
4477 312.93268
4478 208.9197
4479 27.559063
4480 126.13253
4481 45.82138
4482 60.516083
4483 187.0985
4484 254.77184
4485 235.0
4486 68.25539
4487 165.87573
4488 219.0
4489 219.0
4490 315.0
4491 220.134
4492 220.134
4493 235.0
4494 30.338799
4495 315.0
4496 315.0
4497 315.0
4498 37.93876
4499 220.134
4500 219.0
4501 185.94556
4502 219.0
4503 603.6
4504 602.8214
4505 546.48944
4506 513.8372
4507 507.0
4508 507.0
4509 507.0
4510 507.0
4511 507.0
4512 507.0
4513 507.0
4514 507.0
4515 507.0
4516 503.6829
4517 486.9065
4518 457.0674
4519 436.32776
4520 374.17218
4521 367.2796
4522 365.43466
4523 354.22653
4524 351.37137
4525 349.91373
4526 343.408
4527 339.10983
4528 337.7636
4529 335.66245
4530 327.2095
4531 327.0401
4532 326.6957
4533 326.62027
4534 325.16748
4535 323.91888
4536 322.98483
4537 322.98483
4538 321.24765
4539 320.59155
4540 316.134
4541 316.134
4542 316.134
4543 316.134
4544 316.134
4545 316.134
4546 316.134
4547 316.134
4548 316.134
4549 316.134
4550 316.134
4551 316.134
4552 316.134
4553 52.57804
4554 198.75249
4555 219.0
4556 235.0
4557 219.0
4558 219.0
4559 235.0
4560 219.0
4561 235.0
4562 191.05905
4563 219.0
4564 39.3617
4565 122.59887
4566 219.0
4567 219.0
4568 235.0
4569 153.11635
4570 219.0
4571 219.0
4572 234.4
4573 235.0
4574 79.362946
4575 332.75705
4576 220.134
4577 273.143
4578 235.0
4579 168.04218
4580 330.46436
4581 14.299643
4582 44.761765
4583 220.134
4584 55.023354
4585 235.0
4586 219.0
4587 253.0408
4588 42.854958
4589 315.0
4590 315.0
4591 315.0
4592 256.55243
4593 219.0
4594 220.134
4595 315.0
4596 219.0
4597 219.44589
4598 316.134
4599 305.05093
4600 219.0
4601 219.0
4602 235.0
4603 603.6
4604 602.8214
4605 546.48944
4606 513.8372
4607 507.0
4608 507.0
4609 507.0
4610 507.0
4611 507.0
4612 507.0
4613 507.0
4614 507.0
4615 507.0
4616 503.6829
4617 486.9065
4618 457.0674
4619 436.32776
4620 374.17218
4621 367.2796
4622 365.43466
4623 354.22653
4624 351.37137
4625 349.91373
4626 343.408
4627 339.10983
4628 337.7636
4629 335.66245
4630 332.75705
4631 330.46436
4632 327.2095
4633 327.0401
4634 326.6957
4635 326.62027
4636 325.16748
4637 323.91888
4638 322.98483
4639 322.98483
4640 321.24765
4641 320.59155
4642 316.134
4643 316.134
4644 316.134
4645 316.134
4646 316.134
4647 316.134
4648 316.134
4649 316.134
4650 316.134
4651 316.134
4652 316.134
4653 220.134
4654 95.681145
4655 38.973957
4656 219.0
4657 172.67049
4658 220.134
4659 235.0
4660 372.4153
4661 219.0
4662 507.0
4663 26.414524
4664 219.0
4665 226.9577
4666 315.0
4667 276.0
4668 235.0
4669 190.07707
4670 235.0
4671 202.23851
4672 235.0
4673 219.0
4674 48.763264
4675 136.25758
4676 219.0
4677 143.77296
4678 219.0
4679 214.54646
4680 33.068
4681 219.0
4682 137.01555
4683 101.321396
4684 74.04961
4685 21.38365
4686 108.42296
4687 235.0
4688 315.0
4689 174.84158
4690 315.0
4691 219.0
4692 219.0
4693 219.0
4694 315.0
4695 219.0
4696 219.0
4697 219.0
4698 220.134
4699 219.0
4700 220.134
4701 220.134
4702 170.09105
4703 603.6
4704 602.8214
4705 546.48944
4706 513.8372
4707 507.0
4708 507.0
4709 507.0
4710 507.0
4711 507.0
4712 507.0
4713 507.0
4714 507.0
4715 507.0
4716 507.0
4717 503.6829
4718 486.9065
4719 457.0674
4720 436.32776
4721 374.17218
4722 372.4153
4723 367.2796
4724 365.43466
4725 354.22653
4726 351.37137
4727 349.91373
4728 343.408
4729 339.10983
4730 337.7636
4731 335.66245
4732 332.75705
4733 330.46436
4734 327.2095
4735 327.0401
4736 326.6957
4737 326.62027
4738 325.16748
4739 323.91888
4740 322.98483
4741 322.98483
4742 321.24765
4743 320.59155
4744 316.134
4745 316.134
4746 316.134
4747 316.134
4748 316.134
4749 316.134
4750 316.134
4751 316.134
4752 316.134
4753 131.06332
4754 102.60523
4755 26.565756
4756 219.0
4757 219.99326
4758 572.13544
4759 50.654633
4760 235.0
4761 141.60359
4762 49.44633
4763 220.134
4764 219.0
4765 278.07407
4766 233.866
4767 236.134
4768 220.134
4769 201.96342
4770 199.91801
4771 315.0
4772 153.13138
4773 176.3349
4774 235.0
4775 235.0
4776 219.0
4777 128.08298
4778 131.00655
4779 311.2092
4780 236.134
4781 35.877254
4782 141.10867
4783 235.0
4784 233.866
4785 146.11646
4786 219.0
4787 65.550095
4788 315.0
4789 315.0
4790 219.0
4791 235.0
4792 56.306107
4793 144.21811
4794 228.38538
4795 315.0
4796 219.0
4797 315.0
4798 244.7564
4799 39.283314
4800 220.134
4801 220.134
4802 315.0
4803 603.6
4804 602.8214
4805 572.13544
4806 546.48944
4807 513.8372
4808 507.0
4809 507.0
4810 507.0
4811 507.0
4812 507.0
4813 507.0
4814 507.0
4815 507.0
4816 507.0
4817 507.0
4818 503.6829
4819 486.9065
4820 457.0674
4821 436.32776
4822 374.17218
4823 372.4153
4824 367.2796
4825 365.43466
4826 354.22653
4827 351.37137
4828 349.91373
4829 343.408
4830 339.10983
4831 337.7636
4832 335.66245
4833 332.75705
4834 330.46436
4835 327.2095
4836 327.0401
4837 326.6957
4838 326.62027
4839 325.16748
4840 323.91888
4841 322.98483
4842 322.98483
4843 321.24765
4844 320.59155
4845 316.134
4846 316.134
4847 316.134
4848 316.134
4849 316.134
4850 316.134
4851 316.134
4852 316.134
4853 60.637394
4854 80.450615
4855 219.0
4856 82.072365
4857 220.134
4858 477.49612
4859 270.5078
4860 236.134
4861 235.0
4862 77.0402
4863 21.19188
4864 219.0
4865 219.0
4866 38.609024
4867 219.0
4868 299.18756
4869 299.8347
4870 219.0
4871 190.30699
4872 235.0
4873 280.04187
4874 219.0
4875 219.0
4876 235.0
4877 219.0
4878 133.62253
4879 206.80682
4880 26.325779
4881 139.93056
4882 110.04865
4883 219.0
4884 287.7924
4885 292.08002
4886 219.0
4887 21.099607
4888 28.723022
4889 74.429565
4890 205.45323
4891 235.0
4892 323.24457
4893 38.54863
4894 159.344
4895 266.7615
4896 316.134
4897 219.0
4898 315.0
4899 126.28657
4900 219.0
4901 300.53897
4902 219.0
4903 603.6
4904 602.8214
4905 572.13544
4906 546.48944
4907 513.8372
4908 507.0
4909 507.0
4910 507.0
4911 507.0
4912 507.0
4913 507.0
4914 507.0
4915 507.0
4916 507.0
4917 507.0
4918 503.6829
4919 486.9065
4920 477.49612
4921 457.0674
4922 436.32776
4923 374.17218
4924 372.4153
4925 367.2796
4926 365.43466
4927 354.22653
4928 351.37137
4929 349.91373
4930 343.408
4931 339.10983
4932 337.7636
4933 335.66245
4934 332.75705
4935 330.46436
4936 327.2095
4937 327.0401
4938 326.6957
4939 326.62027
4940 325.16748
4941 323.91888
4942 323.24457
4943 322.98483
4944 322.98483
4945 321.24765
4946 320.59155
4947 316.134
4948 316.134
4949 316.134
4950 316.134
4951 316.134
4952 316.134
4953 219.0
4954 219.0
4955 507.0
4956 235.0
4957 1.9540639
4958 219.0
4959 219.0
4960 235.0
4961 219.0
4962 148.3477
4963 219.0
4964 219.0
4965 219.0
4966 34.267998
4967 236.134
4968 308.38538
4969 293.64954
4970 219.0
4971 225.61462
4972 235.0
4973 220.134
4974 196.72179
4975 213.13011
4976 235.0
4977 219.0
4978 164.27303
4979 235.0
4980 223.85217
4981 236.134
4982 187.71939
4983 258.2173
4984 315.0
4985 315.0
4986 315.0
4987 100.576225
4988 43.498383
4989 9.104518
4990 219.0
4991 235.0
4992 219.0
4993 315.0
4994 147.97372
4995 51.559845
4996 58.65045
4997 219.0
4998 61.15358
4999 268.7001
5000 267.52444
5001 182.45222
5002 316.134
5003 603.6
5004 602.8214
5005 572.13544
5006 546.48944
5007 513.8372
5008 507.0
5009 507.0
5010 507.0
5011 507.0
5012 507.0
5013 507.0
5014 507.0
5015 507.0
5016 507.0
5017 507.0
5018 507.0
5019 503.6829
5020 486.9065
5021 477.49612
5022 457.0674
5023 436.32776
5024 374.17218
5025 372.4153
5026 367.2796
5027 365.43466
5028 354.22653
5029 351.37137
5030 349.91373
5031 343.408
5032 339.10983
5033 337.7636
5034 335.66245
5035 332.75705
5036 330.46436
5037 327.2095
5038 327.0401
5039 326.6957
5040 326.62027
5041 325.16748
5042 323.91888
5043 323.24457
5044 322.98483
5045 322.98483
5046 321.24765
5047 320.59155
5048 316.134
5049 316.134
5050 316.134
5051 316.134
5052 316.134
5053 219.0
5054 149.34149
5055 315.0
5056 191.35349
5057 498.3366
5058 219.0
5059 219.0
5060 322.51855
5061 219.0
5062 44.421944
5063 220.134
5064 219.0
5065 315.0
5066 315.0
5067 235.0
5068 235.0
5069 219.0
5070 467.73196
5071 235.0
5072 220.134
5073 219.0
5074 276.0
5075 142.05411
5076 142.15457
5077 315.0
5078 507.0
5079 219.0
5080 219.0
5081 219.0
5082 144.10558
5083 45.600445
5084 233.23631
5085 507.0
5086 160.42491
5087 315.0
5088 254.34529
5089 219.0
5090 235.0
5091 219.0
5092 235.0
5093 321.0507
5094 315.0
5095 219.0
5096 175.81494
5097 66.33395
5098 315.0
5099 219.0
5100 220.134
5101 259.81726
5102 316.134
5103 603.6
5104 602.8214
5105 572.13544
5106 546.48944
5107 513.8372
5108 507.0
5109 507.0
5110 507.0
5111 507.0
5112 507.0
5113 507.0
5114 507.0
5115 507.0
5116 507.0
5117 507.0
5118 507.0
5119 507.0
5120 507.0
5121 503.6829
5122 498.3366
5123 486.9065
5124 477.49612
5125 467.73196
5126 457.0674
5127 436.32776
5128 374.17218
5129 372.4153
5130 367.2796
5131 365.43466
5132 354.22653
5133 351.37137
5134 349.91373
5135 343.408
5136 339.10983
5137 337.7636
5138 335.66245
5139 332.75705
5140 330.46436
5141 327.2095
5142 327.0401
5143 326.6957
5144 326.62027
5145 325.16748
5146 323.91888
5147 323.24457
5148 322.98483
5149 322.98483
5150 322.51855
5151 321.24765
5152 321.0507
5153 220.134
5154 219.0
5155 235.0
5156 235.0
5157 235.0
5158 315.0
5159 315.0
5160 210.81439
5161 427.09586
5162 477.8666
5163 219.0
5164 235.0
5165 219.0
5166 276.0
5167 235.90755
5168 116.6002
5169 219.0
5170 235.0
5171 219.0
5172 315.0
5173 219.0
5174 219.0
5175 308.14917
5176 219.0
5177 235.0
5178 313.866
5179 200.61668
5180 137.75452
5181 143.45198
5182 139.73087
5183 235.0
5184 149.44666
5185 219.0
5186 97.017136
5187 236.134
5188 175.20816
5189 165.39801
5190 151.19528
5191 219.0
5192 327.92477
5193 301.90265
5194 66.41513
5195 219.0
5196 235.0
5197 219.0
5198 219.0
5199 235.0
5200 235.0
5201 50.485863
5202 301.6423
5203 603.6
5204 602.8214
5205 572.13544
5206 546.48944
5207 513.8372
5208 507.0
5209 507.0
5210 507.0
5211 507.0
5212 507.0
5213 507.0
5214 507.0
5215 507.0
5216 507.0
5217 507.0
5218 507.0
5219 507.0
5220 507.0
5221 503.6829
5222 498.3366
5223 486.9065
5224 477.8666
5225 477.49612
5226 467.73196
5227 457.0674
5228 436.32776
5229 427.09586
5230 374.17218
5231 372.4153
5232 367.2796
5233 365.43466
5234 354.22653
5235 351.37137
5236 349.91373
5237 343.408
5238 339.10983
5239 337.7636
5240 335.66245
5241 332.75705
5242 330.46436
5243 327.92477
5244 327.2095
5245 327.0401
5246 326.6957
5247 326.62027
5248 325.16748
5249 323.91888
5250 323.24457
5251 322.98483
5252 322.98483
5253 219.0
5254 191.1623
5255 315.0
5256 235.0
5257 315.0
5258 235.0
5259 113.12752
5260 220.134
5261 38.01463
5262 107.76983
5263 336.11978
5264 235.0
5265 402.04596
5266 188.98941
5267 44.844925
5268 219.0
5269 219.0
5270 135.67609
5271 219.0
5272 235.0
5273 10.091344
5274 219.0
5275 219.0
5276 308.41455
5277 235.0
5278 159.37863
5279 235.0
5280 219.0
5281 269.38565
5282 157.63928
5283 236.134
5284 44.089462
5285 219.0
5286 219.0
5287 315.0
5288 217.71413
5289 235.0
5290 44.042984
5291 25.50284
5292 280.09167
5293 315.0
5294 236.134
5295 26.981255
5296 219.0
5297 220.134
5298 219.0
5299 315.0
5300 316.134
5301 235.0
5302 256.7822
5303 603.6
5304 602.8214
5305 572.13544
5306 546.48944
5307 513.8372
5308 507.0
5309 507.0
5310 507.0
5311 507.0
5312 507.0
5313 507.0
5314 507.0
5315 507.0
5316 507.0
5317 507.0
5318 507.0
5319 507.0
5320 507.0
5321 503.6829
5322 498.3366
5323 486.9065
5324 477.8666
5325 477.49612
5326 467.73196
5327 457.0674
5328 436.32776
5329 427.09586
5330 402.04596
5331 374.17218
5332 372.4153
5333 367.2796
5334 365.43466
5335 354.22653
5336 351.37137
5337 349.91373
5338 343.408
5339 339.10983
5340 337.7636
5341 336.11978
5342 335.66245
5343 332.75705
5344 330.46436
5345 327.92477
5346 327.2095
5347 327.0401
5348 326.6957
5349 326.62027
5350 325.16748
5351 323.91888
5352 323.24457
5353 220.134
5354 190.2812
5355 219.0
5356 220.134
5357 207.35938
5358 316.134
5359 131.98425
5360 219.0
5361 302.91675
5362 219.0
5363 219.0
5364 41.019142
5365 158.43845
5366 507.0
5367 65.91174
5368 219.0
5369 476.6806
5370 156.22543
5371 117.97191
5372 219.0
5373 219.0
5374 166.13925
5375 225.25577
5376 315.0
5377 223.35347
5378 235.0
5379 143.51207
5380 452.0
5381 235.0
5382 315.0
5383 383.51175
5384 235.0
5385 603.0
5386 42.82926
5387 21.65545
5388 332.0933
5389 127.29079
5390 179.25261
5391 220.134
5392 129.73679
5393 232.27562
5394 315.0
5395 8.968349
5396 171.92162
5397 75.6839
5398 39.85467
5399 142.36816
5400 219.0
5401 223.96474
5402 305.1824
5403 603.6
5404 603.0
5405 602.8214
5406 572.13544
5407 546.48944
5408 513.8372
5409 507.0
5410 507.0
5411 507.0
5412 507.0
5413 507.0
5414 507.0
5415 507.0
5416 507.0
5417 507.0
5418 507.0
5419 507.0
5420 507.0
5421 507.0
5422 507.0
5423 503.6829
5424 498.3366
5425 486.9065
5426 477.8666
5427 477.49612
5428 476.6806
5429 467.73196
5430 457.0674
5431 452.0
5432 436.32776
5433 427.09586
5434 402.04596
5435 383.51175
5436 374.17218
5437 372.4153
5438 367.2796
5439 365.43466
5440 354.22653
5441 351.37137
5442 349.91373
5443 343.408
5444 339.10983
5445 337.7636
5446 336.11978
5447 335.66245
5448 332.75705
5449 332.0933
5450 330.46436
5451 327.92477
5452 327.2095
5453 219.0
5454 346.10394
5455 219.0
5456 344.6638
5457 42.254955
5458 220.134
5459 220.134
5460 276.0
5461 106.04329
5462 235.0
5463 279.20435
5464 51.019863
5465 219.0
5466 188.6469
5467 316.134
5468 220.134
5469 235.0
5470 235.0
5471 191.82526
5472 235.0
5473 294.53638
5474 276.0
5475 315.0
5476 219.0
5477 219.0
5478 236.134
5479 474.0564
5480 235.0
5481 191.26872
5482 190.39772
5483 146.0165
5484 333.2174
5485 235.0
5486 220.134
5487 280.28314
5488 235.0
5489 51.495125
5490 96.09899
5491 219.0
5492 191.50677
5493 219.0
5494 169.29756
5495 219.0
5496 53.067993
5497 17.541138
5498 138.80566
5499 315.0
5500 235.0
5501 219.0
5502 315.0
5503 603.6
5504 603.0
5505 602.8214
5506 572.13544
5507 546.48944
5508 513.8372
5509 507.0
5510 507.0
5511 507.0
5512 507.0
5513 507.0
5514 507.0
5515 507.0
5516 507.0
5517 507.0
5518 507.0
5519 507.0
5520 507.0
5521 507.0
5522 507.0
5523 503.6829
5524 498.3366
5525 486.9065
5526 477.8666
5527 477.49612
5528 476.6806
5529 474.0564
5530 467.73196
5531 457.0674
5532 452.0
5533 436.32776
5534 427.09586
5535 402.04596
5536 383.51175
5537 374.17218
5538 372.4153
5539 367.2796
5540 365.43466
5541 354.22653
5542 351.37137
5543 349.91373
5544 346.10394
5545 344.6638
5546 343.408
5547 339.10983
5548 337.7636
5549 336.11978
5550 335.66245
5551 333.2174
5552 332.75705
5553 72.08957
5554 97.622505
5555 282.9237
5556 328.43768
5557 219.0
5558 315.0
5559 235.0
5560 44.484055
5561 219.0
5562 162.48262
5563 199.95912
5564 219.0
5565 69.82873
5566 219.0
5567 452.0
5568 235.0
5569 44.596928
5570 219.0
5571 235.0
5572 219.0
5573 505.81375
5574 219.0
5575 219.0
5576 160.65929
5577 219.0
5578 315.0
5579 235.0
5580 518.18353
5581 236.134
5582 220.134
5583 130.72305
5584 219.0
5585 84.23348
5586 235.0
5587 220.134
5588 190.52473
5589 218.67345
5590 170.46642
5591 95.458466
