1 27.647478
2 36.775497
3 0.0
4 60.28701
5 34.084522
6 3.4254258
7 0.0
8 14.637416
9 25.909935
10 0.0
11 33.20358
12 6.7539415
13 8.8996935
14 0.0
15 0.0
16 34.20926
17 60.34053
18 34.930485
19 173.96956
20 132.41953
21 39.924896
22 144.36212
23 127.8158
24 32.475258
25 0.0
26 36.65428
27 43.015102
28 213.0586
29 25.480564
30 30.541826
31 147.9323
32 47.626465
33 0.0
34 140.18213
35 1.7882729
36 46.899586
37 47.62389
38 0.0
39 57.169113
40 27.65337
41 89.11156
42 54.84763
43 34.920277
44 55.900497
45 44.25539
46 40.458893
47 30.866
48 26.519367
49 0.0
50 29.731998
51 0.0
52 220.134
53 0.0
54 0.0
55 65.81713
56 39.74863
57 24.244522
58 28.722738
59 0.0
60 0.0
61 0.0
62 29.731998
63 28.749811
64 28.464443
65 2.672957
66 30.866
67 27.748564
68 24.252125
69 14.479365
70 30.8
71 138.94905
72 0.0
73 30.800001
74 109.66237
75 38.817677
76 0.0
77 169.70276
78 49.718082
79 25.414562
80 39.74863
81 41.357887
82 23.831623
83 36.131367
84 39.74863
85 29.731998
86 34.334
87 51.83804
88 12.396839
89 20.049753
90 36.91989
91 166.97617
92 0.0
93 54.874138
94 28.24748
95 15.7316065
96 40.539806
97 57.906124
98 122.838974
99 0.0
100 13.152721
101 220.134
102 213.0586
103 173.96956
104 169.70276
105 166.97617
106 147.9323
107 144.36212
108 140.18213
109 138.94905
110 132.41953
111 127.8158
112 122.838974
113 109.66237
114 89.11156
115 65.81713
116 60.34053
117 60.28701
118 57.906124
119 57.169113
120 55.900497
121 54.874138
122 54.84763
123 51.83804
124 49.718082
125 47.626465
126 47.62389
127 46.899586
128 44.25539
129 43.015102
130 41.357887
131 40.539806
132 40.458893
133 39.924896
134 39.74863
135 39.74863
136 39.74863
137 38.817677
138 36.91989
139 36.775497
140 36.65428
141 36.131367
142 34.930485
143 34.920277
144 34.334
145 34.20926
146 34.084522
147 33.20358
148 32.475258
149 30.866
150 30.866
151 219.0
152 99.368645
153 18.877048
154 48.868862
155 127.38886
156 32.0
157 7.148901
158 219.0
159 0.0
160 65.931015
161 235.0
162 18.541761
163 85.2031
164 50.720634
165 52.462738
166 2.7432601
167 63.718277
168 141.61148
169 219.0
170 0.0
171 98.543144
172 36.280632
173 110.47031
174 81.97971
175 20.025497
176 34.97313
177 220.134
178 36.28748
179 33.9332
180 15.577028
181 0.0
182 25.164087
183 0.0
184 105.107956
185 31.934002
186 25.149174
187 0.0
188 0.0
189 56.09656
190 28.424498
191 24.251366
192 3.5536706
193 141.4733
194 27.009481
195 70.431786
196 38.61463
197 15.407962
198 76.87131
199 24.218569
200 28.434563
201 235.0
202 220.134
203 220.134
204 219.0
205 219.0
206 219.0
207 213.0586
208 173.96956
209 169.70276
210 166.97617
211 147.9323
212 144.36212
213 141.61148
214 141.4733
215 140.18213
216 138.94905
217 132.41953
218 127.8158
219 127.38886
220 122.838974
221 110.47031
222 109.66237
223 105.107956
224 99.368645
225 98.543144
226 89.11156
227 85.2031
228 81.97971
229 76.87131
230 70.431786
231 65.931015
232 65.81713
233 63.718277
234 60.34053
235 60.28701
236 57.906124
237 57.169113
238 56.09656
239 55.900497
240 54.874138
241 54.84763
242 52.462738
243 51.83804
244 50.720634
245 49.718082
246 48.868862
247 47.626465
248 47.62389
249 46.899586
250 44.25539
251 60.427998
252 185.47458
253 33.654278
254 6.926359
255 219.0
256 156.57999
257 0.0
258 17.64352
259 14.714138
260 71.37931
261 25.220459
262 49.636093
263 90.63609
264 56.356167
265 152.80342
266 37.94665
267 50.03319
268 45.33952
269 219.0
270 99.77179
271 82.603775
272 25.385368
273 23.707422
274 36.15017
275 49.591755
276 12.369625
277 101.60436
278 42.016632
279 14.714138
280 95.80228
281 76.70773
282 37.746204
283 55.096104
284 61.648174
285 30.81372
286 27.550371
287 56.2897
288 52.776176
289 133.74689
290 72.303444
291 33.269714
292 78.73662
293 36.37114
294 60.636948
295 30.81372
296 28.781479
297 37.650826
298 0.0
299 0.0
300 0.0
301 235.0
302 220.134
303 220.134
304 219.0
305 219.0
306 219.0
307 219.0
308 219.0
309 213.0586
310 185.47458
311 173.96956
312 169.70276
313 166.97617
314 156.57999
315 152.80342
316 147.9323
317 144.36212
318 141.61148
319 141.4733
320 140.18213
321 138.94905
322 133.74689
323 132.41953
324 127.8158
325 127.38886
326 122.838974
327 110.47031
328 109.66237
329 105.107956
330 101.60436
331 99.77179
332 99.368645
333 98.543144
334 95.80228
335 90.63609
336 89.11156
337 85.2031
338 82.603775
339 81.97971
340 78.73662
341 76.87131
342 76.70773
343 72.303444
344 71.37931
345 70.431786
346 65.931015
347 65.81713
348 63.718277
349 61.648174
350 60.636948
351 174.08011
352 24.838686
353 150.06331
354 193.8909
355 207.74005
356 45.596725
357 0.0
358 219.0
359 41.548336
360 219.0
361 39.821255
362 66.842476
363 169.44542
364 30.866
365 105.784615
366 24.958435
367 198.48466
368 31.209259
369 32.16951
370 17.860268
371 219.0
372 201.34787
373 60.324516
374 231.36426
375 54.850525
376 0.0
377 0.0
378 8.727935
379 0.0
380 30.866
381 29.731998
382 0.0
383 51.86693
384 39.42043
385 78.80356
386 0.0
387 27.348335
388 108.34869
389 39.582092
390 79.64226
391 33.186275
392 121.87591
393 49.40622
394 41.833153
395 124.77868
396 73.928474
397 66.013275
398 37.027214
399 60.585297
400 14.479365
401 235.0
402 231.36426
403 220.134
404 220.134
405 219.0
406 219.0
407 219.0
408 219.0
409 219.0
410 219.0
411 219.0
412 219.0
413 213.0586
414 207.74005
415 201.34787
416 198.48466
417 193.8909
418 185.47458
419 174.08011
420 173.96956
421 169.70276
422 169.44542
423 166.97617
424 156.57999
425 152.80342
426 150.06331
427 147.9323
428 144.36212
429 141.61148
430 141.4733
431 140.18213
432 138.94905
433 133.74689
434 132.41953
435 127.8158
436 127.38886
437 124.77868
438 122.838974
439 121.87591
440 110.47031
441 109.66237
442 108.34869
443 105.784615
444 105.107956
445 101.60436
446 99.77179
447 99.368645
448 98.543144
449 95.80228
450 90.63609
451 114.76875
452 14.418613
453 60.356735
454 132.31273
455 219.0
456 95.456955
457 0.0
458 149.99886
459 24.007204
460 54.574516
461 219.0
462 117.683
463 239.71634
464 186.07883
465 127.063545
466 0.0
467 142.40901
468 220.134
469 127.500656
470 0.0
471 235.0
472 44.00118
473 235.0
474 64.88453
475 136.22827
476 219.0
477 153.14636
478 167.1294
479 220.134
480 0.0
481 166.24857
482 25.156567
483 130.47359
484 31.4
485 28.3677
486 41.42389
487 236.134
488 76.59723
489 29.299568
490 165.40427
491 98.48906
492 94.19147
493 125.3418
494 196.23077
495 162.3387
496 103.04799
497 121.32665
498 39.85931
499 219.0
500 219.0
501 239.71634
502 236.134
503 235.0
504 235.0
505 235.0
506 231.36426
507 220.134
508 220.134
509 220.134
510 220.134
511 219.0
512 219.0
513 219.0
514 219.0
515 219.0
516 219.0
517 219.0
518 219.0
519 219.0
520 219.0
521 219.0
522 219.0
523 219.0
524 213.0586
525 207.74005
526 201.34787
527 198.48466
528 196.23077
529 193.8909
530 186.07883
531 185.47458
532 174.08011
533 173.96956
534 169.70276
535 169.44542
536 167.1294
537 166.97617
538 166.24857
539 165.40427
540 162.3387
541 156.57999
542 153.14636
543 152.80342
544 150.06331
545 149.99886
546 147.9323
547 144.36212
548 142.40901
549 141.61148
550 141.4733
551 10.124169
552 128.92905
553 0.0
554 235.0
555 181.72853
556 37.54663
557 77.39785
558 144.09618
559 26.245808
560 219.0
561 219.0
562 219.0
563 33.733997
564 155.47401
565 0.0
566 94.06624
567 213.82326
568 29.94463
569 144.89897
