1 24.251366
2 17.285864
3 142.3778
4 38.61463
5 87.60242
6 6.6146307
7 33.965717
8 0.0
9 219.0
10 207.31854
11 219.0
12 33.134
13 147.62897
14 22.961687
15 33.134
16 213.31175
17 0.0
18 78.05954
19 0.0
20 0.0
21 0.0
22 147.62897
23 0.0
24 14.714138
25 0.0
26 0.0
27 30.866
28 50.751774
29 196.97707
30 235.0
31 20.978533
32 104.24769
33 75.86771
34 169.6173
35 32.0
36 46.251675
37 235.0
38 49.285866
39 219.0
40 32.0
41 32.0
42 17.285864
43 191.22768
44 48.877384
45 164.91057
46 25.385368
47 197.32072
48 220.134
49 219.0
50 24.199091
51 0.0
52 2.2680001
53 0.0
54 38.61463
55 45.229263
56 235.0
57 219.0
58 32.0
59 93.37531
60 14.714136
61 0.0
62 219.0
63 93.37531
64 202.21172
65 38.61463
66 202.18022
67 109.66053
68 38.61463
69 26.608065
70 17.411842
71 33.134
72 147.62897
73 6.8238344
74 0.0
75 0.0
76 25.385368
77 30.866
78 60.193043
79 177.12198
80 219.0
81 0.0
82 0.0
83 0.0
84 104.055595
85 32.54011
86 44.05152
87 18.770737
88 218.22958
89 219.0
90 220.134
91 0.0
92 50.8192
93 25.385368
94 0.0
95 0.0
96 0.0
97 32.0
98 197.31949
99 57.21274
100 32.0
101 235.0
102 235.0
103 235.0
104 220.134
105 220.134
106 219.0
107 219.0
108 219.0
109 219.0
110 219.0
111 219.0
112 219.0
113 219.0
114 218.22958
115 213.31175
116 207.31854
117 202.21172
118 202.18022
119 197.32072
120 197.31949
121 196.97707
122 191.22768
123 177.12198
124 169.6173
125 164.91057
126 147.62897
127 147.62897
128 147.62897
129 142.3778
130 109.66053
131 104.24769
132 104.055595
133 93.37531
134 93.37531
135 87.60242
136 78.05954
137 75.86771
138 60.193043
139 57.21274
140 50.8192
141 50.751774
142 49.285866
143 48.877384
144 46.251675
145 45.229263
146 44.05152
147 38.61463
148 38.61463
149 38.61463
150 38.61463
151 6.730735
152 315.0
153 103.940704
154 34.268
155 180.51962
156 125.68336
157 142.71834
158 236.134
159 0.0
160 217.58401
161 216.27615
162 219.0
163 235.0
164 236.134
165 30.866
166 82.436714
167 218.37195
168 26.283175
169 236.134
170 0.0
171 19.69634
172 185.7721
173 235.0
174 147.62895
175 191.58258
176 32.0
177 32.0
178 25.385368
179 32.0
180 163.86197
181 6.6146307
182 34.267998
183 142.16634
184 219.0
185 30.866
186 89.99151
187 0.0
188 142.41978
189 217.4907
190 0.0
191 207.58849
192 32.0
193 44.155464
194 220.134
195 6.6146307
196 236.134
197 30.866
198 71.16245
199 2.2680001
200 70.11451
